straat,plaats,oppervlakte_kamer,oppervlakte_subtitel,prijs,gas_water_licht,opleverniveau,beschikbaarheid,publicatiedatum,kamers_url,woningdetails,html
Lessinglaan,in Utrecht,22 m,,â‚¬ 875,p/m | incl. g/w/e,Gemeubileerd,01-10-2021,15 uur geleden geplaatst,https://kamernet.nl/huren/studio-utrecht/lessinglaan/studio-1984664,"{'Woonkamer': ' Eigen ', 'Keuken': ' Eigen ', 'Badkamer': ' Eigen ', 'Toilet': ' Eigen ', 'Internet': ' Ja ', 'Energielabel': ' Onbekend ', 'Huisdieren': ' Nee '}",
Ekangala,in Amsterdam,15 m,,â‚¬ 650,p/m | incl. g/w/e,Gemeubileerd,01-09-2021,15 uur geleden geplaatst,https://kamernet.nl/huren/kamer-amsterdam/ekangala/kamer-1984638,"{'Woonkamer': ' Gedeeld ', 'Keuken': ' Gedeeld ', 'Badkamer': ' Gedeeld ', 'Toilet': ' Gedeeld ', 'Internet': ' Ja ', 'Energielabel': ' Onbekend ', 'Huisgenoten': '  5 ', 'Geslacht': ' Vrouw ', 'Huisdieren': ' Nee '}",
Bredalaan,in Eindhoven,35 m,,â‚¬ 685,p/m | incl. g/w/e,Kaal,01-10-2021,15 uur geleden geplaatst,https://kamernet.nl/huren/kamer-eindhoven/bredalaan/kamer-1984694,"{'Woonkamer': ' Eigen ', 'Keuken': ' Eigen ', 'Badkamer': ' Gedeeld ', 'Toilet': ' Gedeeld ', 'Internet': ' Ja ', 'Energielabel': ' Onbekend ', 'Huisgenoten': '  2 ', 'Geslacht': ' Vrouw ', 'Huisdieren': ' Nee '}",
Ahuislanden,in Enschede,8 m,Totale oppervlakte: 120 m 2,â‚¬ 365,p/m | incl. g/w/e,Gestoffeerd,01-09-2021,15 uur geleden geplaatst,https://kamernet.nl/huren/kamer-enschede/ahuislanden/kamer-1984639,"{'Woonkamer': ' Gedeeld ', 'Keuken': ' Gedeeld ', 'Badkamer': ' Gedeeld ', 'Toilet': ' Gedeeld ', 'Internet': ' Ja ', 'Energielabel': ' Onbekend ', 'Huisgenoten': '  3 ', 'Geslacht': ' Man ', 'Huisdieren': ' Nee '}",
Ondiep,in Utrecht,14 m,Totale oppervlakte: 65 m 2,â‚¬ 800,p/m | incl. g/w/e,Gemeubileerd,01-10-2021,15 uur geleden geplaatst,https://kamernet.nl/huren/kamer-utrecht/ondiep/kamer-1984690,"{'Woonkamer': ' Gedeeld ', 'Keuken': ' Gedeeld ', 'Badkamer': ' Gedeeld ', 'Toilet': ' Gedeeld ', 'Internet': ' Ja ', 'Energielabel': ' C ', 'Huisgenoten': '  1 ', 'Geslacht': ' Man ', 'Huisdieren': ' Nee '}",
Verlengde Statenlaan,in Den Bosch,75 m,Totaal 2 kamers,â‚¬ 1250,p/m | excl. g/w/e,Gestoffeerd,01-11-2021,Gisteren geplaatst,https://kamernet.nl/huren/appartement-den-bosch/verlengde-statenlaan/appartement-1984508,"{'Woonkamer': ' Onbekend ', 'Keuken': ' Onbekend ', 'Badkamer': ' Onbekend ', 'Toilet': ' Onbekend ', 'Internet': ' Onbekend ', 'Energielabel': ' Onbekend ', 'Huisdieren': ' Nee '}",
Welnastraat,in Amsterdam,28 m,,â‚¬ 1250,p/m | excl. g/w/e,Gemeubileerd,01-09-2021,Gisteren geplaatst,https://kamernet.nl/huren/studio-amsterdam/welnastraat/studio-1984510,"{'Woonkamer': ' Onbekend ', 'Keuken': ' Onbekend ', 'Badkamer': ' Onbekend ', 'Toilet': ' Onbekend ', 'Internet': ' Ja ', 'Energielabel': ' Onbekend ', 'Huisdieren': ' Nee '}",
Stromarkt,in Deventer,100 m,Totaal 1 kamer (1 slaapkamer) ,â‚¬ 1075,p/m | excl. g/w/e,Gestoffeerd,01-09-2021,23 uur geleden geplaatst,https://kamernet.nl/huren/appartement-deventer/stromarkt/appartement-1984552,"{'Woonkamer': ' Eigen ', 'Keuken': ' Eigen ', 'Badkamer': ' Eigen ', 'Toilet': ' Eigen ', 'Internet': ' Ja ', 'Energielabel': ' Onbekend ', 'Huisdieren': ' Nee '}",
Korfoedreef,in Utrecht,16 m,,â‚¬ 650,p/m | incl. g/w/e,Kaal,15-09-2021,2 dagen geleden geplaatst,https://kamernet.nl/huren/kamer-utrecht/korfoedreef/kamer-1984356,"{'Woonkamer': ' Gedeeld ', 'Keuken': ' Gedeeld ', 'Badkamer': ' Gedeeld ', 'Toilet': ' Gedeeld ', 'Internet': ' Ja ', 'Energielabel': ' Onbekend ', 'Huisgenoten': '  1 ', 'Geslacht': ' Man ', 'Huisdieren': ' Nee '}",
Wijngaardplein,in Eindhoven,109 m,Totaal 5 kamers,â‚¬ 1300,p/m | excl. g/w/e,Onbekend,31-08-2021,2 dagen geleden geplaatst,https://kamernet.nl/huren/appartement-eindhoven/wijngaardplein/appartement-1984203,"{'Woonkamer': ' Onbekend ', 'Keuken': ' Onbekend ', 'Badkamer': ' Onbekend ', 'Toilet': ' Onbekend ', 'Internet': ' Onbekend ', 'Energielabel': ' Onbekend ', 'Huisdieren': ' In overleg '}",
Elzenstraat,in Tilburg,22 m,,â‚¬ 475,p/m | incl. g/w/e,Gestoffeerd,01-10-2021,2 dagen geleden geplaatst,https://kamernet.nl/huren/kamer-tilburg/elzenstraat/kamer-1984143,"{'Woonkamer': ' Eigen ', 'Keuken': ' Eigen ', 'Badkamer': ' Gedeeld ', 'Toilet': ' Eigen ', 'Internet': ' Ja ', 'Energielabel': ' Onbekend ', 'Huisgenoten': '  4  ', 'Geslacht': ' Vrouw ', 'Huisdieren': ' Nee '}",
Pieter Postsingel,in Amsterdam,11 m,Totale oppervlakte: 65 m 2,â‚¬ 479,p/m | incl. g/w/e,Gestoffeerd,15-09-2021,15 uur geleden geplaatst,https://kamernet.nl/huren/kamer-amsterdam/pieter-postsingel/kamer-1984667,"{'Woonkamer': ' Gedeeld ', 'Keuken': ' Gedeeld ', 'Badkamer': ' Gedeeld ', 'Toilet': ' Gedeeld ', 'Internet': ' Ja ', 'Energielabel': ' B ', 'Huisgenoten': '  5 ', 'Geslacht': ' Gemengd ', 'Huisdieren': ' Nee '}",
Prinsenstraat,in Leiden,30 m,Totaal 1 kamer (1 slaapkamer) ,â‚¬ 725,p/m | incl. g/w/e,Gestoffeerd,01-09-2021,2 dagen geleden geplaatst,https://kamernet.nl/huren/appartement-leiden/prinsenstraat/appartement-1984369,"{'Woonkamer': ' Eigen ', 'Keuken': ' Eigen ', 'Badkamer': ' Eigen ', 'Toilet': ' Eigen ', 'Internet': ' Ja ', 'Energielabel': ' Onbekend ', 'Huisdieren': ' Nee '}",
Campuslaan,in Enschede,10 m,,â‚¬ 230,p/m | incl. g/w/e,Gestoffeerd,30-08-2021,2 dagen geleden geplaatst,https://kamernet.nl/huren/kamer-enschede/campuslaan/kamer-1984147,"{'Woonkamer': ' Gedeeld ', 'Keuken': ' Gedeeld ', 'Badkamer': ' Gedeeld ', 'Toilet': ' Gedeeld ', 'Internet': ' Ja ', 'Energielabel': ' Onbekend ', 'Huisgenoten': '  Meer dan 8 ', 'Geslacht': ' Gemengd ', 'Huisdieren': ' Nee '}",
Boulevard 1945,in Enschede,15 m,Totale oppervlakte: 100 m 2,â‚¬ 470,p/m | incl. g/w/e,Gestoffeerd,30-08-2021,2 dagen geleden geplaatst,https://kamernet.nl/huren/kamer-enschede/boulevard-1945/kamer-1984128,"{'Woonkamer': ' Gedeeld ', 'Keuken': ' Gedeeld ', 'Badkamer': ' Gedeeld ', 'Toilet': ' Gedeeld ', 'Internet': ' Ja ', 'Energielabel': ' Onbekend ', 'Huisgenoten': '  1 ', 'Geslacht': ' Vrouw ', 'Huisdieren': ' Nee '}",
Javastraat,in Enschede,21 m,,â‚¬ 235,p/m | excl. g/w/e,Kaal,30-08-2021,2 dagen geleden geplaatst,https://kamernet.nl/huren/kamer-enschede/javastraat/kamer-1984145,"{'Woonkamer': ' Geen ', 'Keuken': ' Gedeeld ', 'Badkamer': ' Gedeeld ', 'Toilet': ' Gedeeld ', 'Internet': ' Nee ', 'Energielabel': ' Onbekend ', 'Huisgenoten': '  3 ', 'Geslacht': ' Man ', 'Huisdieren': ' Nee '}",
Zusterstraat,in Den Haag,12 m,Totale oppervlakte: 110 m 2,â‚¬ 491,p/m | incl. g/w/e,Gestoffeerd,06-09-2021,2 dagen geleden geplaatst,https://kamernet.nl/huren/kamer-den-haag/zusterstraat/kamer-1984135,"{'Woonkamer': ' Gedeeld ', 'Keuken': ' Gedeeld ', 'Badkamer': ' Gedeeld ', 'Toilet': ' Gedeeld ', 'Internet': ' Ja ', 'Energielabel': ' Onbekend ', 'Huisgenoten': '  2 ', 'Geslacht': ' Vrouw ', 'Huisdieren': ' Ja '}",
Kanaalstraat,in Utrecht,30 m,Totale oppervlakte: 3 m 2,â‚¬ 800,p/m | incl. g/w/e,Gestoffeerd,30-08-2021,3 dagen geleden geplaatst,https://kamernet.nl/huren/kamer-utrecht/kanaalstraat/kamer-1984044,"{'Woonkamer': ' Eigen ', 'Keuken': ' Eigen ', 'Badkamer': ' Gedeeld ', 'Toilet': ' Gedeeld ', 'Internet': ' Onbekend ', 'Energielabel': ' Onbekend ', 'Huisgenoten': '  1 ', 'Geslacht': ' Gemengd ', 'Huisdieren': ' Nee '}",
Teilingenstraat,in Breda,45 m,,â‚¬ 1300,p/m | incl. g/w/e,Gemeubileerd,01-09-2021,3 dagen geleden geplaatst,https://kamernet.nl/huren/studio-breda/teilingenstraat/studio-1984057,"{'Woonkamer': ' Geen ', 'Keuken': ' Eigen ', 'Badkamer': ' Eigen ', 'Toilet': ' Eigen ', 'Internet': ' Ja ', 'Energielabel': ' Onbekend ', 'Huisdieren': ' Nee '}",
Kruisplein,in Rotterdam,90 m,,â‚¬ 2200,p/m | excl. g/w/e,Gemeubileerd,27-08-2021,3 dagen geleden geplaatst,https://kamernet.nl/huren/appartement-rotterdam/kruisplein/appartement-1984059,"{'Woonkamer': ' Eigen ', 'Keuken': ' Eigen ', 'Badkamer': ' Eigen ', 'Toilet': ' Eigen ', 'Internet': ' Nee ', 'Energielabel': ' Onbekend ', 'Huisdieren': ' Nee '}",
Korte Leidsedwarsstraat,in Amsterdam,10 m,Totale oppervlakte: 90 m 2,â‚¬ 900,p/m | incl. g/w/e,Gemeubileerd,30-08-2021,3 dagen geleden geplaatst,https://kamernet.nl/huren/kamer-amsterdam/korte-leidsedwarsstraat/kamer-1984016,"{'Woonkamer': ' Gedeeld ', 'Keuken': ' Gedeeld ', 'Badkamer': ' Gedeeld ', 'Toilet': ' Gedeeld ', 'Internet': ' Ja ', 'Energielabel': ' Onbekend ', 'Huisgenoten': '  1 ', 'Geslacht': ' Man ', 'Huisdieren': ' In overleg '}",
Van Limburg Stirumstraat,in Den Haag,58 m,Totaal 2 kamers (1 slaapkamer) ,â‚¬ 1350,p/m | excl. g/w/e,Gestoffeerd,01-09-2021,3 dagen geleden geplaatst,https://kamernet.nl/huren/appartement-den-haag/van-limburg-stirumstraat/appartement-1984034,"{'Woonkamer': ' Eigen ', 'Keuken': ' Eigen ', 'Badkamer': ' Eigen ', 'Toilet': ' Eigen ', 'Internet': ' Ja ', 'Energielabel': ' Onbekend ', 'Huisdieren': ' In overleg '}",
Frans van Mierisstraat,in Amsterdam,15 m,Totale oppervlakte: 70 m 2,â‚¬ 650,p/m | incl. g/w/e,Gemeubileerd,13-03-2021 tot 31-07-2021,50 weken geleden geplaatst,https://kamernet.nl/huren/kamer-amsterdam/frans-van-mierisstraat/kamer-1849912,"{'Woonkamer': ' Gedeeld ', 'Keuken': ' Geen ', 'Badkamer': ' Eigen ', 'Toilet': ' Eigen ', 'Internet': ' Ja ', 'Energielabel': ' Onbekend ', 'Huisgenoten': '  Meer dan 8 ', 'Geslacht': ' Gemengd ', 'Huisdieren': ' Nee '}",
Louis de Visserstraat,in Amsterdam,10 m,Totale oppervlakte: 30 m 2,â‚¬ 650,p/m | incl. g/w/e,Gemeubileerd,31-07-2022,34 weken geleden geplaatst,https://kamernet.nl/huren/kamer-amsterdam/louis-de-visserstraat/kamer-1861471,"{'Woonkamer': ' Gedeeld ', 'Keuken': ' Gedeeld ', 'Badkamer': ' Gedeeld ', 'Toilet': ' Gedeeld ', 'Internet': ' Ja ', 'Energielabel': ' C ', 'Huisgenoten': '  3 ', 'Geslacht': ' Man ', 'Huisdieren': ' Nee '}",
Bierkade,in Den Haag,13 m,,â‚¬ 650,p/m | incl. g/w/e,Gemeubileerd,01-04-2021,46 weken geleden geplaatst,https://kamernet.nl/huren/kamer-den-haag/bierkade/kamer-1860250,"{'Woonkamer': ' Gedeeld ', 'Keuken': ' Gedeeld ', 'Badkamer': ' Gedeeld ', 'Toilet': ' Gedeeld ', 'Internet': ' Ja ', 'Energielabel': ' Onbekend ', 'Huisgenoten': '  1 ', 'Geslacht': ' Man ', 'Huisdieren': ' Nee '}",
Cockeveld,in Nuenen,100 m,Totaal 1 kamer (2 slaapkamers) ,â‚¬ 450,p/m | incl. g/w/e,Kaal,31-08-2021 tot 30-10-2021,3 dagen geleden geplaatst,https://kamernet.nl/huren/anti-kraak-nuenen/cockeveld/anti-kraak-1984069,"{'Woonkamer': ' Eigen ', 'Keuken': ' Eigen ', 'Badkamer': ' Eigen ', 'Toilet': ' Eigen ', 'Internet': ' Nee ', 'Energielabel': ' Onbekend ', 'Huisdieren': ' Nee '}",
Magnoliastraat,in Spijkenisse,202 m,Totale oppervlakte: 200 m 2,â‚¬ 400,p/m | incl. g/w/e,Gemeubileerd,01-10-2021,3 dagen geleden geplaatst,https://kamernet.nl/huren/kamer-spijkenisse/magnoliastraat/kamer-1984008,"{'Woonkamer': ' Eigen ', 'Keuken': ' Eigen ', 'Badkamer': ' Eigen ', 'Toilet': ' Eigen ', 'Internet': ' Ja ', 'Energielabel': ' Onbekend ', 'Huisgenoten': '  Onbekend  ', 'Geslacht': ' Onbekend ', 'Huisdieren': ' Nee '}",
Minckelersstraat,in Maastricht,105 m,Totaal 3 kamers (2 slaapkamers) ,â‚¬ 1500,p/m | excl. g/w/e,Gestoffeerd,01-09-2021,3 dagen geleden geplaatst,https://kamernet.nl/huren/appartement-maastricht/minckelersstraat/appartement-1984033,"{'Woonkamer': ' Eigen ', 'Keuken': ' Eigen ', 'Badkamer': ' Eigen ', 'Toilet': ' Eigen ', 'Internet': ' Ja ', 'Energielabel': ' Onbekend ', 'Huisdieren': ' In overleg '}",
Sibemaweg,in Maastricht,23 m,,â‚¬ 1100,p/m | incl. g/w/e,Gemeubileerd,01-09-2021 tot 01-03-2022,39 weken geleden geplaatst,https://kamernet.nl/huren/kamer-maastricht/sibemaweg/kamer-1877129,"{'Woonkamer': ' Eigen ', 'Keuken': ' Geen ', 'Badkamer': ' Eigen ', 'Toilet': ' Eigen ', 'Internet': ' Ja ', 'Energielabel': ' C ', 'Huisgenoten': '  Onbekend  ', 'Geslacht': ' Onbekend ', 'Huisdieren': ' Nee '}",
Naardermeer,in Rotterdam,20 m,,â‚¬ 650,p/m | incl. g/w/e,Gemeubileerd,11-03-2021,31 weken geleden geplaatst,https://kamernet.nl/huren/kamer-rotterdam/naardermeer/kamer-1880163,"{'Woonkamer': ' Gedeeld ', 'Keuken': ' Gedeeld ', 'Badkamer': ' Gedeeld ', 'Toilet': ' Gedeeld ', 'Internet': ' Ja ', 'Energielabel': ' Onbekend ', 'Huisgenoten': '  2 ', 'Geslacht': ' Onbekend ', 'Huisdieren': ' Nee '}",
David Wijnkoopstraat,in Amsterdam,10 m,,â‚¬ 600,p/m | incl. g/w/e,Gemeubileerd,01-06-2022,34 weken geleden geplaatst,https://kamernet.nl/huren/kamer-amsterdam/david-wijnkoopstraat/kamer-1870141,"{'Woonkamer': ' Gedeeld ', 'Keuken': ' Gedeeld ', 'Badkamer': ' Gedeeld ', 'Toilet': ' Gedeeld ', 'Internet': ' Ja ', 'Energielabel': ' Onbekend ', 'Huisgenoten': '  2 ', 'Geslacht': ' Gemengd ', 'Huisdieren': ' Nee '}",
Werengouw,in Amsterdam,17 m,Totale oppervlakte: 40 m 2,â‚¬ 850,p/m | incl. g/w/e,Gemeubileerd,30-06-2022,34 weken geleden geplaatst,https://kamernet.nl/huren/kamer-amsterdam/werengouw/kamer-1893449,"{'Woonkamer': ' Gedeeld ', 'Keuken': ' Gedeeld ', 'Badkamer': ' Gedeeld ', 'Toilet': ' Gedeeld ', 'Internet': ' Ja ', 'Energielabel': ' C ', 'Huisgenoten': '  2 ', 'Geslacht': ' Gemengd ', 'Huisdieren': ' Nee '}",
Willem Ruyslaan,in Rotterdam,16 m,Totale oppervlakte: 999 m 2,â‚¬ 1100,p/m | incl. g/w/e,Gemeubileerd,21-12-2020,35 weken geleden geplaatst,https://kamernet.nl/huren/kamer-rotterdam/willem-ruyslaan/kamer-1890139,"{'Woonkamer': ' Gedeeld ', 'Keuken': ' Gedeeld ', 'Badkamer': ' Eigen ', 'Toilet': ' Eigen ', 'Internet': ' Ja ', 'Energielabel': ' A ', 'Huisgenoten': '  8  ', 'Geslacht': ' Gemengd ', 'Huisdieren': ' Nee '}",
Schipholweg,in Leiden,17 m,,â‚¬ 615,p/m | excl. g/w/e,Gemeubileerd,01-01-2022,33 weken geleden geplaatst,https://kamernet.nl/huren/studio-leiden/schipholweg/studio-1867214,"{'Woonkamer': ' Onbekend ', 'Keuken': ' Eigen ', 'Badkamer': ' Eigen ', 'Toilet': ' Eigen ', 'Internet': ' Ja ', 'Energielabel': ' Onbekend ', 'Huisdieren': ' Nee '}",
Valkhof,in Amsterdam,12 m,Totale oppervlakte: 30 m 2,â‚¬ 850,p/m | incl. g/w/e,Gemeubileerd,31-01-2022,32 weken geleden geplaatst,https://kamernet.nl/huren/kamer-amsterdam/valkhof/kamer-1899247,"{'Woonkamer': ' Gedeeld ', 'Keuken': ' Gedeeld ', 'Badkamer': ' Gedeeld ', 'Toilet': ' Gedeeld ', 'Internet': ' Ja ', 'Energielabel': ' C ', 'Huisgenoten': '  2 ', 'Geslacht': ' Gemengd ', 'Huisdieren': ' Nee '}",
Rosendaalsestraat,in Arnhem,11 m,Totale oppervlakte: 110 m 2,â‚¬ 475,p/m | incl. g/w/e,Gemeubileerd,01-08-2022,34 weken geleden geplaatst,https://kamernet.nl/huren/kamer-arnhem/rosendaalsestraat/kamer-1893144,"{'Woonkamer': ' Gedeeld ', 'Keuken': ' Gedeeld ', 'Badkamer': ' Gedeeld ', 'Toilet': ' Gedeeld ', 'Internet': ' Ja ', 'Energielabel': ' Onbekend ', 'Huisgenoten': '  3 ', 'Geslacht': ' Gemengd ', 'Huisdieren': ' In overleg '}",
Badhuiskade,in Amsterdam,20 m,,â‚¬ 628,p/m | incl. g/w/e,Gemeubileerd,01-11-2021 tot 28-02-2022,32 weken geleden geplaatst,https://kamernet.nl/huren/kamer-amsterdam/badhuiskade/kamer-1899434,"{'Woonkamer': ' Gedeeld ', 'Keuken': ' Gedeeld ', 'Badkamer': ' Gedeeld ', 'Toilet': ' Gedeeld ', 'Internet': ' Ja ', 'Energielabel': ' Onbekend ', 'Huisgenoten': '  Onbekend  ', 'Geslacht': ' Onbekend ', 'Huisdieren': ' Nee '}",
Overschiestraat,in Amsterdam,77 m,Totaal 3 kamers (2 slaapkamers) ,â‚¬ 1610,p/m | excl. g/w/e,Gestoffeerd,01-09-2021,33 weken geleden geplaatst,https://kamernet.nl/huren/appartement-amsterdam/overschiestraat/appartement-1899057,"{'Woonkamer': ' Eigen ', 'Keuken': ' Eigen ', 'Badkamer': ' Eigen ', 'Toilet': ' Eigen ', 'Internet': ' Ja ', 'Energielabel': ' A ', 'Huisdieren': ' In overleg '}",
Beerzestraat,in Utrecht,55 m,Totaal 3 kamers (2 slaapkamers) ,â‚¬ 1300,p/m | incl. g/w/e,Gestoffeerd,26-08-2021,1 week geleden geplaatst,https://kamernet.nl/huren/appartement-utrecht/beerzestraat/appartement-1983105,"{'Woonkamer': ' Eigen ', 'Keuken': ' Eigen ', 'Badkamer': ' Eigen ', 'Toilet': ' Eigen ', 'Internet': ' Ja ', 'Energielabel': ' Onbekend ', 'Huisdieren': ' Nee '}",
Oudraadtweg,in Delft,12 m,,â‚¬ 315,p/m | incl. g/w/e,Gemeubileerd,19-09-2021 tot 24-02-2022,3 dagen geleden geplaatst,https://kamernet.nl/huren/kamer-delft/oudraadtweg/kamer-1984070,"{'Woonkamer': ' Gedeeld ', 'Keuken': ' Gedeeld ', 'Badkamer': ' Gedeeld ', 'Toilet': ' Gedeeld ', 'Internet': ' Nee ', 'Energielabel': ' Onbekend ', 'Huisgenoten': '  8  ', 'Geslacht': ' Gemengd ', 'Huisdieren': ' Nee '}",
Torenmolen,in Amsterdam,10 m,,â‚¬ 550,p/m | incl. g/w/e,Gestoffeerd,01-09-2021 tot 31-08-2022,3 dagen geleden geplaatst,https://kamernet.nl/huren/kamer-amsterdam/torenmolen/kamer-1984079,"{'Woonkamer': ' Gedeeld ', 'Keuken': ' Gedeeld ', 'Badkamer': ' Gedeeld ', 'Toilet': ' Gedeeld ', 'Internet': ' Ja ', 'Energielabel': ' Onbekend ', 'Huisgenoten': '  2 ', 'Geslacht': ' Gemengd ', 'Huisdieren': ' Nee '}",
Gulden Winckelstraat,in Amsterdam,14 m,,â‚¬ 750,p/m | excl. g/w/e,Gemeubileerd,01-09-2021 tot 01-02-2022,3 dagen geleden geplaatst,https://kamernet.nl/huren/kamer-amsterdam/gulden-winckelstraat/kamer-1984088,"{'Woonkamer': ' Gedeeld ', 'Keuken': ' Gedeeld ', 'Badkamer': ' Gedeeld ', 'Toilet': ' Gedeeld ', 'Internet': ' Ja ', 'Energielabel': ' Onbekend ', 'Huisgenoten': '  1 ', 'Geslacht': ' Onbekend ', 'Huisdieren': ' Nee '}",
Vrijheidslaan,in Leiden,15 m,,â‚¬ 350,p/m | incl. g/w/e,Kaal,27-09-2021,3 dagen geleden geplaatst,https://kamernet.nl/huren/kamer-leiden/vrijheidslaan/kamer-1984091,"{'Woonkamer': ' Gedeeld ', 'Keuken': ' Gedeeld ', 'Badkamer': ' Gedeeld ', 'Toilet': ' Gedeeld ', 'Internet': ' Ja ', 'Energielabel': ' Onbekend ', 'Huisgenoten': '  Meer dan 8 ', 'Geslacht': ' Gemengd ', 'Huisdieren': ' Nee '}",
Hoofdstraat,in Velp,22 m,Totale oppervlakte: 15 m 2,â‚¬ 485,p/m | incl. g/w/e,Kaal,01-09-2021,3 dagen geleden geplaatst,https://kamernet.nl/huren/kamer-velp/hoofdstraat/kamer-1984039,"{'Woonkamer': ' Geen ', 'Keuken': ' Gedeeld ', 'Badkamer': ' Gedeeld ', 'Toilet': ' Gedeeld ', 'Internet': ' Ja ', 'Energielabel': ' Onbekend ', 'Huisgenoten': '  1 ', 'Geslacht': ' Man ', 'Huisdieren': ' Nee '}",
Ceresakker,in Bedum,17 m,Totale oppervlakte: 120 m 2,â‚¬ 500,p/m | incl. g/w/e,Gemeubileerd,31-08-2021 tot 31-01-2022,3 dagen geleden geplaatst,https://kamernet.nl/huren/kamer-bedum/ceresakker/kamer-1984104,"{'Woonkamer': ' Gedeeld ', 'Keuken': ' Gedeeld ', 'Badkamer': ' Gedeeld ', 'Toilet': ' Gedeeld ', 'Internet': ' Ja ', 'Energielabel': ' Onbekend ', 'Huisgenoten': '  1 ', 'Geslacht': ' Man ', 'Huisdieren': ' In overleg '}",
Bedumerweg,in Groningen,18 m,,â‚¬ 370,p/m | incl. g/w/e,Gestoffeerd,01-10-2021,3 dagen geleden geplaatst,https://kamernet.nl/huren/kamer-groningen/bedumerweg/kamer-1984117,"{'Woonkamer': ' Geen ', 'Keuken': ' Gedeeld ', 'Badkamer': ' Gedeeld ', 'Toilet': ' Gedeeld ', 'Internet': ' Ja ', 'Energielabel': ' Onbekend ', 'Huisgenoten': '  2 ', 'Geslacht': ' Vrouw ', 'Huisdieren': ' Nee '}",
Adelaarsweg,in Amsterdam,16 m,Totale oppervlakte: 15 m 2,â‚¬ 1000,p/m | incl. g/w/e,Gemeubileerd,01-09-2021 tot 01-07-2022,3 dagen geleden geplaatst,https://kamernet.nl/huren/kamer-amsterdam/adelaarsweg/kamer-1983389,"{'Woonkamer': ' Geen ', 'Keuken': ' Gedeeld ', 'Badkamer': ' Gedeeld ', 'Toilet': ' Gedeeld ', 'Internet': ' Ja ', 'Energielabel': ' Onbekend ', 'Huisgenoten': '  3 ', 'Geslacht': ' Gemengd ', 'Huisdieren': ' Nee '}",
Hudsonstraat,in Amsterdam,12 m,Totale oppervlakte: 90 m 2,â‚¬ 619,p/m | excl. g/w/e,Gestoffeerd,30-08-2021,3 dagen geleden geplaatst,https://kamernet.nl/huren/kamer-amsterdam/hudsonstraat/kamer-1984046,"{'Woonkamer': ' Gedeeld ', 'Keuken': ' Gedeeld ', 'Badkamer': ' Gedeeld ', 'Toilet': ' Gedeeld ', 'Internet': ' Ja ', 'Energielabel': ' Onbekend ', 'Huisgenoten': '  2 ', 'Geslacht': ' Man ', 'Huisdieren': ' Nee '}",
Pelikaanstraat,in Utrecht,20 m,Totale oppervlakte: 25 m 2,â‚¬ 420,p/m | incl. g/w/e,Gestoffeerd,01-09-2021 tot 30-12-2021,3 dagen geleden geplaatst,https://kamernet.nl/huren/kamer-utrecht/pelikaanstraat/kamer-1984107,"{'Woonkamer': ' Geen ', 'Keuken': ' Gedeeld ', 'Badkamer': ' Gedeeld ', 'Toilet': ' Gedeeld ', 'Internet': ' Ja ', 'Energielabel': ' Onbekend ', 'Huisgenoten': '  3 ', 'Geslacht': ' Onbekend ', 'Huisdieren': ' Nee '}",
Pelikaanstraat,in Utrecht,7 m,Totale oppervlakte: 25 m 2,â‚¬ 300,p/m | incl. g/w/e,Gestoffeerd,01-09-2021 tot 01-12-2021,3 dagen geleden geplaatst,https://kamernet.nl/huren/kamer-utrecht/pelikaanstraat/kamer-1984120,"{'Woonkamer': ' Geen ', 'Keuken': ' Gedeeld ', 'Badkamer': ' Gedeeld ', 'Toilet': ' Gedeeld ', 'Internet': ' Ja ', 'Energielabel': ' Onbekend ', 'Huisgenoten': '  3 ', 'Geslacht': ' Onbekend ', 'Huisdieren': ' Nee '}",
Pelikaanstraat,in Utrecht,24 m,Totale oppervlakte: 25 m 2,â‚¬ 450,p/m | incl. g/w/e,Gestoffeerd,01-09-2021 tot 01-12-2021,3 dagen geleden geplaatst,https://kamernet.nl/huren/kamer-utrecht/pelikaanstraat/kamer-1984121,"{'Woonkamer': ' Geen ', 'Keuken': ' Gedeeld ', 'Badkamer': ' Gedeeld ', 'Toilet': ' Gedeeld ', 'Internet': ' Ja ', 'Energielabel': ' Onbekend ', 'Huisgenoten': '  3 ', 'Geslacht': ' Onbekend ', 'Huisdieren': ' Nee '}",
Pelikaanstraat,in Utrecht,13 m,Totale oppervlakte: 25 m 2,â‚¬ 415,p/m | incl. g/w/e,Gestoffeerd,01-09-2021 tot 01-12-2021,3 dagen geleden geplaatst,https://kamernet.nl/huren/kamer-utrecht/pelikaanstraat/kamer-1984124,"{'Woonkamer': ' Geen ', 'Keuken': ' Gedeeld ', 'Badkamer': ' Gedeeld ', 'Toilet': ' Gedeeld ', 'Internet': ' Ja ', 'Energielabel': ' Onbekend ', 'Huisgenoten': '  3 ', 'Geslacht': ' Onbekend ', 'Huisdieren': ' Nee '}",
Edisonstraat,in IJmuiden,19 m,Totale oppervlakte: 25 m 2,â‚¬ 425,p/m | incl. g/w/e,Gestoffeerd,01-10-2021,3 dagen geleden geplaatst,https://kamernet.nl/huren/kamer-ijmuiden/edisonstraat/kamer-1984123,"{'Woonkamer': ' Geen ', 'Keuken': ' Gedeeld ', 'Badkamer': ' Gedeeld ', 'Toilet': ' Gedeeld ', 'Internet': ' Ja ', 'Energielabel': ' Onbekend ', 'Huisgenoten': '  5 ', 'Geslacht': ' Gemengd ', 'Huisdieren': ' Nee '}",
Emmy Andriessestraat,in Amsterdam,10 m,Totale oppervlakte: 70 m 2,â‚¬ 795,p/m | incl. g/w/e,Gemeubileerd,01-10-2021 tot 30-06-2022,3 dagen geleden geplaatst,https://kamernet.nl/huren/kamer-amsterdam/emmy-andriessestraat/kamer-1984126,"{'Woonkamer': ' Gedeeld ', 'Keuken': ' Gedeeld ', 'Badkamer': ' Gedeeld ', 'Toilet': ' Gedeeld ', 'Internet': ' Ja ', 'Energielabel': ' A ', 'Huisgenoten': '  1 ', 'Geslacht': ' Vrouw ', 'Huisdieren': ' Nee '}",
Slotlaan,in Capelle aan den IJssel,11 m,Totale oppervlakte: 47 m 2,â‚¬ 350,p/m | incl. g/w/e,Gemeubileerd,01-10-2021,3 dagen geleden geplaatst,https://kamernet.nl/huren/kamer-capelle-aan-den-ijssel/slotlaan/kamer-1983897,"{'Woonkamer': ' Gedeeld ', 'Keuken': ' Gedeeld ', 'Badkamer': ' Gedeeld ', 'Toilet': ' Gedeeld ', 'Internet': ' Ja ', 'Energielabel': ' Onbekend ', 'Huisgenoten': '  2 ', 'Geslacht': ' Man ', 'Huisdieren': ' Nee '}",
Prinses Julianastraat,in Zwolle,12 m,,â‚¬ 325,p/m | incl. g/w/e,Gestoffeerd,01-09-2021 tot 31-08-2022,3 dagen geleden geplaatst,https://kamernet.nl/huren/kamer-zwolle/prinses-julianastraat/kamer-1984138,"{'Woonkamer': ' Eigen ', 'Keuken': ' Gedeeld ', 'Badkamer': ' Gedeeld ', 'Toilet': ' Gedeeld ', 'Internet': ' Nee ', 'Energielabel': ' Onbekend ', 'Huisgenoten': '  4  ', 'Geslacht': ' Gemengd ', 'Huisdieren': ' Nee '}",
Fritz Conijnstraat,in Amsterdam,16 m,,â‚¬ 850,p/m | incl. g/w/e,Gemeubileerd,30-08-2021 tot 28-02-2022,3 dagen geleden geplaatst,https://kamernet.nl/huren/kamer-amsterdam/fritz-conijnstraat/kamer-1984136,"{'Woonkamer': ' Geen ', 'Keuken': ' Eigen ', 'Badkamer': ' Eigen ', 'Toilet': ' Eigen ', 'Internet': ' Ja ', 'Energielabel': ' Onbekend ', 'Huisgenoten': '  1 ', 'Geslacht': ' Vrouw ', 'Huisdieren': ' Nee '}",
Livingstonelaan,in Utrecht,120 m,Totaal 5 kamers (4 slaapkamers) ,â‚¬ 1895,p/m | excl. g/w/e,Gestoffeerd,15-09-2021,3 dagen geleden geplaatst,https://kamernet.nl/huren/appartement-utrecht/livingstonelaan/appartement-1984105,"{'Woonkamer': ' Eigen ', 'Keuken': ' Eigen ', 'Badkamer': ' Eigen ', 'Toilet': ' Eigen ', 'Internet': ' Onbekend ', 'Energielabel': ' Onbekend ', 'Huisdieren': ' Nee '}",
Graskopstraat,in Den Haag,18 m,,â‚¬ 750,p/m | incl. g/w/e,Gemeubileerd,30-08-2021,3 dagen geleden geplaatst,https://kamernet.nl/huren/kamer-den-haag/graskopstraat/kamer-1984148,"{'Woonkamer': ' Gedeeld ', 'Keuken': ' Gedeeld ', 'Badkamer': ' Gedeeld ', 'Toilet': ' Gedeeld ', 'Internet': ' Ja ', 'Energielabel': ' Onbekend ', 'Huisgenoten': '  2 ', 'Geslacht': ' Man ', 'Huisdieren': ' Nee '}",
Diamantpad,in Delft,12 m,,â‚¬ 375,p/m | incl. g/w/e,Gemeubileerd,01-09-2021 tot 01-07-2022,3 dagen geleden geplaatst,https://kamernet.nl/huren/kamer-delft/diamantpad/kamer-1984140,"{'Woonkamer': ' Gedeeld ', 'Keuken': ' Gedeeld ', 'Badkamer': ' Gedeeld ', 'Toilet': ' Gedeeld ', 'Internet': ' Ja ', 'Energielabel': ' C ', 'Huisgenoten': '  2 ', 'Geslacht': ' Gemengd ', 'Huisdieren': ' Nee '}",
Heilige Geestkerkhof,in Delft,10 m,Totale oppervlakte: 100 m 2,â‚¬ 500,p/m | incl. g/w/e,Kaal,05-09-2021,3 dagen geleden geplaatst,https://kamernet.nl/huren/kamer-delft/heilige-geestkerkhof/kamer-1984156,"{'Woonkamer': ' Gedeeld ', 'Keuken': ' Gedeeld ', 'Badkamer': ' Gedeeld ', 'Toilet': ' Gedeeld ', 'Internet': ' Ja ', 'Energielabel': ' Onbekend ', 'Huisgenoten': '  4  ', 'Geslacht': ' Man ', 'Huisdieren': ' Nee '}",
Volmerlaan,in Rijswijk,15 m,,â‚¬ 800,p/m | incl. g/w/e,Gemeubileerd,01-04-2021,41 weken geleden geplaatst,https://kamernet.nl/huren/kamer-rijswijk/volmerlaan/kamer-1871427,"{'Woonkamer': ' Gedeeld ', 'Keuken': ' Geen ', 'Badkamer': ' Eigen ', 'Toilet': ' Eigen ', 'Internet': ' Ja ', 'Energielabel': ' Onbekend ', 'Huisgenoten': '  Onbekend  ', 'Geslacht': ' Onbekend ', 'Huisdieren': ' Nee '}",
Woubruggestraat,in Amsterdam,10 m,Totale oppervlakte: 55 m 2,â‚¬ 500,p/m | incl. g/w/e,Gemeubileerd,19-09-2021 tot 31-01-2022,2 dagen geleden geplaatst,https://kamernet.nl/huren/kamer-amsterdam/woubruggestraat/kamer-1984162,"{'Woonkamer': ' Gedeeld ', 'Keuken': ' Gedeeld ', 'Badkamer': ' Gedeeld ', 'Toilet': ' Gedeeld ', 'Internet': ' Ja ', 'Energielabel': ' Onbekend ', 'Huisgenoten': '  Onbekend  ', 'Geslacht': ' Onbekend ', 'Huisdieren': ' In overleg '}",
Binnensingel,in Deventer,28 m,,â‚¬ 500,p/m | incl. g/w/e,Gemeubileerd,28-09-2021,2 dagen geleden geplaatst,https://kamernet.nl/huren/kamer-deventer/binnensingel/kamer-1984194,"{'Woonkamer': ' Onbekend ', 'Keuken': ' Gedeeld ', 'Badkamer': ' Gedeeld ', 'Toilet': ' Gedeeld ', 'Internet': ' Ja ', 'Energielabel': ' Onbekend ', 'Huisgenoten': '  2 ', 'Geslacht': ' Gemengd ', 'Huisdieren': ' Nee '}",
Molenstraat,in Tilburg,25 m,,â‚¬ 595,p/m | excl. g/w/e,Onbekend,31-08-2021,2 dagen geleden geplaatst,https://kamernet.nl/huren/kamer-tilburg/molenstraat/kamer-1984202,"{'Woonkamer': ' Onbekend ', 'Keuken': ' Onbekend ', 'Badkamer': ' Onbekend ', 'Toilet': ' Onbekend ', 'Internet': ' Onbekend ', 'Energielabel': ' Onbekend ', 'Huisgenoten': '  Onbekend  ', 'Geslacht': ' Onbekend ', 'Huisdieren': ' In overleg '}",
Borstelweg,in Enschede,15 m,,â‚¬ 290,p/m | incl. g/w/e,Gestoffeerd,01-09-2021,2 dagen geleden geplaatst,https://kamernet.nl/huren/kamer-enschede/borstelweg/kamer-1984240,"{'Woonkamer': ' Gedeeld ', 'Keuken': ' Gedeeld ', 'Badkamer': ' Gedeeld ', 'Toilet': ' Gedeeld ', 'Internet': ' Ja ', 'Energielabel': ' Onbekend ', 'Huisgenoten': '  5 ', 'Geslacht': ' Gemengd ', 'Huisdieren': ' Nee '}",
Jisperveldstraat,in Amsterdam,10 m,,â‚¬ 650,p/m | incl. g/w/e,Gemeubileerd,31-08-2022,29 weken geleden geplaatst,https://kamernet.nl/huren/kamer-amsterdam/jisperveldstraat/kamer-1909443,"{'Woonkamer': ' Gedeeld ', 'Keuken': ' Gedeeld ', 'Badkamer': ' Gedeeld ', 'Toilet': ' Gedeeld ', 'Internet': ' Ja ', 'Energielabel': ' Onbekend ', 'Huisgenoten': '  3 ', 'Geslacht': ' Gemengd ', 'Huisdieren': ' Nee '}",
Generaal van der Heijdenstraat,in Rotterdam,21 m,Totale oppervlakte: 105 m 2,â‚¬ 725,p/m | incl. g/w/e,Gemeubileerd,31-08-2021,2 dagen geleden geplaatst,https://kamernet.nl/huren/kamer-rotterdam/generaal-van-der-heijdenstraat/kamer-1983825,"{'Woonkamer': ' Gedeeld ', 'Keuken': ' Gedeeld ', 'Badkamer': ' Gedeeld ', 'Toilet': ' Gedeeld ', 'Internet': ' Ja ', 'Energielabel': ' Onbekend ', 'Huisgenoten': '  2 ', 'Geslacht': ' Gemengd ', 'Huisdieren': ' Nee '}",
Van Mierisstraat,in Tilburg,115 m,Totaal 5 kamers (4 slaapkamers) ,â‚¬ 1285,p/m | excl. g/w/e,Gestoffeerd,01-10-2021,2 dagen geleden geplaatst,https://kamernet.nl/huren/appartement-tilburg/van-mierisstraat/appartement-1984243,"{'Woonkamer': ' Gedeeld ', 'Keuken': ' Gedeeld ', 'Badkamer': ' Gedeeld ', 'Toilet': ' Gedeeld ', 'Internet': ' Nee ', 'Energielabel': ' Onbekend ', 'Huisdieren': ' Nee '}",
Lijnbaanstraat,in Groningen,30 m,Totaal 1 kamer (1 slaapkamer) ,â‚¬ 750,p/m | incl. g/w/e,Gestoffeerd,01-10-2021,3 dagen geleden geplaatst,https://kamernet.nl/huren/studio-groningen/lijnbaanstraat/studio-1984110,"{'Woonkamer': ' Eigen ', 'Keuken': ' Eigen ', 'Badkamer': ' Eigen ', 'Toilet': ' Eigen ', 'Internet': ' Ja ', 'Energielabel': ' A ', 'Huisdieren': ' In overleg '}",
Eschersingel,in Utrecht,75 m,,â‚¬ 1100,p/m | excl. g/w/e,Gemeubileerd,01-09-2021 tot 28-02-2022,2 dagen geleden geplaatst,https://kamernet.nl/huren/appartement-utrecht/eschersingel/appartement-1984228,"{'Woonkamer': ' Eigen ', 'Keuken': ' Eigen ', 'Badkamer': ' Eigen ', 'Toilet': ' Eigen ', 'Internet': ' Ja ', 'Energielabel': ' Onbekend ', 'Huisdieren': ' Nee '}",
Thomas a Kempislaan,in Arnhem,12 m,Totale oppervlakte: 20 m 2,â‚¬ 400,p/m | incl. g/w/e,Gemeubileerd,15-09-2021,2 dagen geleden geplaatst,https://kamernet.nl/huren/kamer-arnhem/thomas-a-kempislaan/kamer-1961817,"{'Woonkamer': ' Geen ', 'Keuken': ' Gedeeld ', 'Badkamer': ' Gedeeld ', 'Toilet': ' Gedeeld ', 'Internet': ' Onbekend ', 'Energielabel': ' Onbekend ', 'Huisgenoten': '  Onbekend  ', 'Geslacht': ' Onbekend ', 'Huisdieren': ' In overleg '}",
Vosmaerstraat,in Den Haag,16 m,Totale oppervlakte: 60 m 2,â‚¬ 450,p/m | incl. g/w/e,Kaal,31-08-2021,2 dagen geleden geplaatst,https://kamernet.nl/huren/kamer-den-haag/vosmaerstraat/kamer-1984249,"{'Woonkamer': ' Geen ', 'Keuken': ' Gedeeld ', 'Badkamer': ' Gedeeld ', 'Toilet': ' Gedeeld ', 'Internet': ' Ja ', 'Energielabel': ' Onbekend ', 'Huisgenoten': '  Onbekend  ', 'Geslacht': ' Onbekend ', 'Huisdieren': ' In overleg '}",
Lissabonstraat,in Groningen,38 m,Totaal 2 kamers (1 slaapkamer) ,â‚¬ 925,p/m | incl. g/w/e,Gemeubileerd,01-10-2021 tot 01-08-2022,2 dagen geleden geplaatst,https://kamernet.nl/huren/appartement-groningen/lissabonstraat/appartement-1981571,"{'Woonkamer': ' Eigen ', 'Keuken': ' Eigen ', 'Badkamer': ' Eigen ', 'Toilet': ' Eigen ', 'Internet': ' Nee ', 'Energielabel': ' A ', 'Huisdieren': ' Nee '}",
Rietdekkerweg,in Rotterdam,20 m,Totale oppervlakte: 100 m 2,â‚¬ 600,p/m | incl. g/w/e,Gemeubileerd,06-09-2021 tot 06-03-2022,3 dagen geleden geplaatst,https://kamernet.nl/huren/kamer-rotterdam/rietdekkerweg/kamer-1984161,"{'Woonkamer': ' Gedeeld ', 'Keuken': ' Gedeeld ', 'Badkamer': ' Gedeeld ', 'Toilet': ' Gedeeld ', 'Internet': ' Ja ', 'Energielabel': ' Onbekend ', 'Huisgenoten': '  1 ', 'Geslacht': ' Vrouw ', 'Huisdieren': ' Nee '}",
Jan Duikerhof,in Diemen,70 m,Totaal 3 kamers,â‚¬ 1500,p/m | excl. g/w/e,Gemeubileerd,01-09-2021,2 dagen geleden geplaatst,https://kamernet.nl/huren/appartement-diemen/jan-duikerhof/appartement-1984255,"{'Woonkamer': ' Onbekend ', 'Keuken': ' Onbekend ', 'Badkamer': ' Onbekend ', 'Toilet': ' Onbekend ', 'Internet': ' Onbekend ', 'Energielabel': ' Onbekend ', 'Huisdieren': ' In overleg '}",
Van Zeggelenlaan,in Den Haag,65 m,Totaal 1 kamer (2 slaapkamers) ,â‚¬ 1295,p/m | excl. g/w/e,Gestoffeerd,01-09-2021,2 dagen geleden geplaatst,https://kamernet.nl/huren/appartement-den-haag/van-zeggelenlaan/appartement-1984242,"{'Woonkamer': ' Eigen ', 'Keuken': ' Eigen ', 'Badkamer': ' Eigen ', 'Toilet': ' Eigen ', 'Internet': ' Nee ', 'Energielabel': ' Onbekend ', 'Huisdieren': ' Nee '}",
Brusselsestraat,in Maastricht,27 m,,â‚¬ 485,p/m | excl. g/w/e,Gemeubileerd,31-08-2021,2 dagen geleden geplaatst,https://kamernet.nl/huren/kamer-maastricht/brusselsestraat/kamer-1984252,"{'Woonkamer': ' Onbekend ', 'Keuken': ' Onbekend ', 'Badkamer': ' Onbekend ', 'Toilet': ' Onbekend ', 'Internet': ' Onbekend ', 'Energielabel': ' Onbekend ', 'Huisgenoten': '  Onbekend  ', 'Geslacht': ' Onbekend ', 'Huisdieren': ' In overleg '}",
Heilige Geestkerkhof,in Delft,11 m,Totaal 10 kamers (5 slaapkamers) ,â‚¬ 500,p/m | incl. g/w/e,Kaal,05-09-2021,3 dagen geleden geplaatst,https://kamernet.nl/huren/appartement-delft/heilige-geestkerkhof/appartement-1984155,"{'Woonkamer': ' Gedeeld ', 'Keuken': ' Gedeeld ', 'Badkamer': ' Gedeeld ', 'Toilet': ' Gedeeld ', 'Internet': ' Ja ', 'Energielabel': ' Onbekend ', 'Huisdieren': ' Nee '}",
Bizetlaan,in Utrecht,14 m,Totale oppervlakte: 84 m 2,â‚¬ 949,p/m | incl. g/w/e,Gemeubileerd,23-08-2020 tot 30-06-2021,46 weken geleden geplaatst,https://kamernet.nl/huren/kamer-utrecht/bizetlaan/kamer-1841668,"{'Woonkamer': ' Gedeeld ', 'Keuken': ' Geen ', 'Badkamer': ' Eigen ', 'Toilet': ' Eigen ', 'Internet': ' Ja ', 'Energielabel': ' Onbekend ', 'Huisgenoten': '  Onbekend  ', 'Geslacht': ' Onbekend ', 'Huisdieren': ' Ja '}",
Beekstraat,in Nuenen,12 m,,â‚¬ 350,p/m | incl. g/w/e,Gestoffeerd,31-10-2021 tot 31-10-2022,2 dagen geleden geplaatst,https://kamernet.nl/huren/kamer-nuenen/beekstraat/kamer-1984259,"{'Woonkamer': ' Geen ', 'Keuken': ' Gedeeld ', 'Badkamer': ' Gedeeld ', 'Toilet': ' Gedeeld ', 'Internet': ' Ja ', 'Energielabel': ' D ', 'Huisgenoten': '  Onbekend  ', 'Geslacht': ' Onbekend ', 'Huisdieren': ' Nee '}",
Kerkstraat,in Amsterdam,112 m,Totaal 3 kamers (2 slaapkamers) ,â‚¬ 2950,p/m | incl. g/w/e,Gemeubileerd,20-03-2021 tot 13-01-2022,33 weken geleden geplaatst,https://kamernet.nl/huren/appartement-amsterdam/kerkstraat/appartement-1898487,"{'Woonkamer': ' Eigen ', 'Keuken': ' Eigen ', 'Badkamer': ' Eigen ', 'Toilet': ' Eigen ', 'Internet': ' Ja ', 'Energielabel': ' A ', 'Huisdieren': ' Nee '}",
Daalseweg,in Nijmegen,59 m,Totaal 3 kamers (2 slaapkamers) ,â‚¬ 1025,p/m | incl. g/w/e,Gestoffeerd,10-09-2021,2 dagen geleden geplaatst,https://kamernet.nl/huren/appartement-nijmegen/daalseweg/appartement-1984233,"{'Woonkamer': ' Eigen ', 'Keuken': ' Eigen ', 'Badkamer': ' Eigen ', 'Toilet': ' Eigen ', 'Internet': ' Nee ', 'Energielabel': ' Onbekend ', 'Huisdieren': ' Nee '}",
De Schelp,in Zandvoort,37 m,Totaal 2 kamers (1 slaapkamer) ,â‚¬ 1050,p/m | incl. g/w/e,Gemeubileerd,01-11-2021 tot 31-03-2022,2 dagen geleden geplaatst,https://kamernet.nl/huren/appartement-zandvoort/de-schelp/appartement-1984274,"{'Woonkamer': ' Eigen ', 'Keuken': ' Eigen ', 'Badkamer': ' Eigen ', 'Toilet': ' Eigen ', 'Internet': ' Ja ', 'Energielabel': ' A ', 'Huisdieren': ' Nee '}",
Inlaagstraat,in Amsterdam,60 m,Totaal 3 kamers,â‚¬ 1195,p/m | excl. g/w/e,Gestoffeerd,01-09-2021,2 dagen geleden geplaatst,https://kamernet.nl/huren/appartement-amsterdam/inlaagstraat/appartement-1984256,"{'Woonkamer': ' Onbekend ', 'Keuken': ' Onbekend ', 'Badkamer': ' Onbekend ', 'Toilet': ' Onbekend ', 'Internet': ' Onbekend ', 'Energielabel': ' Onbekend ', 'Huisdieren': ' In overleg '}",
Tolstraat,in Enschede,78 m,Totaal 4 kamers,â‚¬ 1250,p/m | excl. g/w/e,Gestoffeerd,01-09-2021,2 dagen geleden geplaatst,https://kamernet.nl/huren/appartement-enschede/tolstraat/appartement-1984209,"{'Woonkamer': ' Onbekend ', 'Keuken': ' Onbekend ', 'Badkamer': ' Onbekend ', 'Toilet': ' Onbekend ', 'Internet': ' Onbekend ', 'Energielabel': ' Onbekend ', 'Huisdieren': ' In overleg '}",
Kralingseweg,in Rotterdam,310 m,Totaal 7 kamers,â‚¬ 1995,p/m | excl. g/w/e,Gestoffeerd,31-08-2021,2 dagen geleden geplaatst,https://kamernet.nl/huren/appartement-rotterdam/kralingseweg/appartement-1984254,"{'Woonkamer': ' Onbekend ', 'Keuken': ' Onbekend ', 'Badkamer': ' Onbekend ', 'Toilet': ' Onbekend ', 'Internet': ' Onbekend ', 'Energielabel': ' Onbekend ', 'Huisdieren': ' In overleg '}",
Gerrit Rietveldsingel,in Diemen,70 m,,â‚¬ 1550,p/m | excl. g/w/e,Gestoffeerd,31-08-2021,2 dagen geleden geplaatst,https://kamernet.nl/huren/appartement-diemen/gerrit-rietveldsingel/appartement-1984211,"{'Woonkamer': ' Onbekend ', 'Keuken': ' Onbekend ', 'Badkamer': ' Onbekend ', 'Toilet': ' Onbekend ', 'Internet': ' Onbekend ', 'Energielabel': ' Onbekend ', 'Huisdieren': ' In overleg '}",
Bundlaan,in Amsterdam,85 m,,â‚¬ 2750,p/m | excl. g/w/e,Gestoffeerd,31-08-2021,2 dagen geleden geplaatst,https://kamernet.nl/huren/appartement-amsterdam/bundlaan/appartement-1984212,"{'Woonkamer': ' Onbekend ', 'Keuken': ' Onbekend ', 'Badkamer': ' Onbekend ', 'Toilet': ' Onbekend ', 'Internet': ' Ja ', 'Energielabel': ' Onbekend ', 'Huisdieren': ' In overleg '}",
Brusselsestraat,in Maastricht,18 m,,â‚¬ 455,p/m | excl. g/w/e,Gestoffeerd,31-08-2021,2 dagen geleden geplaatst,https://kamernet.nl/huren/kamer-maastricht/brusselsestraat/kamer-1984251,"{'Woonkamer': ' Onbekend ', 'Keuken': ' Onbekend ', 'Badkamer': ' Onbekend ', 'Toilet': ' Onbekend ', 'Internet': ' Onbekend ', 'Energielabel': ' Onbekend ', 'Huisgenoten': '  Onbekend  ', 'Geslacht': ' Onbekend ', 'Huisdieren': ' In overleg '}",
Randweg,in Noordwijk,100 m,,â‚¬ 1095,p/m | excl. g/w/e,Gemeubileerd,25-10-2021,2 dagen geleden geplaatst,https://kamernet.nl/huren/appartement-noordwijk/randweg/appartement-1984215,"{'Woonkamer': ' Onbekend ', 'Keuken': ' Onbekend ', 'Badkamer': ' Onbekend ', 'Toilet': ' Onbekend ', 'Internet': ' Onbekend ', 'Energielabel': ' Onbekend ', 'Huisdieren': ' In overleg '}",
Hendrik van Viandenstraat,in Amersfoort,30 m,Totaal 2 kamers,â‚¬ 755,p/m | excl. g/w/e,Gestoffeerd,01-10-2021,2 dagen geleden geplaatst,https://kamernet.nl/huren/appartement-amersfoort/hendrik-van-viandenstraat/appartement-1984217,"{'Woonkamer': ' Onbekend ', 'Keuken': ' Onbekend ', 'Badkamer': ' Onbekend ', 'Toilet': ' Onbekend ', 'Internet': ' Onbekend ', 'Energielabel': ' Onbekend ', 'Huisdieren': ' In overleg '}",
Amsterdamsestraatweg,in Utrecht,10 m,Totale oppervlakte: 60 m 2,â‚¬ 480,p/m | incl. g/w/e,Kaal,01-09-2021,2 dagen geleden geplaatst,https://kamernet.nl/huren/kamer-utrecht/amsterdamsestraatweg/kamer-1984198,"{'Woonkamer': ' Gedeeld ', 'Keuken': ' Gedeeld ', 'Badkamer': ' Gedeeld ', 'Toilet': ' Gedeeld ', 'Internet': ' Ja ', 'Energielabel': ' Onbekend ', 'Huisgenoten': '  1 ', 'Geslacht': ' Vrouw ', 'Huisdieren': ' In overleg '}",
Jan Pieter Heijestraat,in Amsterdam,52 m,Totaal 2 kamers (2 slaapkamers) ,â‚¬ 1650,p/m | excl. g/w/e,Gemeubileerd,14-09-2021 tot 01-09-2022,2 dagen geleden geplaatst,https://kamernet.nl/huren/appartement-amsterdam/jan-pieter-heijestraat/appartement-1984216,"{'Woonkamer': ' Eigen ', 'Keuken': ' Eigen ', 'Badkamer': ' Eigen ', 'Toilet': ' Eigen ', 'Internet': ' Ja ', 'Energielabel': ' Onbekend ', 'Huisdieren': ' In overleg '}",
Dr. C. Hofstede de Grootkade,in Groningen,32 m,,â‚¬ 700,p/m | incl. g/w/e,Gestoffeerd,01-10-2021 tot 01-03-2022,2 dagen geleden geplaatst,https://kamernet.nl/huren/studio-groningen/dr.-c.-hofstede-de-grootkade/studio-1984221,"{'Woonkamer': ' Geen ', 'Keuken': ' Eigen ', 'Badkamer': ' Eigen ', 'Toilet': ' Eigen ', 'Internet': ' Ja ', 'Energielabel': ' Onbekend ', 'Huisdieren': ' Nee '}",
Dr. C. Hofstede de Grootkade,in Groningen,32 m,,â‚¬ 700,p/m | incl. g/w/e,Gestoffeerd,01-10-2021 tot 01-03-2022,2 dagen geleden geplaatst,https://kamernet.nl/huren/studio-groningen/dr.-c.-hofstede-de-grootkade/studio-1984222,"{'Woonkamer': ' Geen ', 'Keuken': ' Eigen ', 'Badkamer': ' Eigen ', 'Toilet': ' Eigen ', 'Internet': ' Ja ', 'Energielabel': ' Onbekend ', 'Huisdieren': ' Nee '}",
Dr. C. Hofstede de Grootkade,in Groningen,32 m,,â‚¬ 700,p/m | incl. g/w/e,Gestoffeerd,01-10-2021 tot 01-03-2022,2 dagen geleden geplaatst,https://kamernet.nl/huren/studio-groningen/dr.-c.-hofstede-de-grootkade/studio-1984223,"{'Woonkamer': ' Geen ', 'Keuken': ' Eigen ', 'Badkamer': ' Eigen ', 'Toilet': ' Eigen ', 'Internet': ' Ja ', 'Energielabel': ' Onbekend ', 'Huisdieren': ' Nee '}",
Ruysdaelkade,in Amsterdam,12 m,Totale oppervlakte: 85 m 2,â‚¬ 875,p/m | excl. g/w/e,Kaal,01-11-2021,2 dagen geleden geplaatst,https://kamernet.nl/huren/kamer-amsterdam/ruysdaelkade/kamer-1984219,"{'Woonkamer': ' Gedeeld ', 'Keuken': ' Gedeeld ', 'Badkamer': ' Gedeeld ', 'Toilet': ' Gedeeld ', 'Internet': ' Ja ', 'Energielabel': ' Onbekend ', 'Huisgenoten': '  1 ', 'Geslacht': ' Man ', 'Huisdieren': ' Nee '}",
Antiloopstraat,in Nijmegen,16 m,Totale oppervlakte: 12 m 2,â‚¬ 350,p/m | incl. g/w/e,Gemeubileerd,31-08-2021,2 dagen geleden geplaatst,https://kamernet.nl/huren/kamer-nijmegen/antiloopstraat/kamer-1984227,"{'Woonkamer': ' Geen ', 'Keuken': ' Gedeeld ', 'Badkamer': ' Gedeeld ', 'Toilet': ' Gedeeld ', 'Internet': ' Ja ', 'Energielabel': ' Onbekend ', 'Huisgenoten': '  2 ', 'Geslacht': ' Vrouw ', 'Huisdieren': ' Nee '}",
Generaal Eisenhowerweg,in Berkel-Enschot,102 m,Totaal 2 kamers,â‚¬ 750,p/m | excl. g/w/e,Gestoffeerd,01-09-2021,2 dagen geleden geplaatst,https://kamernet.nl/huren/appartement-berkel-enschot/generaal-eisenhowerweg/appartement-1984204,"{'Woonkamer': ' Onbekend ', 'Keuken': ' Onbekend ', 'Badkamer': ' Onbekend ', 'Toilet': ' Onbekend ', 'Internet': ' Onbekend ', 'Energielabel': ' Onbekend ', 'Huisdieren': ' In overleg '}",
Zalkerbos,in Hoofddorp,24 m,Totale oppervlakte: 3 m 2,â‚¬ 550,p/m | incl. g/w/e,Gemeubileerd,11-09-2021 tot 11-03-2022,2 dagen geleden geplaatst,https://kamernet.nl/huren/kamer-hoofddorp/zalkerbos/kamer-1984226,"{'Woonkamer': ' Eigen ', 'Keuken': ' Eigen ', 'Badkamer': ' Gedeeld ', 'Toilet': ' Gedeeld ', 'Internet': ' Onbekend ', 'Energielabel': ' Onbekend ', 'Huisgenoten': '  1 ', 'Geslacht': ' Vrouw ', 'Huisdieren': ' Nee '}",
Cornelis Troostplein,in Amsterdam,18 m,,â‚¬ 800,p/m | excl. g/w/e,Gestoffeerd,01-09-2021,2 dagen geleden geplaatst,https://kamernet.nl/huren/kamer-amsterdam/cornelis-troostplein/kamer-1984158,"{'Woonkamer': ' Gedeeld ', 'Keuken': ' Gedeeld ', 'Badkamer': ' Gedeeld ', 'Toilet': ' Gedeeld ', 'Internet': ' Ja ', 'Energielabel': ' Onbekend ', 'Huisgenoten': '  1 ', 'Geslacht': ' Man ', 'Huisdieren': ' Nee '}",
Van Swietenstraat,in Den Haag,65 m,Totaal 3 kamers (2 slaapkamers) ,â‚¬ 975,p/m | excl. g/w/e,Gestoffeerd,01-10-2021,2 dagen geleden geplaatst,https://kamernet.nl/huren/appartement-den-haag/van-swietenstraat/appartement-1984165,"{'Woonkamer': ' Eigen ', 'Keuken': ' Eigen ', 'Badkamer': ' Eigen ', 'Toilet': ' Eigen ', 'Internet': ' Ja ', 'Energielabel': ' Onbekend ', 'Huisdieren': ' In overleg '}",
Oost-Indieplaats,in Delft,20 m,,â‚¬ 355,p/m | incl. g/w/e,Gestoffeerd,01-10-2021,2 dagen geleden geplaatst,https://kamernet.nl/huren/kamer-delft/oost-indieplaats/kamer-1984163,"{'Woonkamer': ' Gedeeld ', 'Keuken': ' Gedeeld ', 'Badkamer': ' Gedeeld ', 'Toilet': ' Gedeeld ', 'Internet': ' Ja ', 'Energielabel': ' Onbekend ', 'Huisgenoten': '  3 ', 'Geslacht': ' Vrouw ', 'Huisdieren': ' In overleg '}",
Zijlweg,in Haarlem,12 m,,â‚¬ 295,p/m | incl. g/w/e,Kaal,01-09-2021,2 dagen geleden geplaatst,https://kamernet.nl/huren/kamer-haarlem/zijlweg/kamer-1984167,"{'Woonkamer': ' Geen ', 'Keuken': ' Gedeeld ', 'Badkamer': ' Gedeeld ', 'Toilet': ' Gedeeld ', 'Internet': ' Ja ', 'Energielabel': ' Onbekend ', 'Huisgenoten': '  Onbekend  ', 'Geslacht': ' Onbekend ', 'Huisdieren': ' Nee '}",
H. Cleyndertweg,in Amsterdam,10 m,Totale oppervlakte: 134 m 2,â‚¬ 740,p/m | incl. g/w/e,Gemeubileerd,15-09-2021,2 dagen geleden geplaatst,https://kamernet.nl/huren/kamer-amsterdam/h.-cleyndertweg/kamer-1984168,"{'Woonkamer': ' Gedeeld ', 'Keuken': ' Gedeeld ', 'Badkamer': ' Gedeeld ', 'Toilet': ' Gedeeld ', 'Internet': ' Ja ', 'Energielabel': ' Onbekend ', 'Huisgenoten': '  4  ', 'Geslacht': ' Gemengd ', 'Huisdieren': ' Nee '}",
Hogerhoeve,in Nieuwegein,140 m,Totaal 6 kamers (4 slaapkamers) ,â‚¬ 1500,p/m | excl. g/w/e,Gemeubileerd,31-08-2021,2 dagen geleden geplaatst,https://kamernet.nl/huren/appartement-nieuwegein/hogerhoeve/appartement-1984180,"{'Woonkamer': ' Eigen ', 'Keuken': ' Eigen ', 'Badkamer': ' Eigen ', 'Toilet': ' Eigen ', 'Internet': ' Ja ', 'Energielabel': ' A ', 'Huisdieren': ' Nee '}",
Saffraanplein,in Almere,55 m,Totaal 2 kamers (1 slaapkamer) ,â‚¬ 1200,p/m | incl. g/w/e,Gemeubileerd,03-10-2021 tot 01-02-2022,2 dagen geleden geplaatst,https://kamernet.nl/huren/appartement-almere/saffraanplein/appartement-1984181,"{'Woonkamer': ' Eigen ', 'Keuken': ' Eigen ', 'Badkamer': ' Eigen ', 'Toilet': ' Eigen ', 'Internet': ' Ja ', 'Energielabel': ' A ', 'Huisdieren': ' Ja '}",
Soestdijksekade,in Den Haag,16 m,,â‚¬ 495,p/m | incl. g/w/e,Gemeubileerd,15-09-2021,2 dagen geleden geplaatst,https://kamernet.nl/huren/kamer-den-haag/soestdijksekade/kamer-1984188,"{'Woonkamer': ' Gedeeld ', 'Keuken': ' Gedeeld ', 'Badkamer': ' Gedeeld ', 'Toilet': ' Gedeeld ', 'Internet': ' Ja ', 'Energielabel': ' Onbekend ', 'Huisgenoten': '  1 ', 'Geslacht': ' Vrouw ', 'Huisdieren': ' Nee '}",
Varenstraat,in Soest,14 m,,â‚¬ 450,p/m | incl. g/w/e,Gestoffeerd,31-08-2021,2 dagen geleden geplaatst,https://kamernet.nl/huren/kamer-soest/varenstraat/kamer-1984189,"{'Woonkamer': ' Geen ', 'Keuken': ' Gedeeld ', 'Badkamer': ' Gedeeld ', 'Toilet': ' Gedeeld ', 'Internet': ' Ja ', 'Energielabel': ' Onbekend ', 'Huisgenoten': '  4  ', 'Geslacht': ' Gemengd ', 'Huisdieren': ' In overleg '}",
Amerikalaan,in Utrecht,20 m,,â‚¬ 575,p/m | incl. g/w/e,Gestoffeerd,31-08-2021,2 dagen geleden geplaatst,https://kamernet.nl/huren/kamer-utrecht/amerikalaan/kamer-1984196,"{'Woonkamer': ' Eigen ', 'Keuken': ' Gedeeld ', 'Badkamer': ' Gedeeld ', 'Toilet': ' Gedeeld ', 'Internet': ' Ja ', 'Energielabel': ' Onbekend ', 'Huisgenoten': '  2 ', 'Geslacht': ' Man ', 'Huisdieren': ' Nee '}",
Rijnlaan,in Utrecht,23 m,Totale oppervlakte: 10 m 2,â‚¬ 675,p/m | incl. g/w/e,Gestoffeerd,01-09-2021,2 dagen geleden geplaatst,https://kamernet.nl/huren/kamer-utrecht/rijnlaan/kamer-1984257,"{'Woonkamer': ' Eigen ', 'Keuken': ' Eigen ', 'Badkamer': ' Eigen ', 'Toilet': ' Gedeeld ', 'Internet': ' Ja ', 'Energielabel': ' Onbekend ', 'Huisgenoten': '  5 ', 'Geslacht': ' Gemengd ', 'Huisdieren': ' Nee '}",
Oude Delft,in Delft,55 m,Totale oppervlakte: 70 m 2,â‚¬ 600,p/m | incl. g/w/e,Gestoffeerd,15-09-2021,2 dagen geleden geplaatst,https://kamernet.nl/huren/kamer-delft/oude-delft/kamer-1984290,"{'Woonkamer': ' Gedeeld ', 'Keuken': ' Gedeeld ', 'Badkamer': ' Gedeeld ', 'Toilet': ' Gedeeld ', 'Internet': ' Ja ', 'Energielabel': ' Onbekend ', 'Huisgenoten': '  Meer dan 8 ', 'Geslacht': ' Gemengd ', 'Huisdieren': ' In overleg '}",
John Franklinstraat,in Amsterdam,20 m,Totale oppervlakte: 30 m 2,â‚¬ 500,p/m | incl. g/w/e,Gemeubileerd,31-08-2021 tot 31-05-2023,2 dagen geleden geplaatst,https://kamernet.nl/huren/kamer-amsterdam/john-franklinstraat/kamer-1984250,"{'Woonkamer': ' Geen ', 'Keuken': ' Gedeeld ', 'Badkamer': ' Gedeeld ', 'Toilet': ' Gedeeld ', 'Internet': ' Ja ', 'Energielabel': ' Onbekend ', 'Huisgenoten': '  1 ', 'Geslacht': ' Man ', 'Huisdieren': ' Nee '}",
Cremerstraat,in Utrecht,9 m,Totale oppervlakte: 60 m 2,â‚¬ 400,p/m | incl. g/w/e,Gemeubileerd,01-11-2021,2 dagen geleden geplaatst,https://kamernet.nl/huren/kamer-utrecht/cremerstraat/kamer-1984265,"{'Woonkamer': ' Gedeeld ', 'Keuken': ' Gedeeld ', 'Badkamer': ' Gedeeld ', 'Toilet': ' Gedeeld ', 'Internet': ' Ja ', 'Energielabel': ' Onbekend ', 'Huisgenoten': '  3 ', 'Geslacht': ' Vrouw ', 'Huisdieren': ' In overleg '}",
Linnaeusstraat,in Utrecht,50 m,Totaal 2 kamers (1 slaapkamer) ,â‚¬ 1349,p/m | excl. g/w/e,Gestoffeerd,31-08-2021,2 dagen geleden geplaatst,https://kamernet.nl/huren/appartement-utrecht/linnaeusstraat/appartement-1984263,"{'Woonkamer': ' Eigen ', 'Keuken': ' Eigen ', 'Badkamer': ' Eigen ', 'Toilet': ' Eigen ', 'Internet': ' Ja ', 'Energielabel': ' Onbekend ', 'Huisdieren': ' Ja '}",
Utrechtseweg,in Hilversum,30 m,,â‚¬ 580,p/m | incl. g/w/e,Gestoffeerd,01-10-2021,2 dagen geleden geplaatst,https://kamernet.nl/huren/kamer-hilversum/utrechtseweg/kamer-1984264,"{'Woonkamer': ' Eigen ', 'Keuken': ' Eigen ', 'Badkamer': ' Eigen ', 'Toilet': ' Gedeeld ', 'Internet': ' Ja ', 'Energielabel': ' F ', 'Huisgenoten': '  3 ', 'Geslacht': ' Man ', 'Huisdieren': ' Nee '}",
Taurusstraat,in Enschede,15 m,,â‚¬ 350,p/m | incl. g/w/e,Gestoffeerd,01-10-2021,2 dagen geleden geplaatst,https://kamernet.nl/huren/kamer-enschede/taurusstraat/kamer-1984273,"{'Woonkamer': ' Gedeeld ', 'Keuken': ' Gedeeld ', 'Badkamer': ' Gedeeld ', 'Toilet': ' Gedeeld ', 'Internet': ' Ja ', 'Energielabel': ' Onbekend ', 'Huisgenoten': '  Onbekend  ', 'Geslacht': ' Onbekend ', 'Huisdieren': ' Nee '}",
Cobradreef,in Utrecht,30 m,,â‚¬ 750,p/m | incl. g/w/e,Gestoffeerd,01-09-2021 tot 31-12-2021,2 dagen geleden geplaatst,https://kamernet.nl/huren/kamer-utrecht/cobradreef/kamer-1984277,"{'Woonkamer': ' Eigen ', 'Keuken': ' Eigen ', 'Badkamer': ' Eigen ', 'Toilet': ' Eigen ', 'Internet': ' Ja ', 'Energielabel': ' F ', 'Huisgenoten': '  Onbekend  ', 'Geslacht': ' Gemengd ', 'Huisdieren': ' Nee '}",
Van Beuningenstraat,in Amsterdam,50 m,,â‚¬ 1500,p/m | excl. g/w/e,Gemeubileerd,01-09-2021,2 dagen geleden geplaatst,https://kamernet.nl/huren/appartement-amsterdam/van-beuningenstraat/appartement-1984210,"{'Woonkamer': ' Onbekend ', 'Keuken': ' Onbekend ', 'Badkamer': ' Onbekend ', 'Toilet': ' Onbekend ', 'Internet': ' Onbekend ', 'Energielabel': ' Onbekend ', 'Huisdieren': ' In overleg '}",
Schuitendiep,in Groningen,12 m,,â‚¬ 370,p/m | incl. g/w/e,Kaal,01-10-2021 tot 01-06-2022,2 dagen geleden geplaatst,https://kamernet.nl/huren/kamer-groningen/schuitendiep/kamer-1984281,"{'Woonkamer': ' Gedeeld ', 'Keuken': ' Gedeeld ', 'Badkamer': ' Gedeeld ', 'Toilet': ' Gedeeld ', 'Internet': ' Ja ', 'Energielabel': ' Onbekend ', 'Huisgenoten': '  3 ', 'Geslacht': ' Gemengd ', 'Huisdieren': ' Nee '}",
Poeijersstraat,in Eindhoven,13 m,,â‚¬ 470,p/m | incl. g/w/e,Gemeubileerd,31-08-2021,2 dagen geleden geplaatst,https://kamernet.nl/huren/kamer-eindhoven/poeijersstraat/kamer-1984282,"{'Woonkamer': ' Geen ', 'Keuken': ' Gedeeld ', 'Badkamer': ' Gedeeld ', 'Toilet': ' Gedeeld ', 'Internet': ' Ja ', 'Energielabel': ' Onbekend ', 'Huisgenoten': '  2 ', 'Geslacht': ' Vrouw ', 'Huisdieren': ' Nee '}",
Campuslaan,in Enschede,14 m,,â‚¬ 292,p/m | incl. g/w/e,Kaal,30-09-2021,2 dagen geleden geplaatst,https://kamernet.nl/huren/kamer-enschede/campuslaan/kamer-1984268,"{'Woonkamer': ' Gedeeld ', 'Keuken': ' Gedeeld ', 'Badkamer': ' Gedeeld ', 'Toilet': ' Gedeeld ', 'Internet': ' Ja ', 'Energielabel': ' Onbekend ', 'Huisgenoten': '  Meer dan 8 ', 'Geslacht': ' Gemengd ', 'Huisdieren': ' Nee '}",
Pallaesstraat,in Utrecht,14 m,,â‚¬ 375,p/m | incl. g/w/e,Gestoffeerd,01-10-2021,2 dagen geleden geplaatst,https://kamernet.nl/huren/kamer-utrecht/pallaesstraat/kamer-1984287,"{'Woonkamer': ' Geen ', 'Keuken': ' Gedeeld ', 'Badkamer': ' Gedeeld ', 'Toilet': ' Gedeeld ', 'Internet': ' Ja ', 'Energielabel': ' Onbekend ', 'Huisgenoten': '  4  ', 'Geslacht': ' Vrouw ', 'Huisdieren': ' Nee '}",
Buitenwatersloot,in Delft,11 m,,â‚¬ 211,p/m | incl. g/w/e,Kaal,13-09-2021,2 dagen geleden geplaatst,https://kamernet.nl/huren/kamer-delft/buitenwatersloot/kamer-1984294,"{'Woonkamer': ' Gedeeld ', 'Keuken': ' Gedeeld ', 'Badkamer': ' Gedeeld ', 'Toilet': ' Gedeeld ', 'Internet': ' Ja ', 'Energielabel': ' Onbekend ', 'Huisgenoten': '  6 ', 'Geslacht': ' Man ', 'Huisdieren': ' In overleg '}",
Boulevard Heuvelink,in Arnhem,50 m,Totale oppervlakte: 5 m 2,â‚¬ 600,p/m | incl. g/w/e,Kaal,01-10-2021,2 dagen geleden geplaatst,https://kamernet.nl/huren/kamer-arnhem/boulevard-heuvelink/kamer-1984297,"{'Woonkamer': ' Eigen ', 'Keuken': ' Eigen ', 'Badkamer': ' Gedeeld ', 'Toilet': ' Gedeeld ', 'Internet': ' Ja ', 'Energielabel': ' Onbekend ', 'Huisgenoten': '  3 ', 'Geslacht': ' Vrouw ', 'Huisdieren': ' Nee '}",
Traaij,in Driebergen-Rijsenburg,15 m,Totale oppervlakte: 45 m 2,â‚¬ 550,p/m | excl. g/w/e,Gestoffeerd,01-10-2021,2 dagen geleden geplaatst,https://kamernet.nl/huren/kamer-driebergen-rijsenburg/traaij/kamer-1984200,"{'Woonkamer': ' Gedeeld ', 'Keuken': ' Gedeeld ', 'Badkamer': ' Gedeeld ', 'Toilet': ' Gedeeld ', 'Internet': ' Ja ', 'Energielabel': ' Onbekend ', 'Huisgenoten': '  3 ', 'Geslacht': ' Vrouw ', 'Huisdieren': ' Nee '}",
Nieuwstraat,in Leiden,75 m,,â‚¬ 875,p/m | excl. g/w/e,Kaal,01-09-2021,2 dagen geleden geplaatst,https://kamernet.nl/huren/kamer-leiden/nieuwstraat/kamer-1984288,"{'Woonkamer': ' Eigen ', 'Keuken': ' Eigen ', 'Badkamer': ' Eigen ', 'Toilet': ' Eigen ', 'Internet': ' Onbekend ', 'Energielabel': ' Onbekend ', 'Huisgenoten': '  Onbekend  ', 'Geslacht': ' Onbekend ', 'Huisdieren': ' Nee '}",
Lutmastraat,in Amsterdam,11 m,,â‚¬ 680,p/m | excl. g/w/e,Gestoffeerd,10-09-2021 tot 29-12-2021,2 dagen geleden geplaatst,https://kamernet.nl/huren/kamer-amsterdam/lutmastraat/kamer-1984302,"{'Woonkamer': ' Gedeeld ', 'Keuken': ' Gedeeld ', 'Badkamer': ' Gedeeld ', 'Toilet': ' Gedeeld ', 'Internet': ' Ja ', 'Energielabel': ' Onbekend ', 'Huisgenoten': '  2 ', 'Geslacht': ' Man ', 'Huisdieren': ' Nee '}",
Nassaustraat,in Eindhoven,16 m,,â‚¬ 270,p/m | incl. g/w/e,Kaal,01-10-2021,2 dagen geleden geplaatst,https://kamernet.nl/huren/kamer-eindhoven/nassaustraat/kamer-1984309,"{'Woonkamer': ' Gedeeld ', 'Keuken': ' Gedeeld ', 'Badkamer': ' Gedeeld ', 'Toilet': ' Gedeeld ', 'Internet': ' Nee ', 'Energielabel': ' Onbekend ', 'Huisgenoten': '  Meer dan 8 ', 'Geslacht': ' Gemengd ', 'Huisdieren': ' Nee '}",
Boulevard Heuvelink,in Arnhem,40 m,,â‚¬ 895,p/m | incl. g/w/e,Gestoffeerd,30-09-2021,2 dagen geleden geplaatst,https://kamernet.nl/huren/appartement-arnhem/boulevard-heuvelink/appartement-1984308,"{'Woonkamer': ' Geen ', 'Keuken': ' Eigen ', 'Badkamer': ' Eigen ', 'Toilet': ' Eigen ', 'Internet': ' Ja ', 'Energielabel': ' A ', 'Huisdieren': ' Nee '}",
Boezemsingel,in Rotterdam,12 m,Totale oppervlakte: 70 m 2,â‚¬ 590,p/m | incl. g/w/e,Gestoffeerd,01-10-2021,2 dagen geleden geplaatst,https://kamernet.nl/huren/kamer-rotterdam/boezemsingel/kamer-1984199,"{'Woonkamer': ' Gedeeld ', 'Keuken': ' Gedeeld ', 'Badkamer': ' Gedeeld ', 'Toilet': ' Gedeeld ', 'Internet': ' Ja ', 'Energielabel': ' Onbekend ', 'Huisgenoten': '  Onbekend  ', 'Geslacht': ' Onbekend ', 'Huisdieren': ' Nee '}",
A.E. Gorterweg,in Woldendorp,14 m,Totale oppervlakte: 50 m 2,â‚¬ 500,p/m | incl. g/w/e,Gemeubileerd,01-09-2021,2 dagen geleden geplaatst,https://kamernet.nl/huren/kamer-woldendorp/a.e.-gorterweg/kamer-1983915,"{'Woonkamer': ' Onbekend ', 'Keuken': ' Onbekend ', 'Badkamer': ' Onbekend ', 'Toilet': ' Onbekend ', 'Internet': ' Onbekend ', 'Energielabel': ' Onbekend ', 'Huisgenoten': '  2 ', 'Geslacht': ' Man ', 'Huisdieren': ' In overleg '}",
Van Oldenbarneveltlaan,in Groningen,71 m,Totaal 3 kamers (2 slaapkamers) ,â‚¬ 1250,p/m | incl. g/w/e,Gestoffeerd,01-09-2021,2 dagen geleden geplaatst,https://kamernet.nl/huren/appartement-groningen/van-oldenbarneveltlaan/appartement-1984315,"{'Woonkamer': ' Eigen ', 'Keuken': ' Eigen ', 'Badkamer': ' Eigen ', 'Toilet': ' Eigen ', 'Internet': ' Ja ', 'Energielabel': ' Onbekend ', 'Huisdieren': ' Nee '}",
Koornmarkt,in Delft,12 m,,â‚¬ 300,p/m | incl. g/w/e,Gestoffeerd,06-09-2021,2 dagen geleden geplaatst,https://kamernet.nl/huren/kamer-delft/koornmarkt/kamer-1911412,"{'Woonkamer': ' Gedeeld ', 'Keuken': ' Gedeeld ', 'Badkamer': ' Gedeeld ', 'Toilet': ' Gedeeld ', 'Internet': ' Ja ', 'Energielabel': ' Onbekend ', 'Huisgenoten': '  Meer dan 8 ', 'Geslacht': ' Gemengd ', 'Huisdieren': ' In overleg '}",
Hilvertsweg,in Hilversum,35 m,,â‚¬ 700,p/m | incl. g/w/e,Gestoffeerd,06-09-2021,2 dagen geleden geplaatst,https://kamernet.nl/huren/kamer-hilversum/hilvertsweg/kamer-1984359,"{'Woonkamer': ' Geen ', 'Keuken': ' Eigen ', 'Badkamer': ' Eigen ', 'Toilet': ' Eigen ', 'Internet': ' Ja ', 'Energielabel': ' D ', 'Huisgenoten': '  Onbekend  ', 'Geslacht': ' Onbekend ', 'Huisdieren': ' Nee '}",
IJselstraat,in Assen,22 m,,â‚¬ 425,p/m | incl. g/w/e,Gestoffeerd,15-11-2021,2 dagen geleden geplaatst,https://kamernet.nl/huren/kamer-assen/ijselstraat/kamer-1984365,"{'Woonkamer': ' Eigen ', 'Keuken': ' Eigen ', 'Badkamer': ' Gedeeld ', 'Toilet': ' Gedeeld ', 'Internet': ' Ja ', 'Energielabel': ' Onbekend ', 'Huisgenoten': '  2 ', 'Geslacht': ' Gemengd ', 'Huisdieren': ' Nee '}",
Overtoom,in Amsterdam,18 m,,â‚¬ 950,p/m | excl. g/w/e,Gemeubileerd,01-09-2021 tot 31-08-2022,2 dagen geleden geplaatst,https://kamernet.nl/huren/studio-amsterdam/overtoom/studio-1984324,"{'Woonkamer': ' Eigen ', 'Keuken': ' Eigen ', 'Badkamer': ' Eigen ', 'Toilet': ' Eigen ', 'Internet': ' Ja ', 'Energielabel': ' B ', 'Huisdieren': ' Nee '}",
Rosendaalsestraat,in Arnhem,15 m,Totale oppervlakte: 55 m 2,â‚¬ 300,p/m | incl. g/w/e,Gestoffeerd,01-09-2021,2 dagen geleden geplaatst,https://kamernet.nl/huren/kamer-arnhem/rosendaalsestraat/kamer-1984341,"{'Woonkamer': ' Geen ', 'Keuken': ' Gedeeld ', 'Badkamer': ' Gedeeld ', 'Toilet': ' Gedeeld ', 'Internet': ' Ja ', 'Energielabel': ' Onbekend ', 'Huisgenoten': '  3 ', 'Geslacht': ' Gemengd ', 'Huisdieren': ' In overleg '}",
IJdoornlaan,in Amsterdam,16 m,Totale oppervlakte: 100 m 2,â‚¬ 700,p/m | incl. g/w/e,Gemeubileerd,01-09-2021,2 dagen geleden geplaatst,https://kamernet.nl/huren/kamer-amsterdam/ijdoornlaan/kamer-1984320,"{'Woonkamer': ' Gedeeld ', 'Keuken': ' Gedeeld ', 'Badkamer': ' Gedeeld ', 'Toilet': ' Gedeeld ', 'Internet': ' Ja ', 'Energielabel': ' B ', 'Huisgenoten': '  1 ', 'Geslacht': ' Vrouw ', 'Huisdieren': ' Nee '}",
Boomgaardlaan,in Amsterdam,20 m,,â‚¬ 800,p/m | incl. g/w/e,Gemeubileerd,31-08-2021 tot 01-09-2021,2 dagen geleden geplaatst,https://kamernet.nl/huren/kamer-amsterdam/boomgaardlaan/kamer-1984346,"{'Woonkamer': ' Gedeeld ', 'Keuken': ' Gedeeld ', 'Badkamer': ' Gedeeld ', 'Toilet': ' Gedeeld ', 'Internet': ' Ja ', 'Energielabel': ' Onbekend ', 'Huisgenoten': '  Onbekend  ', 'Geslacht': ' Onbekend ', 'Huisdieren': ' Nee '}",
Jacoba van Beierenlaan,in Delft,13 m,,â‚¬ 350,p/m | incl. g/w/e,Gestoffeerd,17-09-2021,2 dagen geleden geplaatst,https://kamernet.nl/huren/kamer-delft/jacoba-van-beierenlaan/kamer-1984340,"{'Woonkamer': ' Gedeeld ', 'Keuken': ' Gedeeld ', 'Badkamer': ' Gedeeld ', 'Toilet': ' Gedeeld ', 'Internet': ' Ja ', 'Energielabel': ' Onbekend ', 'Huisgenoten': '  Meer dan 8 ', 'Geslacht': ' Gemengd ', 'Huisdieren': ' In overleg '}",
Fagelstraat,in Nijmegen,66 m,Totaal 3 kamers (2 slaapkamers) ,â‚¬ 1100,p/m | excl. g/w/e,Gestoffeerd,06-09-2021,2 dagen geleden geplaatst,https://kamernet.nl/huren/appartement-nijmegen/fagelstraat/appartement-1984325,"{'Woonkamer': ' Eigen ', 'Keuken': ' Eigen ', 'Badkamer': ' Eigen ', 'Toilet': ' Eigen ', 'Internet': ' Nee ', 'Energielabel': ' G ', 'Huisdieren': ' In overleg '}",
Poolseweg,in Breda,14 m,,â‚¬ 350,p/m | incl. g/w/e,Gestoffeerd,01-10-2021,2 dagen geleden geplaatst,https://kamernet.nl/huren/kamer-breda/poolseweg/kamer-1984373,"{'Woonkamer': ' Geen ', 'Keuken': ' Gedeeld ', 'Badkamer': ' Gedeeld ', 'Toilet': ' Gedeeld ', 'Internet': ' Ja ', 'Energielabel': ' E ', 'Huisgenoten': '  3 ', 'Geslacht': ' Vrouw ', 'Huisdieren': ' Nee '}",
Professor Enno Dirk Wiersmastraat,in Groningen,16 m,,â‚¬ 380,p/m | incl. g/w/e,Gestoffeerd,01-10-2021,2 dagen geleden geplaatst,https://kamernet.nl/huren/kamer-groningen/professor-enno-dirk-wiersmastraat/kamer-1984386,"{'Woonkamer': ' Geen ', 'Keuken': ' Gedeeld ', 'Badkamer': ' Gedeeld ', 'Toilet': ' Gedeeld ', 'Internet': ' Ja ', 'Energielabel': ' Onbekend ', 'Huisgenoten': '  2 ', 'Geslacht': ' Vrouw ', 'Huisdieren': ' Nee '}",
Van Bleyswijckstraat,in Delft,10 m,Totale oppervlakte: 60 m 2,â‚¬ 420,p/m | incl. g/w/e,Gemeubileerd,13-09-2021 tot 01-05-2022,2 dagen geleden geplaatst,https://kamernet.nl/huren/kamer-delft/van-bleyswijckstraat/kamer-1984350,"{'Woonkamer': ' Gedeeld ', 'Keuken': ' Gedeeld ', 'Badkamer': ' Gedeeld ', 'Toilet': ' Gedeeld ', 'Internet': ' Ja ', 'Energielabel': ' Onbekend ', 'Huisgenoten': '  2 ', 'Geslacht': ' Vrouw ', 'Huisdieren': ' Nee '}",
Hamerstraat,in Den Haag,125 m,Totaal 4 kamers (1 slaapkamer) ,â‚¬ 2050,p/m | excl. g/w/e,Gemeubileerd,15-09-2021 tot 14-09-2023,2 dagen geleden geplaatst,https://kamernet.nl/huren/appartement-den-haag/hamerstraat/appartement-1984353,"{'Woonkamer': ' Eigen ', 'Keuken': ' Eigen ', 'Badkamer': ' Eigen ', 'Toilet': ' Eigen ', 'Internet': ' Ja ', 'Energielabel': ' Onbekend ', 'Huisdieren': ' Nee '}",
Regentesselaan,in Den Haag,44 m,,â‚¬ 675,p/m | incl. g/w/e,Gestoffeerd,01-10-2021,2 dagen geleden geplaatst,https://kamernet.nl/huren/studio-den-haag/regentesselaan/studio-1984381,"{'Woonkamer': ' Eigen ', 'Keuken': ' Eigen ', 'Badkamer': ' Eigen ', 'Toilet': ' Eigen ', 'Internet': ' Ja ', 'Energielabel': ' Onbekend ', 'Huisdieren': ' Nee '}",
Slotermeerlaan,in Amsterdam,19 m,Totale oppervlakte: 140 m 2,â‚¬ 850,p/m | incl. g/w/e,Gemeubileerd,27-08-2021 tot 31-08-2022,2 dagen geleden geplaatst,https://kamernet.nl/huren/kamer-amsterdam/slotermeerlaan/kamer-1983243,"{'Woonkamer': ' Gedeeld ', 'Keuken': ' Gedeeld ', 'Badkamer': ' Gedeeld ', 'Toilet': ' Gedeeld ', 'Internet': ' Ja ', 'Energielabel': ' A ', 'Huisgenoten': '  3 ', 'Geslacht': ' Gemengd ', 'Huisdieren': ' Nee '}",
Vierambachtsstraat,in Rotterdam,23 m,,â‚¬ 623,p/m | incl. g/w/e,Gemeubileerd,30-09-2021 tot 31-08-2022,2 dagen geleden geplaatst,https://kamernet.nl/huren/studio-rotterdam/vierambachtsstraat/studio-1916826,"{'Woonkamer': ' Eigen ', 'Keuken': ' Eigen ', 'Badkamer': ' Eigen ', 'Toilet': ' Eigen ', 'Internet': ' Ja ', 'Energielabel': ' D ', 'Huisdieren': ' Nee '}",
Watertuin,in Warmond,79 m,,â‚¬ 995,p/m | excl. g/w/e,Gemeubileerd,15-10-2021,2 dagen geleden geplaatst,https://kamernet.nl/huren/appartement-warmond/watertuin/appartement-1984213,"{'Woonkamer': ' Onbekend ', 'Keuken': ' Onbekend ', 'Badkamer': ' Onbekend ', 'Toilet': ' Onbekend ', 'Internet': ' Onbekend ', 'Energielabel': ' Onbekend ', 'Huisdieren': ' In overleg '}",
Kastanjelaan,in Nijmegen,70 m,,â‚¬ 1050,p/m | excl. g/w/e,Gestoffeerd,05-09-2021,2 dagen geleden geplaatst,https://kamernet.nl/huren/appartement-nijmegen/kastanjelaan/appartement-1984396,"{'Woonkamer': ' Geen ', 'Keuken': ' Eigen ', 'Badkamer': ' Eigen ', 'Toilet': ' Eigen ', 'Internet': ' Ja ', 'Energielabel': ' A ', 'Huisdieren': ' Nee '}",
Parklaan,in Soest,44 m,,â‚¬ 450,p/m | excl. g/w/e,Gestoffeerd,31-08-2021,2 dagen geleden geplaatst,https://kamernet.nl/huren/appartement-soest/parklaan/appartement-1984399,"{'Woonkamer': ' Eigen ', 'Keuken': ' Eigen ', 'Badkamer': ' Eigen ', 'Toilet': ' Eigen ', 'Internet': ' Ja ', 'Energielabel': ' Onbekend ', 'Huisdieren': ' Nee '}",
James Wattstraat,in Groningen,60 m,Totaal 2 kamers (1 slaapkamer) ,â‚¬ 1250,p/m | excl. g/w/e,Gemeubileerd,01-09-2021,2 dagen geleden geplaatst,https://kamernet.nl/huren/appartement-groningen/james-wattstraat/appartement-1978944,"{'Woonkamer': ' Eigen ', 'Keuken': ' Eigen ', 'Badkamer': ' Eigen ', 'Toilet': ' Eigen ', 'Internet': ' Ja ', 'Energielabel': ' A ', 'Huisdieren': ' In overleg '}",
Bocholtstraat,in Amsterdam,10 m,,â‚¬ 550,p/m | incl. g/w/e,Gemeubileerd,31-08-2021,2 dagen geleden geplaatst,https://kamernet.nl/huren/kamer-amsterdam/bocholtstraat/kamer-1984403,"{'Woonkamer': ' Geen ', 'Keuken': ' Gedeeld ', 'Badkamer': ' Gedeeld ', 'Toilet': ' Gedeeld ', 'Internet': ' Ja ', 'Energielabel': ' Onbekend ', 'Huisgenoten': '  3 ', 'Geslacht': ' Gemengd ', 'Huisdieren': ' Nee '}",
Hertspieghelweg,in Amsterdam,16 m,,â‚¬ 850,p/m | incl. g/w/e,Gemeubileerd,01-09-2021,2 dagen geleden geplaatst,https://kamernet.nl/huren/kamer-amsterdam/hertspieghelweg/kamer-1984406,"{'Woonkamer': ' Eigen ', 'Keuken': ' Eigen ', 'Badkamer': ' Eigen ', 'Toilet': ' Eigen ', 'Internet': ' Ja ', 'Energielabel': ' Onbekend ', 'Huisgenoten': '  Onbekend  ', 'Geslacht': ' Onbekend ', 'Huisdieren': ' Nee '}",
Gnephoek,in Alphen aan den Rijn,20 m,,â‚¬ 600,p/m | incl. g/w/e,Gestoffeerd,01-09-2021,2 dagen geleden geplaatst,https://kamernet.nl/huren/kamer-alphen-aan-den-rijn/gnephoek/kamer-1984412,"{'Woonkamer': ' Gedeeld ', 'Keuken': ' Gedeeld ', 'Badkamer': ' Eigen ', 'Toilet': ' Gedeeld ', 'Internet': ' Ja ', 'Energielabel': ' Onbekend ', 'Huisgenoten': '  4  ', 'Geslacht': ' Gemengd ', 'Huisdieren': ' Nee '}",
Karthuizersdwarsstraat,in Amsterdam,10 m,Totale oppervlakte: 70 m 2,â‚¬ 660,p/m | incl. g/w/e,Gemeubileerd,01-10-2021 tot 01-10-2022,2 dagen geleden geplaatst,https://kamernet.nl/huren/kamer-amsterdam/karthuizersdwarsstraat/kamer-1984415,"{'Woonkamer': ' Gedeeld ', 'Keuken': ' Gedeeld ', 'Badkamer': ' Gedeeld ', 'Toilet': ' Gedeeld ', 'Internet': ' Ja ', 'Energielabel': ' Onbekend ', 'Huisgenoten': '  1 ', 'Geslacht': ' Vrouw ', 'Huisdieren': ' Nee '}",
Eikenhorstlaan,in Voorhout,10 m,Totale oppervlakte: 80 m 2,â‚¬ 400,p/m | incl. g/w/e,Kaal,06-09-2021,2 dagen geleden geplaatst,https://kamernet.nl/huren/kamer-voorhout/eikenhorstlaan/kamer-1984293,"{'Woonkamer': ' Gedeeld ', 'Keuken': ' Gedeeld ', 'Badkamer': ' Gedeeld ', 'Toilet': ' Gedeeld ', 'Internet': ' Ja ', 'Energielabel': ' Onbekend ', 'Huisgenoten': '  2 ', 'Geslacht': ' Man ', 'Huisdieren': ' In overleg '}",
Kloosterkade,in Delft,9 m,,â‚¬ 392,p/m | incl. g/w/e,Gestoffeerd,01-10-2021,2 dagen geleden geplaatst,https://kamernet.nl/huren/kamer-delft/kloosterkade/kamer-1984425,"{'Woonkamer': ' Gedeeld ', 'Keuken': ' Gedeeld ', 'Badkamer': ' Gedeeld ', 'Toilet': ' Gedeeld ', 'Internet': ' Ja ', 'Energielabel': ' Onbekend ', 'Huisgenoten': '  5 ', 'Geslacht': ' Vrouw ', 'Huisdieren': ' Nee '}",
Merelstraat,in Tilburg,27 m,Totale oppervlakte: 9 m 2,â‚¬ 1025,p/m | excl. g/w/e,Gestoffeerd,20-09-2021,Gisteren geplaatst,https://kamernet.nl/huren/kamer-tilburg/merelstraat/kamer-1984446,"{'Woonkamer': ' Eigen ', 'Keuken': ' Gedeeld ', 'Badkamer': ' Eigen ', 'Toilet': ' Eigen ', 'Internet': ' Ja ', 'Energielabel': ' Onbekend ', 'Huisgenoten': '  4  ', 'Geslacht': ' Onbekend ', 'Huisdieren': ' Nee '}",
Boomstraat,in Tilburg,13 m,,â‚¬ 635,p/m | excl. g/w/e,Gestoffeerd,01-10-2021,Gisteren geplaatst,https://kamernet.nl/huren/kamer-tilburg/boomstraat/kamer-1984458,"{'Woonkamer': ' Onbekend ', 'Keuken': ' Gedeeld ', 'Badkamer': ' Eigen ', 'Toilet': ' Eigen ', 'Internet': ' Ja ', 'Energielabel': ' Onbekend ', 'Huisgenoten': '  4  ', 'Geslacht': ' Onbekend ', 'Huisdieren': ' In overleg '}",
Bos en Lommerweg,in Amsterdam,8 m,Totale oppervlakte: 30 m 2,â‚¬ 650,p/m | incl. g/w/e,Gemeubileerd,03-09-2021 tot 03-09-2023,Gisteren geplaatst,https://kamernet.nl/huren/kamer-amsterdam/bos-en-lommerweg/kamer-1984452,"{'Woonkamer': ' Gedeeld ', 'Keuken': ' Gedeeld ', 'Badkamer': ' Gedeeld ', 'Toilet': ' Gedeeld ', 'Internet': ' Ja ', 'Energielabel': ' Onbekend ', 'Huisgenoten': '  3 ', 'Geslacht': ' Vrouw ', 'Huisdieren': ' Nee '}",
St Catharinastraat,in Eindhoven,60 m,Totaal 1 kamer,â‚¬ 1045,p/m | excl. g/w/e,Gestoffeerd,01-09-2021,Gisteren geplaatst,https://kamernet.nl/huren/appartement-eindhoven/st-catharinastraat/appartement-1984509,"{'Woonkamer': ' Onbekend ', 'Keuken': ' Onbekend ', 'Badkamer': ' Onbekend ', 'Toilet': ' Onbekend ', 'Internet': ' Onbekend ', 'Energielabel': ' Onbekend ', 'Huisdieren': ' Nee '}",
Akerwateringstraat,in Amsterdam,10 m,,â‚¬ 550,p/m | excl. g/w/e,Gemeubileerd,05-09-2021 tot 05-09-2022,2 weken geleden geplaatst,https://kamernet.nl/huren/kamer-amsterdam/akerwateringstraat/kamer-1980525,"{'Woonkamer': ' Geen ', 'Keuken': ' Eigen ', 'Badkamer': ' Gedeeld ', 'Toilet': ' Gedeeld ', 'Internet': ' Ja ', 'Energielabel': ' Onbekend ', 'Huisgenoten': '  2 ', 'Geslacht': ' Vrouw ', 'Huisdieren': ' Nee '}",
Overtoom,in Amsterdam,74 m,,â‚¬ 1850,p/m | excl. g/w/e,Gemeubileerd,15-09-2021,Gisteren geplaatst,https://kamernet.nl/huren/appartement-amsterdam/overtoom/appartement-1984511,"{'Woonkamer': ' Onbekend ', 'Keuken': ' Onbekend ', 'Badkamer': ' Onbekend ', 'Toilet': ' Onbekend ', 'Internet': ' Onbekend ', 'Energielabel': ' Onbekend ', 'Huisdieren': ' Nee '}",
Ekris,in Woudenberg,88 m,Totaal 2 kamers,â‚¬ 1110,p/m | excl. g/w/e,Gestoffeerd,01-10-2021,Gisteren geplaatst,https://kamernet.nl/huren/appartement-woudenberg/ekris/appartement-1984513,"{'Woonkamer': ' Onbekend ', 'Keuken': ' Onbekend ', 'Badkamer': ' Onbekend ', 'Toilet': ' Onbekend ', 'Internet': ' Onbekend ', 'Energielabel': ' Onbekend ', 'Huisdieren': ' Nee '}",
St. Janskerkstraat,in Arnhem,12 m,,â‚¬ 390,p/m | incl. g/w/e,Gestoffeerd,01-09-2021,Gisteren geplaatst,https://kamernet.nl/huren/kamer-arnhem/st.-janskerkstraat/kamer-1984539,"{'Woonkamer': ' Gedeeld ', 'Keuken': ' Gedeeld ', 'Badkamer': ' Gedeeld ', 'Toilet': ' Gedeeld ', 'Internet': ' Ja ', 'Energielabel': ' Onbekend ', 'Huisgenoten': '  4  ', 'Geslacht': ' Onbekend ', 'Huisdieren': ' Nee '}",
Crispijnstraat,in Den Haag,65 m,,â‚¬ 735,p/m | incl. g/w/e,Gestoffeerd,01-10-2021,Gisteren geplaatst,https://kamernet.nl/huren/kamer-den-haag/crispijnstraat/kamer-1984537,"{'Woonkamer': ' Gedeeld ', 'Keuken': ' Gedeeld ', 'Badkamer': ' Gedeeld ', 'Toilet': ' Gedeeld ', 'Internet': ' Ja ', 'Energielabel': ' A ', 'Huisgenoten': '  1 ', 'Geslacht': ' Vrouw ', 'Huisdieren': ' Nee '}",
Couwenhoven,in Zeist,13 m,Totale oppervlakte: 70 m 2,â‚¬ 314,p/m | excl. g/w/e,Gestoffeerd,15-09-2021 tot 15-09-2022,Gisteren geplaatst,https://kamernet.nl/huren/kamer-zeist/couwenhoven/kamer-1979730,"{'Woonkamer': ' Gedeeld ', 'Keuken': ' Gedeeld ', 'Badkamer': ' Gedeeld ', 'Toilet': ' Gedeeld ', 'Internet': ' Ja ', 'Energielabel': ' C ', 'Huisgenoten': '  3 ', 'Geslacht': ' Vrouw ', 'Huisdieren': ' Nee '}",
Jacob Obrechtstraat,in Amsterdam,25 m,Totale oppervlakte: 60 m 2,â‚¬ 650,p/m | incl. g/w/e,Gestoffeerd,01-09-2021,Gisteren geplaatst,https://kamernet.nl/huren/kamer-amsterdam/jacob-obrechtstraat/kamer-1984549,"{'Woonkamer': ' Eigen ', 'Keuken': ' Gedeeld ', 'Badkamer': ' Eigen ', 'Toilet': ' Gedeeld ', 'Internet': ' Ja ', 'Energielabel': ' Onbekend ', 'Huisgenoten': '  Onbekend  ', 'Geslacht': ' Onbekend ', 'Huisdieren': ' Nee '}",
Rosamundstraat,in Nijmegen,14 m,Totale oppervlakte: 31 m 2,â‚¬ 450,p/m | incl. g/w/e,Gestoffeerd,01-09-2021,2 dagen geleden geplaatst,https://kamernet.nl/huren/kamer-nijmegen/rosamundstraat/kamer-1984335,"{'Woonkamer': ' Geen ', 'Keuken': ' Gedeeld ', 'Badkamer': ' Gedeeld ', 'Toilet': ' Gedeeld ', 'Internet': ' Ja ', 'Energielabel': ' Onbekend ', 'Huisgenoten': '  2 ', 'Geslacht': ' Man ', 'Huisdieren': ' In overleg '}",
Jhr. De Savornin Lohmanstraat,in Ridderkerk,65 m,Totaal 3 kamers,â‚¬ 975,p/m | excl. g/w/e,Gestoffeerd,01-09-2021,Gisteren geplaatst,https://kamernet.nl/huren/appartement-ridderkerk/jhr.-de-savornin-lohmanstraat/appartement-1984556,"{'Woonkamer': ' Onbekend ', 'Keuken': ' Onbekend ', 'Badkamer': ' Onbekend ', 'Toilet': ' Onbekend ', 'Internet': ' Onbekend ', 'Energielabel': ' Onbekend ', 'Huisdieren': ' Nee '}",
Pletterijstraat,in Den Haag,11 m,Totale oppervlakte: 70 m 2,â‚¬ 455,p/m | incl. g/w/e,Gestoffeerd,01-09-2021 tot 01-11-2021,Gisteren geplaatst,https://kamernet.nl/huren/kamer-den-haag/pletterijstraat/kamer-1984551,"{'Woonkamer': ' Gedeeld ', 'Keuken': ' Gedeeld ', 'Badkamer': ' Gedeeld ', 'Toilet': ' Gedeeld ', 'Internet': ' Ja ', 'Energielabel': ' Onbekend ', 'Huisgenoten': '  2 ', 'Geslacht': ' Man ', 'Huisdieren': ' Nee '}",
Stichts End,in Ankeveen,30 m,Totaal 2 kamers,â‚¬ 1050,p/m | excl. g/w/e,Gemeubileerd,01-09-2021,Gisteren geplaatst,https://kamernet.nl/huren/appartement-ankeveen/stichts-end/appartement-1984557,"{'Woonkamer': ' Onbekend ', 'Keuken': ' Onbekend ', 'Badkamer': ' Onbekend ', 'Toilet': ' Onbekend ', 'Internet': ' Onbekend ', 'Energielabel': ' Onbekend ', 'Huisdieren': ' Nee '}",
Albert Cuypstraat,in Amsterdam,35 m,Totaal 2 kamers (1 slaapkamer) ,â‚¬ 1375,p/m | excl. g/w/e,Gemeubileerd,01-10-2021,2 dagen geleden geplaatst,https://kamernet.nl/huren/studio-amsterdam/albert-cuypstraat/studio-1984344,"{'Woonkamer': ' Eigen ', 'Keuken': ' Eigen ', 'Badkamer': ' Eigen ', 'Toilet': ' Eigen ', 'Internet': ' Ja ', 'Energielabel': ' Onbekend ', 'Huisdieren': ' Nee '}",
Frederik van Eedenlaan,in Hilversum,60 m,Totaal 2 kamers,â‚¬ 1011,p/m | excl. g/w/e,Gestoffeerd,01-09-2021,Gisteren geplaatst,https://kamernet.nl/huren/appartement-hilversum/frederik-van-eedenlaan/appartement-1984559,"{'Woonkamer': ' Onbekend ', 'Keuken': ' Onbekend ', 'Badkamer': ' Onbekend ', 'Toilet': ' Onbekend ', 'Internet': ' Onbekend ', 'Energielabel': ' Onbekend ', 'Huisdieren': ' Nee '}",
Hanzestraat,in Arnhem,9 m,Totaal 1 kamer,â‚¬ 295,p/m | incl. g/w/e,Gestoffeerd,01-09-2021,Gisteren geplaatst,https://kamernet.nl/huren/appartement-arnhem/hanzestraat/appartement-1984560,"{'Woonkamer': ' Onbekend ', 'Keuken': ' Onbekend ', 'Badkamer': ' Onbekend ', 'Toilet': ' Onbekend ', 'Internet': ' Onbekend ', 'Energielabel': ' Onbekend ', 'Huisdieren': ' In overleg '}",
Vrolikstraat,in Amsterdam,16 m,,â‚¬ 600,p/m | incl. g/w/e,Gestoffeerd,01-10-2021,23 uur geleden geplaatst,https://kamernet.nl/huren/kamer-amsterdam/vrolikstraat/kamer-1984562,"{'Woonkamer': ' Gedeeld ', 'Keuken': ' Gedeeld ', 'Badkamer': ' Gedeeld ', 'Toilet': ' Gedeeld ', 'Internet': ' Ja ', 'Energielabel': ' Onbekend ', 'Huisgenoten': '  2 ', 'Geslacht': ' Man ', 'Huisdieren': ' Nee '}",
Schieweg,in Rotterdam,57 m,Totaal 2 kamers (1 slaapkamer) ,â‚¬ 1200,p/m | incl. g/w/e,Gemeubileerd,25-09-2021 tot 01-03-2022,17 uur geleden geplaatst,https://kamernet.nl/huren/appartement-rotterdam/schieweg/appartement-1984607,"{'Woonkamer': ' Eigen ', 'Keuken': ' Eigen ', 'Badkamer': ' Eigen ', 'Toilet': ' Eigen ', 'Internet': ' Ja ', 'Energielabel': ' Onbekend ', 'Huisdieren': ' In overleg '}",
Herenstraat,in Hilversum,80 m,Totaal 3 kamers,â‚¬ 1600,p/m | excl. g/w/e,Gestoffeerd,01-09-2021,Gisteren geplaatst,https://kamernet.nl/huren/appartement-hilversum/herenstraat/appartement-1984558,"{'Woonkamer': ' Onbekend ', 'Keuken': ' Onbekend ', 'Badkamer': ' Onbekend ', 'Toilet': ' Onbekend ', 'Internet': ' Onbekend ', 'Energielabel': ' Onbekend ', 'Huisdieren': ' Nee '}",
Van Houtenlaan,in Groningen,17 m,,â‚¬ 265,p/m | incl. g/w/e,Gestoffeerd,01-10-2021,16 uur geleden geplaatst,https://kamernet.nl/huren/kamer-groningen/van-houtenlaan/kamer-1984668,"{'Woonkamer': ' Geen ', 'Keuken': ' Gedeeld ', 'Badkamer': ' Gedeeld ', 'Toilet': ' Gedeeld ', 'Internet': ' Ja ', 'Energielabel': ' Onbekend ', 'Huisgenoten': '  3 ', 'Geslacht': ' Man ', 'Huisdieren': ' Nee '}",
Buizerdstraat,in Rotterdam,55 m,Totaal 3 kamers,â‚¬ 925,p/m | excl. g/w/e,Gestoffeerd,01-09-2021,Gisteren geplaatst,https://kamernet.nl/huren/appartement-rotterdam/buizerdstraat/appartement-1984555,"{'Woonkamer': ' Onbekend ', 'Keuken': ' Onbekend ', 'Badkamer': ' Onbekend ', 'Toilet': ' Onbekend ', 'Internet': ' Onbekend ', 'Energielabel': ' Onbekend ', 'Huisdieren': ' Nee '}",
Johan Winklerwei,in Leeuwarden,10 m,,â‚¬ 375,p/m | incl. g/w/e,Gestoffeerd,01-10-2021,16 uur geleden geplaatst,https://kamernet.nl/huren/kamer-leeuwarden/johan-winklerwei/kamer-1984677,"{'Woonkamer': ' Gedeeld ', 'Keuken': ' Gedeeld ', 'Badkamer': ' Gedeeld ', 'Toilet': ' Gedeeld ', 'Internet': ' Ja ', 'Energielabel': ' Onbekend ', 'Huisgenoten': '  4  ', 'Geslacht': ' Man ', 'Huisdieren': ' Nee '}",
Johan Winklerwei,in Leeuwarden,10 m,,â‚¬ 375,p/m | incl. g/w/e,Gestoffeerd,01-10-2021,16 uur geleden geplaatst,https://kamernet.nl/huren/kamer-leeuwarden/johan-winklerwei/kamer-1984678,"{'Woonkamer': ' Gedeeld ', 'Keuken': ' Gedeeld ', 'Badkamer': ' Gedeeld ', 'Toilet': ' Gedeeld ', 'Internet': ' Ja ', 'Energielabel': ' Onbekend ', 'Huisgenoten': '  4  ', 'Geslacht': ' Man ', 'Huisdieren': ' Nee '}",
Ghijseland,in Rhoon,187 m,,â‚¬ 1750,p/m | excl. g/w/e,Gestoffeerd,01-09-2021,Gisteren geplaatst,https://kamernet.nl/huren/appartement-rhoon/ghijseland/appartement-1984512,"{'Woonkamer': ' Onbekend ', 'Keuken': ' Onbekend ', 'Badkamer': ' Onbekend ', 'Toilet': ' Onbekend ', 'Internet': ' Onbekend ', 'Energielabel': ' Onbekend ', 'Huisdieren': ' Nee '}",
Johan Winklerwei,in Leeuwarden,10 m,,â‚¬ 375,p/m | incl. g/w/e,Gestoffeerd,01-10-2021,16 uur geleden geplaatst,https://kamernet.nl/huren/kamer-leeuwarden/johan-winklerwei/kamer-1984680,"{'Woonkamer': ' Gedeeld ', 'Keuken': ' Gedeeld ', 'Badkamer': ' Gedeeld ', 'Toilet': ' Gedeeld ', 'Internet': ' Ja ', 'Energielabel': ' Onbekend ', 'Huisgenoten': '  4  ', 'Geslacht': ' Man ', 'Huisdieren': ' Nee '}",
Getfertweg,in Enschede,17 m,,â‚¬ 240,p/m | incl. g/w/e,Gestoffeerd,15-09-2021,16 uur geleden geplaatst,https://kamernet.nl/huren/kamer-enschede/getfertweg/kamer-1984666,"{'Woonkamer': ' Gedeeld ', 'Keuken': ' Gedeeld ', 'Badkamer': ' Gedeeld ', 'Toilet': ' Gedeeld ', 'Internet': ' Ja ', 'Energielabel': ' Onbekend ', 'Huisgenoten': '  2 ', 'Geslacht': ' Vrouw ', 'Huisdieren': ' Nee '}",
Johan Winklerwei,in Leeuwarden,10 m,,â‚¬ 375,p/m | incl. g/w/e,Gestoffeerd,01-10-2021,16 uur geleden geplaatst,https://kamernet.nl/huren/kamer-leeuwarden/johan-winklerwei/kamer-1984681,"{'Woonkamer': ' Gedeeld ', 'Keuken': ' Gedeeld ', 'Badkamer': ' Gedeeld ', 'Toilet': ' Gedeeld ', 'Internet': ' Ja ', 'Energielabel': ' Onbekend ', 'Huisgenoten': '  4  ', 'Geslacht': ' Man ', 'Huisdieren': ' Nee '}",
Johan Winklerwei,in Leeuwarden,10 m,,â‚¬ 375,p/m | incl. g/w/e,Gestoffeerd,01-10-2021,16 uur geleden geplaatst,https://kamernet.nl/huren/kamer-leeuwarden/johan-winklerwei/kamer-1984682,"{'Woonkamer': ' Gedeeld ', 'Keuken': ' Gedeeld ', 'Badkamer': ' Gedeeld ', 'Toilet': ' Gedeeld ', 'Internet': ' Ja ', 'Energielabel': ' Onbekend ', 'Huisgenoten': '  4  ', 'Geslacht': ' Man ', 'Huisdieren': ' Nee '}",
Amsterdamseweg,in Amstelveen,40 m,,â‚¬ 970,p/m | incl. g/w/e,Gemeubileerd,01-10-2021,16 uur geleden geplaatst,https://kamernet.nl/huren/kamer-amstelveen/amsterdamseweg/kamer-1920947,"{'Woonkamer': ' Eigen ', 'Keuken': ' Eigen ', 'Badkamer': ' Eigen ', 'Toilet': ' Eigen ', 'Internet': ' Ja ', 'Energielabel': ' Onbekend ', 'Huisgenoten': '  3 ', 'Geslacht': ' Gemengd ', 'Huisdieren': ' In overleg '}",
Goolkatenweg,in Enschede,21 m,,â‚¬ 392,p/m | incl. g/w/e,Gemeubileerd,10-10-2021 tot 24-12-2021,15 uur geleden geplaatst,https://kamernet.nl/huren/kamer-enschede/goolkatenweg/kamer-1984631,"{'Woonkamer': ' Gedeeld ', 'Keuken': ' Gedeeld ', 'Badkamer': ' Gedeeld ', 'Toilet': ' Gedeeld ', 'Internet': ' Ja ', 'Energielabel': ' Onbekend ', 'Huisgenoten': '  Meer dan 8 ', 'Geslacht': ' Gemengd ', 'Huisdieren': ' Nee '}",
Bloemgracht,in Amsterdam,12 m,Totale oppervlakte: 90 m 2,â‚¬ 900,p/m | incl. g/w/e,Gemeubileerd,15-10-2021,15 uur geleden geplaatst,https://kamernet.nl/huren/kamer-amsterdam/bloemgracht/kamer-1984687,"{'Woonkamer': ' Gedeeld ', 'Keuken': ' Gedeeld ', 'Badkamer': ' Gedeeld ', 'Toilet': ' Gedeeld ', 'Internet': ' Ja ', 'Energielabel': ' Onbekend ', 'Huisgenoten': '  1 ', 'Geslacht': ' Man ', 'Huisdieren': ' Nee '}",
Raadhuisstraat,in Koog aan de Zaan,28 m,,â‚¬ 900,p/m | incl. g/w/e,Gemeubileerd,01-09-2021,2 dagen geleden geplaatst,https://kamernet.nl/huren/kamer-koog-aan-de-zaan/raadhuisstraat/kamer-1984339,"{'Woonkamer': ' Gedeeld ', 'Keuken': ' Gedeeld ', 'Badkamer': ' Gedeeld ', 'Toilet': ' Gedeeld ', 'Internet': ' Ja ', 'Energielabel': ' Onbekend ', 'Huisgenoten': '  1 ', 'Geslacht': ' Vrouw ', 'Huisdieren': ' Nee '}",
Stuurhut,in Groningen,35 m,,â‚¬ 600,p/m | excl. g/w/e,Gemeubileerd,01-09-2021 tot 01-08-2022,15 uur geleden geplaatst,https://kamernet.nl/huren/kamer-groningen/stuurhut/kamer-1984641,"{'Woonkamer': ' Eigen ', 'Keuken': ' Eigen ', 'Badkamer': ' Eigen ', 'Toilet': ' Eigen ', 'Internet': ' Ja ', 'Energielabel': ' B ', 'Huisgenoten': '  Onbekend  ', 'Geslacht': ' Onbekend ', 'Huisdieren': ' Nee '}",
Bredalaan,in Eindhoven,35 m,,â‚¬ 685,p/m | incl. g/w/e,Kaal,01-10-2021,15 uur geleden geplaatst,https://kamernet.nl/huren/kamer-eindhoven/bredalaan/kamer-1984697,"{'Woonkamer': ' Geen ', 'Keuken': ' Gedeeld ', 'Badkamer': ' Gedeeld ', 'Toilet': ' Gedeeld ', 'Internet': ' Ja ', 'Energielabel': ' Onbekend ', 'Huisgenoten': '  2 ', 'Geslacht': ' Vrouw ', 'Huisdieren': ' Nee '}",
Teylersplein,in Nieuwveen,38 m,Totaal 1 kamer (1 slaapkamer) ,â‚¬ 950,p/m | excl. g/w/e,Gestoffeerd,01-10-2021,15 uur geleden geplaatst,https://kamernet.nl/huren/studio-nieuwveen/teylersplein/studio-1984542,"{'Woonkamer': ' Eigen ', 'Keuken': ' Eigen ', 'Badkamer': ' Eigen ', 'Toilet': ' Eigen ', 'Internet': ' Ja ', 'Energielabel': ' Onbekend ', 'Huisdieren': ' In overleg '}",
Barnseweg,in Barneveld,16 m,Totale oppervlakte: 80 m 2,â‚¬ 525,p/m | incl. g/w/e,Gestoffeerd,31-08-2021 tot 31-08-2022,Gisteren geplaatst,https://kamernet.nl/huren/kamer-barneveld/barnseweg/kamer-1984422,"{'Woonkamer': ' Eigen ', 'Keuken': ' Gedeeld ', 'Badkamer': ' Gedeeld ', 'Toilet': ' Gedeeld ', 'Internet': ' Ja ', 'Energielabel': ' A ', 'Huisgenoten': '  2 ', 'Geslacht': ' Gemengd ', 'Huisdieren': ' Nee '}",
Slaghekstraat,in Rotterdam,45 m,Totaal 2 kamers (1 slaapkamer) ,â‚¬ 875,p/m | excl. g/w/e,Gestoffeerd,31-08-2021,Gisteren geplaatst,https://kamernet.nl/huren/appartement-rotterdam/slaghekstraat/appartement-1984423,"{'Woonkamer': ' Eigen ', 'Keuken': ' Eigen ', 'Badkamer': ' Eigen ', 'Toilet': ' Eigen ', 'Internet': ' Nee ', 'Energielabel': ' Onbekend ', 'Huisdieren': ' Nee '}",
Dr. Leijdsstraat,in Haarlem,12 m,,â‚¬ 500,p/m | incl. g/w/e,Kaal,01-09-2021,Gisteren geplaatst,https://kamernet.nl/huren/kamer-haarlem/dr.-leijdsstraat/kamer-1984433,"{'Woonkamer': ' Geen ', 'Keuken': ' Gedeeld ', 'Badkamer': ' Gedeeld ', 'Toilet': ' Gedeeld ', 'Internet': ' Ja ', 'Energielabel': ' G ', 'Huisgenoten': '  3 ', 'Geslacht': ' Gemengd ', 'Huisdieren': ' Nee '}",
Beukelsweg,in Rotterdam,28 m,Totale oppervlakte: 95 m 2,â‚¬ 650,p/m | excl. g/w/e,Gestoffeerd,01-10-2021 tot 31-03-2022,Gisteren geplaatst,https://kamernet.nl/huren/kamer-rotterdam/beukelsweg/kamer-1984434,"{'Woonkamer': ' Gedeeld ', 'Keuken': ' Gedeeld ', 'Badkamer': ' Gedeeld ', 'Toilet': ' Eigen ', 'Internet': ' Ja ', 'Energielabel': ' Onbekend ', 'Huisgenoten': '  1 ', 'Geslacht': ' Vrouw ', 'Huisdieren': ' Ja '}",
Boutenslaan,in Eindhoven,33 m,,â‚¬ 900,p/m | incl. g/w/e,Gemeubileerd,01-11-2021 tot 30-04-2022,Gisteren geplaatst,https://kamernet.nl/huren/studio-eindhoven/boutenslaan/studio-1984521,"{'Woonkamer': ' Eigen ', 'Keuken': ' Eigen ', 'Badkamer': ' Eigen ', 'Toilet': ' Eigen ', 'Internet': ' Ja ', 'Energielabel': ' Onbekend ', 'Huisdieren': ' Nee '}",
Gouden Leeuw,in Amsterdam,25 m,Totale oppervlakte: 110 m 2,â‚¬ 805,p/m | incl. g/w/e,Gemeubileerd,01-10-2021,Gisteren geplaatst,https://kamernet.nl/huren/kamer-amsterdam/gouden-leeuw/kamer-1984444,"{'Woonkamer': ' Gedeeld ', 'Keuken': ' Gedeeld ', 'Badkamer': ' Eigen ', 'Toilet': ' Gedeeld ', 'Internet': ' Ja ', 'Energielabel': ' Onbekend ', 'Huisgenoten': '  2 ', 'Geslacht': ' Man ', 'Huisdieren': ' Nee '}",
Vleutenseweg,in Utrecht,64 m,Totaal 4 kamers (1 slaapkamer) ,â‚¬ 1550,p/m | excl. g/w/e,Kaal,31-10-2021,Gisteren geplaatst,https://kamernet.nl/huren/appartement-utrecht/vleutenseweg/appartement-1947288,"{'Woonkamer': ' Eigen ', 'Keuken': ' Eigen ', 'Badkamer': ' Eigen ', 'Toilet': ' Eigen ', 'Internet': ' Ja ', 'Energielabel': ' Onbekend ', 'Huisdieren': ' Nee '}",
Admiraal de Ruyterweg,in Rotterdam,14 m,,â‚¬ 430,p/m | excl. g/w/e,Gestoffeerd,20-09-2021,Gisteren geplaatst,https://kamernet.nl/huren/kamer-rotterdam/admiraal-de-ruyterweg/kamer-1984464,"{'Woonkamer': ' Gedeeld ', 'Keuken': ' Gedeeld ', 'Badkamer': ' Gedeeld ', 'Toilet': ' Gedeeld ', 'Internet': ' Ja ', 'Energielabel': ' Onbekend ', 'Huisgenoten': '  1 ', 'Geslacht': ' Onbekend ', 'Huisdieren': ' Ja '}",
In de Poldermolen,in Duivendrecht,15 m,,â‚¬ 650,p/m | incl. g/w/e,Gemeubileerd,01-10-2021,Gisteren geplaatst,https://kamernet.nl/huren/kamer-duivendrecht/in-de-poldermolen/kamer-1984480,"{'Woonkamer': ' Gedeeld ', 'Keuken': ' Gedeeld ', 'Badkamer': ' Gedeeld ', 'Toilet': ' Gedeeld ', 'Internet': ' Ja ', 'Energielabel': ' Onbekend ', 'Huisgenoten': '  2 ', 'Geslacht': ' Vrouw ', 'Huisdieren': ' Nee '}",
Juliana van Stolberglaan,in Den Haag,55 m,,â‚¬ 1100,p/m | excl. g/w/e,Gemeubileerd,01-09-2021,Gisteren geplaatst,https://kamernet.nl/huren/studio-den-haag/juliana-van-stolberglaan/studio-1984483,"{'Woonkamer': ' Eigen ', 'Keuken': ' Eigen ', 'Badkamer': ' Eigen ', 'Toilet': ' Eigen ', 'Internet': ' Nee ', 'Energielabel': ' Onbekend ', 'Huisdieren': ' Nee '}",
Verwersstraat,in Den Bosch,22 m,Totale oppervlakte: 85 m 2,â‚¬ 780,p/m | incl. g/w/e,Kaal,01-10-2021,Gisteren geplaatst,https://kamernet.nl/huren/kamer-den-bosch/verwersstraat/kamer-1984382,"{'Woonkamer': ' Gedeeld ', 'Keuken': ' Gedeeld ', 'Badkamer': ' Gedeeld ', 'Toilet': ' Gedeeld ', 'Internet': ' Ja ', 'Energielabel': ' Onbekend ', 'Huisgenoten': '  Onbekend  ', 'Geslacht': ' Onbekend ', 'Huisdieren': ' Nee '}",
Amerikalaan,in Utrecht,17 m,,â‚¬ 575,p/m | incl. g/w/e,Gestoffeerd,01-09-2021,Gisteren geplaatst,https://kamernet.nl/huren/kamer-utrecht/amerikalaan/kamer-1984485,"{'Woonkamer': ' Onbekend ', 'Keuken': ' Gedeeld ', 'Badkamer': ' Gedeeld ', 'Toilet': ' Gedeeld ', 'Internet': ' Ja ', 'Energielabel': ' Onbekend ', 'Huisgenoten': '  2 ', 'Geslacht': ' Man ', 'Huisdieren': ' Nee '}",
Enschedepad,in Almere,15 m,Totaal 1 kamer (1 slaapkamer) ,â‚¬ 318,p/m | incl. g/w/e,Gestoffeerd,01-09-2021,Gisteren geplaatst,https://kamernet.nl/huren/studio-almere/enschedepad/studio-1984489,"{'Woonkamer': ' Eigen ', 'Keuken': ' Eigen ', 'Badkamer': ' Eigen ', 'Toilet': ' Eigen ', 'Internet': ' Ja ', 'Energielabel': ' C ', 'Huisdieren': ' Nee '}",
Heemraadssingel,in Rotterdam,30 m,,â‚¬ 685,p/m | incl. g/w/e,Gemeubileerd,01-10-2021,Gisteren geplaatst,https://kamernet.nl/huren/studio-rotterdam/heemraadssingel/studio-1984516,"{'Woonkamer': ' Geen ', 'Keuken': ' Eigen ', 'Badkamer': ' Eigen ', 'Toilet': ' Eigen ', 'Internet': ' Ja ', 'Energielabel': ' Onbekend ', 'Huisdieren': ' Nee '}",
Steynlaan,in Zeist,12 m,,â‚¬ 590,p/m | excl. g/w/e,Gemeubileerd,01-09-2021,Gisteren geplaatst,https://kamernet.nl/huren/kamer-zeist/steynlaan/kamer-1984522,"{'Woonkamer': ' Gedeeld ', 'Keuken': ' Gedeeld ', 'Badkamer': ' Gedeeld ', 'Toilet': ' Gedeeld ', 'Internet': ' Nee ', 'Energielabel': ' Onbekend ', 'Huisgenoten': '  4  ', 'Geslacht': ' Onbekend ', 'Huisdieren': ' Nee '}",
Mijehof,in Amsterdam,13 m,Totale oppervlakte: 130 m 2,â‚¬ 610,p/m | incl. g/w/e,Gemeubileerd,31-08-2021,Gisteren geplaatst,https://kamernet.nl/huren/kamer-amsterdam/mijehof/kamer-1984241,"{'Woonkamer': ' Gedeeld ', 'Keuken': ' Gedeeld ', 'Badkamer': ' Gedeeld ', 'Toilet': ' Gedeeld ', 'Internet': ' Ja ', 'Energielabel': ' Onbekend ', 'Huisgenoten': '  4  ', 'Geslacht': ' Gemengd ', 'Huisdieren': ' Nee '}",
Tilburgseweg,in Goirle,55 m,Totaal 1 kamer,â‚¬ 750,p/m | excl. g/w/e,Gestoffeerd,01-09-2021,Gisteren geplaatst,https://kamernet.nl/huren/appartement-goirle/tilburgseweg/appartement-1984504,"{'Woonkamer': ' Onbekend ', 'Keuken': ' Onbekend ', 'Badkamer': ' Onbekend ', 'Toilet': ' Onbekend ', 'Internet': ' Onbekend ', 'Energielabel': ' Onbekend ', 'Huisdieren': ' Nee '}",
Lamstraatje,in Den Bosch,45 m,Totaal 2 kamers,â‚¬ 1350,p/m | excl. g/w/e,Gestoffeerd,01-09-2021,Gisteren geplaatst,https://kamernet.nl/huren/appartement-den-bosch/lamstraatje/appartement-1984507,"{'Woonkamer': ' Onbekend ', 'Keuken': ' Onbekend ', 'Badkamer': ' Onbekend ', 'Toilet': ' Onbekend ', 'Internet': ' Onbekend ', 'Energielabel': ' Onbekend ', 'Huisdieren': ' Nee '}",
Finsenstraat,in Amsterdam,15 m,Totale oppervlakte: 55 m 2,â‚¬ 590,p/m | incl. g/w/e,Kaal,01-10-2021,23 uur geleden geplaatst,https://kamernet.nl/huren/kamer-amsterdam/finsenstraat/kamer-1984563,"{'Woonkamer': ' Geen ', 'Keuken': ' Gedeeld ', 'Badkamer': ' Gedeeld ', 'Toilet': ' Gedeeld ', 'Internet': ' Ja ', 'Energielabel': ' Onbekend ', 'Huisgenoten': '  1 ', 'Geslacht': ' Vrouw ', 'Huisdieren': ' Nee '}",
Kerkstraat,in Den Haag,8 m,Totale oppervlakte: 100 m 2,â‚¬ 365,p/m | incl. g/w/e,Gemeubileerd,01-09-2021 tot 01-02-2022,23 uur geleden geplaatst,https://kamernet.nl/huren/kamer-den-haag/kerkstraat/kamer-1889711,"{'Woonkamer': ' Gedeeld ', 'Keuken': ' Gedeeld ', 'Badkamer': ' Gedeeld ', 'Toilet': ' Gedeeld ', 'Internet': ' Ja ', 'Energielabel': ' Onbekend ', 'Huisgenoten': '  4  ', 'Geslacht': ' Man ', 'Huisdieren': ' Nee '}",
Jacob Catsstraat,in Delft,10 m,,â‚¬ 425,p/m | incl. g/w/e,Gestoffeerd,15-09-2021 tot 31-12-2021,23 uur geleden geplaatst,https://kamernet.nl/huren/kamer-delft/jacob-catsstraat/kamer-1984566,"{'Woonkamer': ' Gedeeld ', 'Keuken': ' Gedeeld ', 'Badkamer': ' Gedeeld ', 'Toilet': ' Gedeeld ', 'Internet': ' Ja ', 'Energielabel': ' Onbekend ', 'Huisgenoten': '  4  ', 'Geslacht': ' Man ', 'Huisdieren': ' Nee '}",
Caspar Fagelstraat,in Delft,12 m,Totale oppervlakte: 100 m 2,â‚¬ 450,p/m | incl. g/w/e,Gestoffeerd,01-09-2021,23 uur geleden geplaatst,https://kamernet.nl/huren/kamer-delft/caspar-fagelstraat/kamer-1984571,"{'Woonkamer': ' Gedeeld ', 'Keuken': ' Gedeeld ', 'Badkamer': ' Gedeeld ', 'Toilet': ' Gedeeld ', 'Internet': ' Ja ', 'Energielabel': ' Onbekend ', 'Huisgenoten': '  2 ', 'Geslacht': ' Man ', 'Huisdieren': ' In overleg '}",
Burgemeester Hogguerstraat,in Amsterdam,45 m,Totaal 2 kamers (1 slaapkamer) ,â‚¬ 1290,p/m | incl. g/w/e,Gemeubileerd,17-09-2021 tot 31-08-2022,22 uur geleden geplaatst,https://kamernet.nl/huren/appartement-amsterdam/burgemeester-hogguerstraat/appartement-1984565,"{'Woonkamer': ' Eigen ', 'Keuken': ' Eigen ', 'Badkamer': ' Eigen ', 'Toilet': ' Eigen ', 'Internet': ' Ja ', 'Energielabel': ' D ', 'Huisdieren': ' Nee '}",
Lange Linden,in Katwijk NB,40 m,,â‚¬ 500,p/m | incl. g/w/e,Gemeubileerd,01-09-2021,22 uur geleden geplaatst,https://kamernet.nl/huren/kamer-katwijk-nb/lange-linden/kamer-1984579,"{'Woonkamer': ' Eigen ', 'Keuken': ' Eigen ', 'Badkamer': ' Eigen ', 'Toilet': ' Eigen ', 'Internet': ' Ja ', 'Energielabel': ' C ', 'Huisgenoten': '  Onbekend  ', 'Geslacht': ' Onbekend ', 'Huisdieren': ' Nee '}",
Scholtensbos,in Hoofddorp,17 m,,â‚¬ 400,p/m | incl. g/w/e,Gemeubileerd,01-10-2021 tot 31-03-2022,22 uur geleden geplaatst,https://kamernet.nl/huren/kamer-hoofddorp/scholtensbos/kamer-1984581,"{'Woonkamer': ' Geen ', 'Keuken': ' Geen ', 'Badkamer': ' Gedeeld ', 'Toilet': ' Gedeeld ', 'Internet': ' Ja ', 'Energielabel': ' Onbekend ', 'Huisgenoten': '  1 ', 'Geslacht': ' Vrouw ', 'Huisdieren': ' Nee '}",
Jacob van der Borchstraat,in Utrecht,14 m,,â‚¬ 335,p/m | incl. g/w/e,Kaal,01-10-2021,21 uur geleden geplaatst,https://kamernet.nl/huren/kamer-utrecht/jacob-van-der-borchstraat/kamer-1984574,"{'Woonkamer': ' Geen ', 'Keuken': ' Gedeeld ', 'Badkamer': ' Gedeeld ', 'Toilet': ' Gedeeld ', 'Internet': ' Ja ', 'Energielabel': ' Onbekend ', 'Huisgenoten': '  4  ', 'Geslacht': ' Gemengd ', 'Huisdieren': ' Nee '}",
Pa Verkuijllaan,in Badhoevedorp,75 m,Totaal 3 kamers (2 slaapkamers) ,â‚¬ 1500,p/m | excl. g/w/e,Gemeubileerd,01-09-2021,21 uur geleden geplaatst,https://kamernet.nl/huren/appartement-badhoevedorp/pa-verkuijllaan/appartement-1984588,"{'Woonkamer': ' Eigen ', 'Keuken': ' Eigen ', 'Badkamer': ' Eigen ', 'Toilet': ' Eigen ', 'Internet': ' Ja ', 'Energielabel': ' Onbekend ', 'Huisdieren': ' In overleg '}",
Stationsstraat,in Tiel,45 m,Totale oppervlakte: 3 m 2,â‚¬ 775,p/m | incl. g/w/e,Gestoffeerd,15-09-2021,21 uur geleden geplaatst,https://kamernet.nl/huren/kamer-tiel/stationsstraat/kamer-1984595,"{'Woonkamer': ' Eigen ', 'Keuken': ' Eigen ', 'Badkamer': ' Eigen ', 'Toilet': ' Eigen ', 'Internet': ' Ja ', 'Energielabel': ' Onbekend ', 'Huisgenoten': '  8  ', 'Geslacht': ' Gemengd ', 'Huisdieren': ' Nee '}",
Mijnsherenlaan,in Rotterdam,8 m,Totale oppervlakte: 30 m 2,â‚¬ 275,p/m | incl. g/w/e,Kaal,15-09-2021,21 uur geleden geplaatst,https://kamernet.nl/huren/kamer-rotterdam/mijnsherenlaan/kamer-1984564,"{'Woonkamer': ' Gedeeld ', 'Keuken': ' Gedeeld ', 'Badkamer': ' Gedeeld ', 'Toilet': ' Gedeeld ', 'Internet': ' Ja ', 'Energielabel': ' C ', 'Huisgenoten': '  2 ', 'Geslacht': ' Gemengd ', 'Huisdieren': ' Nee '}",
G. Molstraat,in Zaandam,30 m,,â‚¬ 680,p/m | incl. g/w/e,Gemeubileerd,04-09-2021,21 uur geleden geplaatst,https://kamernet.nl/huren/studio-zaandam/g.-molstraat/studio-1978748,"{'Woonkamer': ' Eigen ', 'Keuken': ' Eigen ', 'Badkamer': ' Eigen ', 'Toilet': ' Eigen ', 'Internet': ' Ja ', 'Energielabel': ' B ', 'Huisdieren': ' In overleg '}",
Het Hout,in Groningen,40 m,,â‚¬ 850,p/m | excl. g/w/e,Gestoffeerd,01-10-2021 tot 01-10-2022,21 uur geleden geplaatst,https://kamernet.nl/huren/appartement-groningen/het-hout/appartement-1984229,"{'Woonkamer': ' Eigen ', 'Keuken': ' Eigen ', 'Badkamer': ' Eigen ', 'Toilet': ' Eigen ', 'Internet': ' Onbekend ', 'Energielabel': ' A ', 'Huisdieren': ' Nee '}",
Noordmolenstraat,in Rotterdam,20 m,,â‚¬ 500,p/m | incl. g/w/e,Gestoffeerd,01-10-2021,21 uur geleden geplaatst,https://kamernet.nl/huren/kamer-rotterdam/noordmolenstraat/kamer-1984596,"{'Woonkamer': ' Geen ', 'Keuken': ' Gedeeld ', 'Badkamer': ' Gedeeld ', 'Toilet': ' Gedeeld ', 'Internet': ' Ja ', 'Energielabel': ' G ', 'Huisgenoten': '  1 ', 'Geslacht': ' Gemengd ', 'Huisdieren': ' Nee '}",
De Houtmanstraat,in Arnhem,9 m,,â‚¬ 295,p/m | incl. g/w/e,Gestoffeerd,01-09-2021,21 uur geleden geplaatst,https://kamernet.nl/huren/kamer-arnhem/de-houtmanstraat/kamer-1984575,"{'Woonkamer': ' Onbekend ', 'Keuken': ' Onbekend ', 'Badkamer': ' Onbekend ', 'Toilet': ' Onbekend ', 'Internet': ' Ja ', 'Energielabel': ' Onbekend ', 'Huisgenoten': '  3 ', 'Geslacht': ' Gemengd ', 'Huisdieren': ' Nee '}",
Mathenesserweg,in Rotterdam,15 m,Totale oppervlakte: 125 m 2,â‚¬ 600,p/m | incl. g/w/e,Gemeubileerd,01-10-2021 tot 01-01-2022,21 uur geleden geplaatst,https://kamernet.nl/huren/kamer-rotterdam/mathenesserweg/kamer-1984527,"{'Woonkamer': ' Gedeeld ', 'Keuken': ' Gedeeld ', 'Badkamer': ' Gedeeld ', 'Toilet': ' Gedeeld ', 'Internet': ' Ja ', 'Energielabel': ' Onbekend ', 'Huisgenoten': '  4  ', 'Geslacht': ' Vrouw ', 'Huisdieren': ' Nee '}",
Steenstraat,in Arnhem,12 m,,â‚¬ 335,p/m | excl. g/w/e,Gestoffeerd,06-09-2021,20 uur geleden geplaatst,https://kamernet.nl/huren/kamer-arnhem/steenstraat/kamer-1984586,"{'Woonkamer': ' Onbekend ', 'Keuken': ' Onbekend ', 'Badkamer': ' Onbekend ', 'Toilet': ' Onbekend ', 'Internet': ' Onbekend ', 'Energielabel': ' Onbekend ', 'Huisgenoten': '  Onbekend  ', 'Geslacht': ' Onbekend ', 'Huisdieren': ' Nee '}",
Schans,in Breda,13 m,,â‚¬ 398,p/m | incl. g/w/e,Gestoffeerd,01-09-2021,20 uur geleden geplaatst,https://kamernet.nl/huren/kamer-breda/schans/kamer-1984600,"{'Woonkamer': ' Gedeeld ', 'Keuken': ' Gedeeld ', 'Badkamer': ' Gedeeld ', 'Toilet': ' Gedeeld ', 'Internet': ' Ja ', 'Energielabel': ' Onbekend ', 'Huisgenoten': '  2 ', 'Geslacht': ' Gemengd ', 'Huisdieren': ' Nee '}",
Patroclosstraat,in Amsterdam,80 m,Totaal 3 kamers (2 slaapkamers) ,â‚¬ 1700,p/m | excl. g/w/e,Kaal,05-09-2021,20 uur geleden geplaatst,https://kamernet.nl/huren/appartement-amsterdam/patroclosstraat/appartement-1984599,"{'Woonkamer': ' Eigen ', 'Keuken': ' Eigen ', 'Badkamer': ' Eigen ', 'Toilet': ' Eigen ', 'Internet': ' Ja ', 'Energielabel': ' E ', 'Huisdieren': ' Nee '}",
Spaarndammerdijk,in Amsterdam,50 m,Totaal 2 kamers (1 slaapkamer) ,â‚¬ 1450,p/m | excl. g/w/e,Gemeubileerd,08-10-2021,20 uur geleden geplaatst,https://kamernet.nl/huren/appartement-amsterdam/spaarndammerdijk/appartement-1984606,"{'Woonkamer': ' Eigen ', 'Keuken': ' Eigen ', 'Badkamer': ' Eigen ', 'Toilet': ' Eigen ', 'Internet': ' Ja ', 'Energielabel': ' Onbekend ', 'Huisdieren': ' Nee '}",
Amstelveenseweg,in Amsterdam,15 m,Totale oppervlakte: 18 m 2,â‚¬ 765,p/m | incl. g/w/e,Gemeubileerd,02-09-2021,20 uur geleden geplaatst,https://kamernet.nl/huren/kamer-amsterdam/amstelveenseweg/kamer-1984608,"{'Woonkamer': ' Gedeeld ', 'Keuken': ' Gedeeld ', 'Badkamer': ' Gedeeld ', 'Toilet': ' Gedeeld ', 'Internet': ' Ja ', 'Energielabel': ' Onbekend ', 'Huisgenoten': '  2 ', 'Geslacht': ' Man ', 'Huisdieren': ' Nee '}",
Parallelweg,in Venlo,65 m,,â‚¬ 780,p/m | incl. g/w/e,Kaal,01-09-2021 tot 01-11-2021,19 uur geleden geplaatst,https://kamernet.nl/huren/appartement-venlo/parallelweg/appartement-1984616,"{'Woonkamer': ' Eigen ', 'Keuken': ' Eigen ', 'Badkamer': ' Eigen ', 'Toilet': ' Eigen ', 'Internet': ' Ja ', 'Energielabel': ' Onbekend ', 'Huisdieren': ' Nee '}",
Woonschepenhaven,in Groningen,35 m,Totaal 1 kamer (1 slaapkamer) ,â‚¬ 750,p/m | incl. g/w/e,Gestoffeerd,01-10-2021,19 uur geleden geplaatst,https://kamernet.nl/huren/studio-groningen/woonschepenhaven/studio-1984620,"{'Woonkamer': ' Eigen ', 'Keuken': ' Eigen ', 'Badkamer': ' Eigen ', 'Toilet': ' Eigen ', 'Internet': ' Ja ', 'Energielabel': ' A ', 'Huisdieren': ' Nee '}",
Oude Postweg,in Hengelo,26 m,Totale oppervlakte: 150 m 2,â‚¬ 495,p/m | incl. g/w/e,Gestoffeerd,01-09-2021,19 uur geleden geplaatst,https://kamernet.nl/huren/kamer-hengelo/oude-postweg/kamer-1984615,"{'Woonkamer': ' Geen ', 'Keuken': ' Gedeeld ', 'Badkamer': ' Gedeeld ', 'Toilet': ' Gedeeld ', 'Internet': ' Ja ', 'Energielabel': ' Onbekend ', 'Huisgenoten': '  3 ', 'Geslacht': ' Gemengd ', 'Huisdieren': ' Nee '}",
Drienerweg,in Enschede,16 m,,â‚¬ 470,p/m | incl. g/w/e,Gemeubileerd,01-09-2021,19 uur geleden geplaatst,https://kamernet.nl/huren/kamer-enschede/drienerweg/kamer-1984538,"{'Woonkamer': ' Geen ', 'Keuken': ' Gedeeld ', 'Badkamer': ' Gedeeld ', 'Toilet': ' Gedeeld ', 'Internet': ' Ja ', 'Energielabel': ' Onbekend ', 'Huisgenoten': '  2 ', 'Geslacht': ' Man ', 'Huisdieren': ' Nee '}",
Utrechtseweg,in Zeist,55 m,,â‚¬ 1040,p/m | excl. g/w/e,Gestoffeerd,01-11-2021,19 uur geleden geplaatst,https://kamernet.nl/huren/kamer-zeist/utrechtseweg/kamer-1984500,"{'Woonkamer': ' Onbekend ', 'Keuken': ' Onbekend ', 'Badkamer': ' Onbekend ', 'Toilet': ' Onbekend ', 'Internet': ' Onbekend ', 'Energielabel': ' Onbekend ', 'Huisgenoten': '  Onbekend  ', 'Geslacht': ' Onbekend ', 'Huisdieren': ' In overleg '}",
Hendrik ter Kuilestraat,in Enschede,14 m,,â‚¬ 355,p/m | incl. g/w/e,Gestoffeerd,01-10-2021,19 uur geleden geplaatst,https://kamernet.nl/huren/kamer-enschede/hendrik-ter-kuilestraat/kamer-1984628,"{'Woonkamer': ' Gedeeld ', 'Keuken': ' Gedeeld ', 'Badkamer': ' Gedeeld ', 'Toilet': ' Gedeeld ', 'Internet': ' Ja ', 'Energielabel': ' Onbekend ', 'Huisgenoten': '  3 ', 'Geslacht': ' Vrouw ', 'Huisdieren': ' Nee '}",
Teilingenstraat,in Breda,15 m,,â‚¬ 650,p/m | incl. g/w/e,Gemeubileerd,01-09-2021,19 uur geleden geplaatst,https://kamernet.nl/huren/kamer-breda/teilingenstraat/kamer-1984624,"{'Woonkamer': ' Geen ', 'Keuken': ' Gedeeld ', 'Badkamer': ' Gedeeld ', 'Toilet': ' Gedeeld ', 'Internet': ' Ja ', 'Energielabel': ' Onbekend ', 'Huisgenoten': '  1 ', 'Geslacht': ' Onbekend ', 'Huisdieren': ' Nee '}",
Van Zeggelenstraat,in Haarlem,50 m,Totaal 2 kamers (1 slaapkamer) ,â‚¬ 1050,p/m | excl. g/w/e,Gestoffeerd,01-09-2021,19 uur geleden geplaatst,https://kamernet.nl/huren/appartement-haarlem/van-zeggelenstraat/appartement-1984626,"{'Woonkamer': ' Eigen ', 'Keuken': ' Eigen ', 'Badkamer': ' Eigen ', 'Toilet': ' Eigen ', 'Internet': ' Onbekend ', 'Energielabel': ' Onbekend ', 'Huisdieren': ' Nee '}",
Boylestraat,in Schiedam,48 m,,â‚¬ 1035,p/m | incl. g/w/e,Gemeubileerd,01-09-2021,18 uur geleden geplaatst,https://kamernet.nl/huren/appartement-schiedam/boylestraat/appartement-1984636,"{'Woonkamer': ' Eigen ', 'Keuken': ' Eigen ', 'Badkamer': ' Eigen ', 'Toilet': ' Eigen ', 'Internet': ' Ja ', 'Energielabel': ' Onbekend ', 'Huisdieren': ' Nee '}",
Koninginnelaan,in Groningen,13 m,,â‚¬ 290,p/m | incl. g/w/e,Gestoffeerd,01-10-2021,18 uur geleden geplaatst,https://kamernet.nl/huren/kamer-groningen/koninginnelaan/kamer-1984627,"{'Woonkamer': ' Gedeeld ', 'Keuken': ' Gedeeld ', 'Badkamer': ' Gedeeld ', 'Toilet': ' Gedeeld ', 'Internet': ' Ja ', 'Energielabel': ' Onbekend ', 'Huisgenoten': '  3 ', 'Geslacht': ' Vrouw ', 'Huisdieren': ' Nee '}",
Heezerweg,in Eindhoven,100 m,Totale oppervlakte: 100 m 2,â‚¬ 2050,p/m | excl. g/w/e,Kaal,06-09-2021,18 uur geleden geplaatst,https://kamernet.nl/huren/kamer-eindhoven/heezerweg/kamer-1984630,"{'Woonkamer': ' Geen ', 'Keuken': ' Gedeeld ', 'Badkamer': ' Gedeeld ', 'Toilet': ' Gedeeld ', 'Internet': ' Nee ', 'Energielabel': ' Onbekend ', 'Huisgenoten': '  5 ', 'Geslacht': ' Gemengd ', 'Huisdieren': ' Nee '}",
Schimmelpenninckstraat,in Delft,22 m,,â‚¬ 695,p/m | incl. g/w/e,Gestoffeerd,01-09-2021,15 uur geleden geplaatst,https://kamernet.nl/huren/studio-delft/schimmelpenninckstraat/studio-1984683,"{'Woonkamer': ' Eigen ', 'Keuken': ' Eigen ', 'Badkamer': ' Eigen ', 'Toilet': ' Eigen ', 'Internet': ' Ja ', 'Energielabel': ' Onbekend ', 'Huisdieren': ' Nee '}",
Parkweg,in Ede,46 m,Totaal 2 kamers (1 slaapkamer) ,â‚¬ 870,p/m | excl. g/w/e,Gestoffeerd,01-11-2021,18 uur geleden geplaatst,https://kamernet.nl/huren/appartement-ede/parkweg/appartement-1984647,"{'Woonkamer': ' Eigen ', 'Keuken': ' Eigen ', 'Badkamer': ' Eigen ', 'Toilet': ' Eigen ', 'Internet': ' Onbekend ', 'Energielabel': ' A ', 'Huisdieren': ' Ja '}",
Koestraat,in Tilburg,39 m,Totaal 1 kamer,â‚¬ 800,p/m | excl. g/w/e,Gestoffeerd,02-09-2021,1 uur geleden geplaatst,https://kamernet.nl/huren/studio-tilburg/koestraat/studio-1984743,"{'Woonkamer': ' Onbekend ', 'Keuken': ' Onbekend ', 'Badkamer': ' Onbekend ', 'Toilet': ' Onbekend ', 'Internet': ' Onbekend ', 'Energielabel': ' Onbekend ', 'Huisdieren': ' Nee '}",
Gorechtkade,in Groningen,27 m,,â‚¬ 470,p/m | incl. g/w/e,Gestoffeerd,01-10-2021,1 uur geleden geplaatst,https://kamernet.nl/huren/kamer-groningen/gorechtkade/kamer-1984744,"{'Woonkamer': ' Eigen ', 'Keuken': ' Gedeeld ', 'Badkamer': ' Gedeeld ', 'Toilet': ' Gedeeld ', 'Internet': ' Onbekend ', 'Energielabel': ' Onbekend ', 'Huisgenoten': '  2 ', 'Geslacht': ' Gemengd ', 'Huisdieren': ' Nee '}",
Stieltjesstraat,in Leiden,32 m,,â‚¬ 595,p/m | incl. g/w/e,Gestoffeerd,01-09-2021,1 uur geleden geplaatst,https://kamernet.nl/huren/kamer-leiden/stieltjesstraat/kamer-1984518,"{'Woonkamer': ' Geen ', 'Keuken': ' Gedeeld ', 'Badkamer': ' Gedeeld ', 'Toilet': ' Gedeeld ', 'Internet': ' Ja ', 'Energielabel': ' Onbekend ', 'Huisgenoten': '  4  ', 'Geslacht': ' Onbekend ', 'Huisdieren': ' Nee '}",
Troikastraat,in Almere,44 m,Totaal 2 kamers (1 slaapkamer) ,â‚¬ 1050,p/m | incl. g/w/e,Gestoffeerd,01-10-2021 tot 30-09-2022,1 uur geleden geplaatst,https://kamernet.nl/huren/appartement-almere/troikastraat/appartement-1984751,"{'Woonkamer': ' Eigen ', 'Keuken': ' Eigen ', 'Badkamer': ' Eigen ', 'Toilet': ' Eigen ', 'Internet': ' Nee ', 'Energielabel': ' A ', 'Huisdieren': ' Nee '}",
Pastelstraat,in Almere,66 m,Totaal 3 kamers (2 slaapkamers) ,â‚¬ 1250,p/m | incl. g/w/e,Gestoffeerd,01-10-2021 tot 30-09-2022,1 uur geleden geplaatst,https://kamernet.nl/huren/appartement-almere/pastelstraat/appartement-1984758,"{'Woonkamer': ' Eigen ', 'Keuken': ' Eigen ', 'Badkamer': ' Eigen ', 'Toilet': ' Eigen ', 'Internet': ' Nee ', 'Energielabel': ' B ', 'Huisdieren': ' Nee '}",
Maanderpoort,in Ede,33 m,Totaal 1 kamer (1 slaapkamer) ,â‚¬ 600,p/m | excl. g/w/e,Gestoffeerd,02-09-2021,1 uur geleden geplaatst,https://kamernet.nl/huren/studio-ede/maanderpoort/studio-1984759,"{'Woonkamer': ' Eigen ', 'Keuken': ' Eigen ', 'Badkamer': ' Eigen ', 'Toilet': ' Eigen ', 'Internet': ' Ja ', 'Energielabel': ' Onbekend ', 'Huisdieren': ' Nee '}",
Friesestraatweg,in Groningen,18 m,,â‚¬ 340,p/m | incl. g/w/e,Gestoffeerd,01-10-2021,0 uur geleden geplaatst,https://kamernet.nl/huren/kamer-groningen/friesestraatweg/kamer-1984767,"{'Woonkamer': ' Geen ', 'Keuken': ' Gedeeld ', 'Badkamer': ' Gedeeld ', 'Toilet': ' Gedeeld ', 'Internet': ' Ja ', 'Energielabel': ' Onbekend ', 'Huisgenoten': '  Onbekend  ', 'Geslacht': ' Onbekend ', 'Huisdieren': ' Nee '}",
Borneostraat,in Utrecht,43 m,,â‚¬ 932,p/m | excl. g/w/e,Gemeubileerd,02-09-2021,0 uur geleden geplaatst,https://kamernet.nl/huren/appartement-utrecht/borneostraat/appartement-1984745,"{'Woonkamer': ' Eigen ', 'Keuken': ' Eigen ', 'Badkamer': ' Eigen ', 'Toilet': ' Eigen ', 'Internet': ' Ja ', 'Energielabel': ' Onbekend ', 'Huisdieren': ' Nee '}",
Von Geusaustraat,in Voorburg,26 m,,â‚¬ 750,p/m | incl. g/w/e,Gemeubileerd,02-09-2021,0 uur geleden geplaatst,https://kamernet.nl/huren/kamer-voorburg/von-geusaustraat/kamer-1984762,"{'Woonkamer': ' Geen ', 'Keuken': ' Gedeeld ', 'Badkamer': ' Gedeeld ', 'Toilet': ' Gedeeld ', 'Internet': ' Ja ', 'Energielabel': ' Onbekend ', 'Huisgenoten': '  3 ', 'Geslacht': ' Man ', 'Huisdieren': ' Nee '}",
Storm Buysingstraat,in Leiden,15 m,Totale oppervlakte: 75 m 2,â‚¬ 550,p/m | incl. g/w/e,Gemeubileerd,30-09-2021,0 uur geleden geplaatst,https://kamernet.nl/huren/kamer-leiden/storm-buysingstraat/kamer-1984642,"{'Woonkamer': ' Gedeeld ', 'Keuken': ' Gedeeld ', 'Badkamer': ' Gedeeld ', 'Toilet': ' Gedeeld ', 'Internet': ' Ja ', 'Energielabel': ' Onbekend ', 'Huisgenoten': '  1 ', 'Geslacht': ' Man ', 'Huisdieren': ' Ja '}",
Mathenesserlaan,in Rotterdam,75 m,Totale oppervlakte: 150 m 2,â‚¬ 1250,p/m | excl. g/w/e,Kaal,01-09-2021 tot 31-05-2022,18 uur geleden geplaatst,https://kamernet.nl/huren/kamer-rotterdam/mathenesserlaan/kamer-1984637,"{'Woonkamer': ' Gedeeld ', 'Keuken': ' Gedeeld ', 'Badkamer': ' Gedeeld ', 'Toilet': ' Eigen ', 'Internet': ' Nee ', 'Energielabel': ' Onbekend ', 'Huisgenoten': '  1 ', 'Geslacht': ' Gemengd ', 'Huisdieren': ' Nee '}",
Adriaan Menninckkwartier,in Utrecht,50 m,Totaal 2 kamers (1 slaapkamer) ,â‚¬ 925,p/m | incl. g/w/e,Gestoffeerd,23-10-2021,0 uur geleden geplaatst,https://kamernet.nl/huren/appartement-utrecht/adriaan-menninckkwartier/appartement-1984673,"{'Woonkamer': ' Eigen ', 'Keuken': ' Eigen ', 'Badkamer': ' Eigen ', 'Toilet': ' Eigen ', 'Internet': ' Ja ', 'Energielabel': ' Onbekend ', 'Huisdieren': ' Nee '}",
Vroesenlaan,in Rotterdam,10 m,Totale oppervlakte: 80 m 2,â‚¬ 735,p/m | incl. g/w/e,Gemeubileerd,01-06-2021,37 weken geleden geplaatst,https://kamernet.nl/huren/kamer-rotterdam/vroesenlaan/kamer-1787505,"{'Woonkamer': ' Gedeeld ', 'Keuken': ' Gedeeld ', 'Badkamer': ' Gedeeld ', 'Toilet': ' Gedeeld ', 'Internet': ' Ja ', 'Energielabel': ' Onbekend ', 'Huisgenoten': '  2 ', 'Geslacht': ' Gemengd ', 'Huisdieren': ' Nee '}",
Presidentstraat,in Almere,12 m,Totale oppervlakte: 100 m 2,â‚¬ 500,p/m | incl. g/w/e,Gemeubileerd,01-04-2021,35 weken geleden geplaatst,https://kamernet.nl/huren/kamer-almere/presidentstraat/kamer-1797072,"{'Woonkamer': ' Gedeeld ', 'Keuken': ' Gedeeld ', 'Badkamer': ' Gedeeld ', 'Toilet': ' Gedeeld ', 'Internet': ' Ja ', 'Energielabel': ' C ', 'Huisgenoten': '  3 ', 'Geslacht': ' Gemengd ', 'Huisdieren': ' Ja '}",
Tongerseweg,in Maastricht,10 m,,â‚¬ 299,p/m | incl. g/w/e,Gemeubileerd,13-03-2021,60 weken geleden geplaatst,https://kamernet.nl/huren/kamer-maastricht/tongerseweg/kamer-1828389,"{'Woonkamer': ' Gedeeld ', 'Keuken': ' Gedeeld ', 'Badkamer': ' Gedeeld ', 'Toilet': ' Gedeeld ', 'Internet': ' Ja ', 'Energielabel': ' A ', 'Huisgenoten': '  Meer dan 8 ', 'Geslacht': ' Gemengd ', 'Huisdieren': ' Nee '}",
Raphael Lemkinstraat,in Amsterdam,11 m,,â‚¬ 550,p/m | incl. g/w/e,Gemeubileerd,20-04-2021,55 weken geleden geplaatst,https://kamernet.nl/huren/kamer-amsterdam/raphael-lemkinstraat/kamer-1832878,"{'Woonkamer': ' Gedeeld ', 'Keuken': ' Gedeeld ', 'Badkamer': ' Gedeeld ', 'Toilet': ' Gedeeld ', 'Internet': ' Ja ', 'Energielabel': ' Onbekend ', 'Huisgenoten': '  Onbekend  ', 'Geslacht': ' Onbekend ', 'Huisdieren': ' Nee '}",
Van de Sande Bakhuijzenstraat,in Amsterdam,15 m,Totale oppervlakte: 999 m 2,â‚¬ 1078,p/m | incl. g/w/e,Gemeubileerd,13-08-2020,55 weken geleden geplaatst,https://kamernet.nl/huren/kamer-amsterdam/van-de-sande-bakhuijzenstraat/kamer-1837132,"{'Woonkamer': ' Gedeeld ', 'Keuken': ' Gedeeld ', 'Badkamer': ' Eigen ', 'Toilet': ' Eigen ', 'Internet': ' Ja ', 'Energielabel': ' A ', 'Huisgenoten': '  8  ', 'Geslacht': ' Gemengd ', 'Huisdieren': ' Nee '}",
Lucasbolwerk,in Utrecht,16 m,Totale oppervlakte: 40 m 2,â‚¬ 600,p/m | incl. g/w/e,Gemeubileerd,20-03-2021,52 weken geleden geplaatst,https://kamernet.nl/huren/kamer-utrecht/lucasbolwerk/kamer-1835070,"{'Woonkamer': ' Gedeeld ', 'Keuken': ' Gedeeld ', 'Badkamer': ' Gedeeld ', 'Toilet': ' Gedeeld ', 'Internet': ' Onbekend ', 'Energielabel': ' Onbekend ', 'Huisgenoten': '  Meer dan 8 ', 'Geslacht': ' Gemengd ', 'Huisdieren': ' Nee '}",
Paul Krugerstraat,in Vlissingen,12 m,,â‚¬ 290,p/m | incl. g/w/e,Gestoffeerd,02-09-2021,2 uur geleden geplaatst,https://kamernet.nl/huren/kamer-vlissingen/paul-krugerstraat/kamer-1984708,"{'Woonkamer': ' Gedeeld ', 'Keuken': ' Gedeeld ', 'Badkamer': ' Gedeeld ', 'Toilet': ' Gedeeld ', 'Internet': ' Ja ', 'Energielabel': ' Onbekend ', 'Huisgenoten': '  3 ', 'Geslacht': ' Onbekend ', 'Huisdieren': ' Nee '}",
Rustenburgerstraat,in Amsterdam,16 m,,â‚¬ 900,p/m | incl. g/w/e,Gemeubileerd,02-09-2021,2 uur geleden geplaatst,https://kamernet.nl/huren/kamer-amsterdam/rustenburgerstraat/kamer-1984714,"{'Woonkamer': ' Gedeeld ', 'Keuken': ' Gedeeld ', 'Badkamer': ' Gedeeld ', 'Toilet': ' Gedeeld ', 'Internet': ' Ja ', 'Energielabel': ' Onbekend ', 'Huisgenoten': '  1 ', 'Geslacht': ' Man ', 'Huisdieren': ' Nee '}",
Cassandraplein,in Eindhoven,52 m,Totaal 2 kamers (1 slaapkamer) ,â‚¬ 1100,p/m | excl. g/w/e,Gestoffeerd,05-10-2021,2 uur geleden geplaatst,https://kamernet.nl/huren/appartement-eindhoven/cassandraplein/appartement-1984747,"{'Woonkamer': ' Eigen ', 'Keuken': ' Eigen ', 'Badkamer': ' Eigen ', 'Toilet': ' Eigen ', 'Internet': ' Ja ', 'Energielabel': ' Onbekend ', 'Huisdieren': ' Nee '}",
Eerste Weteringdwarsstraat,in Amsterdam,16 m,Totaal 1 kamer (1 slaapkamer) ,â‚¬ 750,p/m | incl. g/w/e,Gemeubileerd,01-10-2021 tot 30-09-2022,2 uur geleden geplaatst,https://kamernet.nl/huren/studio-amsterdam/eerste-weteringdwarsstraat/studio-1984711,"{'Woonkamer': ' Eigen ', 'Keuken': ' Eigen ', 'Badkamer': ' Eigen ', 'Toilet': ' Eigen ', 'Internet': ' Ja ', 'Energielabel': ' Onbekend ', 'Huisdieren': ' Nee '}",
Balfortstraat,in Breda,16 m,,â‚¬ 400,p/m | incl. g/w/e,Gestoffeerd,15-09-2021,0 uur geleden geplaatst,https://kamernet.nl/huren/kamer-breda/balfortstraat/kamer-1984623,"{'Woonkamer': ' Geen ', 'Keuken': ' Gedeeld ', 'Badkamer': ' Gedeeld ', 'Toilet': ' Gedeeld ', 'Internet': ' Ja ', 'Energielabel': ' Onbekend ', 'Huisgenoten': '  2 ', 'Geslacht': ' Vrouw ', 'Huisdieren': ' Nee '}",
Molenstraat,in Roosendaal,16 m,,â‚¬ 325,p/m | excl. g/w/e,Gestoffeerd,04-09-2021,2 uur geleden geplaatst,https://kamernet.nl/huren/appartement-roosendaal/molenstraat/appartement-1984726,"{'Woonkamer': ' Onbekend ', 'Keuken': ' Onbekend ', 'Badkamer': ' Onbekend ', 'Toilet': ' Onbekend ', 'Internet': ' Onbekend ', 'Energielabel': ' Onbekend ', 'Huisdieren': ' Nee '}",
Mare,in Rotterdam,80 m,Totaal 2 kamers,â‚¬ 115,p/m | excl. g/w/e,Kaal,02-09-2021,2 uur geleden geplaatst,https://kamernet.nl/huren/appartement-rotterdam/mare/appartement-1984727,"{'Woonkamer': ' Onbekend ', 'Keuken': ' Onbekend ', 'Badkamer': ' Onbekend ', 'Toilet': ' Onbekend ', 'Internet': ' Onbekend ', 'Energielabel': ' Onbekend ', 'Huisdieren': ' Nee '}",
Dirk van der Leckstraat,in Heemskerk,96 m,Totaal 4 kamers,â‚¬ 600,p/m | excl. g/w/e,Kaal,02-09-2021,2 uur geleden geplaatst,https://kamernet.nl/huren/appartement-heemskerk/dirk-van-der-leckstraat/appartement-1984728,"{'Woonkamer': ' Onbekend ', 'Keuken': ' Onbekend ', 'Badkamer': ' Onbekend ', 'Toilet': ' Onbekend ', 'Internet': ' Onbekend ', 'Energielabel': ' Onbekend ', 'Huisdieren': ' Nee '}",
Buitenwatersloot,in Delft,7 m,Totale oppervlakte: 50 m 2,â‚¬ 295,p/m | incl. g/w/e,Gemeubileerd,01-09-2021 tot 01-01-2022,2 uur geleden geplaatst,https://kamernet.nl/huren/kamer-delft/buitenwatersloot/kamer-1984700,"{'Woonkamer': ' Geen ', 'Keuken': ' Gedeeld ', 'Badkamer': ' Gedeeld ', 'Toilet': ' Gedeeld ', 'Internet': ' Ja ', 'Energielabel': ' F ', 'Huisgenoten': '  3 ', 'Geslacht': ' Gemengd ', 'Huisdieren': ' Nee '}",
van der Does de Willeboissingel,in Den Bosch,80 m,Totaal 3 kamers,â‚¬ 1350,p/m | excl. g/w/e,Gestoffeerd,01-10-2021,1 uur geleden geplaatst,https://kamernet.nl/huren/appartement-den-bosch/van-der-does-de-willeboissingel/appartement-1984735,"{'Woonkamer': ' Onbekend ', 'Keuken': ' Onbekend ', 'Badkamer': ' Onbekend ', 'Toilet': ' Onbekend ', 'Internet': ' Onbekend ', 'Energielabel': ' Onbekend ', 'Huisdieren': ' Nee '}",
Vughterstraat,in Den Bosch,71 m,Totaal 2 kamers,â‚¬ 1595,p/m | excl. g/w/e,Gestoffeerd,01-10-2021,1 uur geleden geplaatst,https://kamernet.nl/huren/appartement-den-bosch/vughterstraat/appartement-1984736,"{'Woonkamer': ' Onbekend ', 'Keuken': ' Onbekend ', 'Badkamer': ' Onbekend ', 'Toilet': ' Onbekend ', 'Internet': ' Onbekend ', 'Energielabel': ' Onbekend ', 'Huisdieren': ' Nee '}",
Koningspage,in Deventer,103 m,,â‚¬ 1095,p/m | excl. g/w/e,Gemeubileerd,16-10-2021,1 uur geleden geplaatst,https://kamernet.nl/huren/appartement-deventer/koningspage/appartement-1984738,"{'Woonkamer': ' Onbekend ', 'Keuken': ' Onbekend ', 'Badkamer': ' Onbekend ', 'Toilet': ' Onbekend ', 'Internet': ' Onbekend ', 'Energielabel': ' Onbekend ', 'Huisdieren': ' Nee '}",
Strekel,in Warmenhuizen,171 m,,â‚¬ 1795,p/m | excl. g/w/e,Gemeubileerd,01-12-2021,1 uur geleden geplaatst,https://kamernet.nl/huren/appartement-warmenhuizen/strekel/appartement-1984739,"{'Woonkamer': ' Onbekend ', 'Keuken': ' Onbekend ', 'Badkamer': ' Onbekend ', 'Toilet': ' Onbekend ', 'Internet': ' Onbekend ', 'Energielabel': ' Onbekend ', 'Huisdieren': ' Nee '}",
Hortusplantsoen,in Amsterdam,57 m,,â‚¬ 1450,p/m | excl. g/w/e,Gemeubileerd,15-10-2021,1 uur geleden geplaatst,https://kamernet.nl/huren/appartement-amsterdam/hortusplantsoen/appartement-1984740,"{'Woonkamer': ' Onbekend ', 'Keuken': ' Onbekend ', 'Badkamer': ' Onbekend ', 'Toilet': ' Onbekend ', 'Internet': ' Ja ', 'Energielabel': ' Onbekend ', 'Huisdieren': ' Nee '}",
Wilhelminastraat,in Amsterdam,48 m,,â‚¬ 1400,p/m | excl. g/w/e,Gemeubileerd,01-10-2021,1 uur geleden geplaatst,https://kamernet.nl/huren/appartement-amsterdam/wilhelminastraat/appartement-1984741,"{'Woonkamer': ' Onbekend ', 'Keuken': ' Onbekend ', 'Badkamer': ' Onbekend ', 'Toilet': ' Onbekend ', 'Internet': ' Onbekend ', 'Energielabel': ' Onbekend ', 'Huisdieren': ' Nee '}",
Daalderstraat,in Nijmegen,33 m,,â‚¬ 560,p/m | incl. g/w/e,Gemeubileerd,01-10-2021 tot 01-04-2022,1 uur geleden geplaatst,https://kamernet.nl/huren/appartement-nijmegen/daalderstraat/appartement-1984752,"{'Woonkamer': ' Eigen ', 'Keuken': ' Eigen ', 'Badkamer': ' Eigen ', 'Toilet': ' Eigen ', 'Internet': ' Ja ', 'Energielabel': ' B ', 'Huisdieren': ' Nee '}",
Mijnsherenlaan,in Rotterdam,6 m,,â‚¬ 430,p/m | incl. g/w/e,Gemeubileerd,05-09-2021,2 uur geleden geplaatst,https://kamernet.nl/huren/kamer-rotterdam/mijnsherenlaan/kamer-1984718,"{'Woonkamer': ' Geen ', 'Keuken': ' Gedeeld ', 'Badkamer': ' Gedeeld ', 'Toilet': ' Gedeeld ', 'Internet': ' Ja ', 'Energielabel': ' Onbekend ', 'Huisgenoten': '  4  ', 'Geslacht': ' Onbekend ', 'Huisdieren': ' Nee '}",
Agnietenstraat,in Arnhem,8 m,,â‚¬ 295,p/m | excl. g/w/e,Gestoffeerd,02-09-2021,1 uur geleden geplaatst,https://kamernet.nl/huren/kamer-arnhem/agnietenstraat/kamer-1984734,"{'Woonkamer': ' Onbekend ', 'Keuken': ' Onbekend ', 'Badkamer': ' Onbekend ', 'Toilet': ' Onbekend ', 'Internet': ' Onbekend ', 'Energielabel': ' Onbekend ', 'Huisgenoten': '  Onbekend  ', 'Geslacht': ' Onbekend ', 'Huisdieren': ' Nee '}",
Noordeinde,in Den Haag,95 m,Totaal 3 kamers (1 slaapkamer) ,â‚¬ 1800,p/m | incl. g/w/e,Gemeubileerd,04-09-2021 tot 04-03-2022,14 uur geleden geplaatst,https://kamernet.nl/huren/appartement-den-haag/noordeinde/appartement-1984686,"{'Woonkamer': ' Eigen ', 'Keuken': ' Eigen ', 'Badkamer': ' Eigen ', 'Toilet': ' Eigen ', 'Internet': ' Nee ', 'Energielabel': ' Onbekend ', 'Huisdieren': ' Nee '}",
Beatrixstraat,in Enschede,12 m,,â‚¬ 330,p/m | incl. g/w/e,Gestoffeerd,01-09-2021,14 uur geleden geplaatst,https://kamernet.nl/huren/kamer-enschede/beatrixstraat/kamer-1984676,"{'Woonkamer': ' Gedeeld ', 'Keuken': ' Gedeeld ', 'Badkamer': ' Gedeeld ', 'Toilet': ' Gedeeld ', 'Internet': ' Ja ', 'Energielabel': ' Onbekend ', 'Huisgenoten': '  1 ', 'Geslacht': ' Man ', 'Huisdieren': ' In overleg '}",
Hendrikstraat,in Groningen,40 m,Totaal 2 kamers (1 slaapkamer) ,â‚¬ 650,p/m | excl. g/w/e,Gestoffeerd,03-09-2021,3 uur geleden geplaatst,https://kamernet.nl/huren/appartement-groningen/hendrikstraat/appartement-1984706,"{'Woonkamer': ' Eigen ', 'Keuken': ' Eigen ', 'Badkamer': ' Eigen ', 'Toilet': ' Eigen ', 'Internet': ' Ja ', 'Energielabel': ' G ', 'Huisdieren': ' Nee '}",
Hagenkampweg Zuid,in Eindhoven,12 m,Totale oppervlakte: 70 m 2,â‚¬ 640,p/m | excl. g/w/e,Gemeubileerd,01-10-2021,3 uur geleden geplaatst,https://kamernet.nl/huren/kamer-eindhoven/hagenkampweg-zuid/kamer-1984702,"{'Woonkamer': ' Gedeeld ', 'Keuken': ' Gedeeld ', 'Badkamer': ' Gedeeld ', 'Toilet': ' Gedeeld ', 'Internet': ' Ja ', 'Energielabel': ' Onbekend ', 'Huisgenoten': '  2 ', 'Geslacht': ' Vrouw ', 'Huisdieren': ' Nee '}",
Prinsestraat,in Den Haag,20 m,Totale oppervlakte: 180 m 2,â‚¬ 870,p/m | incl. g/w/e,Gemeubileerd,01-10-2021,3 uur geleden geplaatst,https://kamernet.nl/huren/kamer-den-haag/prinsestraat/kamer-1984619,"{'Woonkamer': ' Gedeeld ', 'Keuken': ' Gedeeld ', 'Badkamer': ' Gedeeld ', 'Toilet': ' Gedeeld ', 'Internet': ' Ja ', 'Energielabel': ' Onbekend ', 'Huisgenoten': '  2 ', 'Geslacht': ' Gemengd ', 'Huisdieren': ' Nee '}",
Leeghwaterstraat,in Hilversum,60 m,,â‚¬ 975,p/m | incl. g/w/e,Gestoffeerd,02-09-2021,3 uur geleden geplaatst,https://kamernet.nl/huren/appartement-hilversum/leeghwaterstraat/appartement-1984723,"{'Woonkamer': ' Eigen ', 'Keuken': ' Eigen ', 'Badkamer': ' Eigen ', 'Toilet': ' Eigen ', 'Internet': ' Ja ', 'Energielabel': ' Onbekend ', 'Huisdieren': ' Nee '}",
Graan voor Visch,in Hoofddorp,35 m,,â‚¬ 650,p/m | incl. g/w/e,Gemeubileerd,16-08-2021,2 weken geleden geplaatst,https://kamernet.nl/huren/studio-hoofddorp/graan-voor-visch/studio-1980605,"{'Woonkamer': ' Eigen ', 'Keuken': ' Eigen ', 'Badkamer': ' Gedeeld ', 'Toilet': ' Gedeeld ', 'Internet': ' Ja ', 'Energielabel': ' Onbekend ', 'Huisdieren': ' Nee '}",
Abdij van Averbodestraat,in Tilburg,18 m,,â‚¬ 395,p/m | excl. g/w/e,Onbekend,02-09-2021,2 uur geleden geplaatst,https://kamernet.nl/huren/kamer-tilburg/abdij-van-averbodestraat/kamer-1984733,"{'Woonkamer': ' Onbekend ', 'Keuken': ' Onbekend ', 'Badkamer': ' Onbekend ', 'Toilet': ' Onbekend ', 'Internet': ' Onbekend ', 'Energielabel': ' Onbekend ', 'Huisgenoten': '  Onbekend  ', 'Geslacht': ' Onbekend ', 'Huisdieren': ' Nee '}",
Generaal Marshallweg,in Eindhoven,104 m,Totaal 3 kamers,â‚¬ 1250,p/m | excl. g/w/e,Gestoffeerd,01-10-2021,2 uur geleden geplaatst,https://kamernet.nl/huren/appartement-eindhoven/generaal-marshallweg/appartement-1984737,"{'Woonkamer': ' Onbekend ', 'Keuken': ' Onbekend ', 'Badkamer': ' Onbekend ', 'Toilet': ' Onbekend ', 'Internet': ' Onbekend ', 'Energielabel': ' Onbekend ', 'Huisdieren': ' Nee '}",
Paul Krugerstraat,in Vlissingen,16 m,,â‚¬ 300,p/m | incl. g/w/e,Gestoffeerd,02-09-2021,2 uur geleden geplaatst,https://kamernet.nl/huren/kamer-vlissingen/paul-krugerstraat/kamer-1984707,"{'Woonkamer': ' Onbekend ', 'Keuken': ' Onbekend ', 'Badkamer': ' Onbekend ', 'Toilet': ' Onbekend ', 'Internet': ' Ja ', 'Energielabel': ' Onbekend ', 'Huisgenoten': '  3 ', 'Geslacht': ' Gemengd ', 'Huisdieren': ' Nee '}",
Emmastraat,in Enschede,20 m,,â‚¬ 160,p/m | excl. g/w/e,Gemeubileerd,31-08-2021,2 dagen geleden geplaatst,https://kamernet.nl/huren/kamer-enschede/emmastraat/kamer-1984329,"{'Woonkamer': ' Gedeeld ', 'Keuken': ' Gedeeld ', 'Badkamer': ' Gedeeld ', 'Toilet': ' Gedeeld ', 'Internet': ' Ja ', 'Energielabel': ' Onbekend ', 'Huisgenoten': '  8  ', 'Geslacht': ' Man ', 'Huisdieren': ' Nee '}",
Oude Herengracht,in Leiden,10 m,Totale oppervlakte: 10 m 2,â‚¬ 320,p/m | incl. g/w/e,Gestoffeerd,01-10-2021,21 uur geleden geplaatst,https://kamernet.nl/huren/kamer-leiden/oude-herengracht/kamer-1984569,"{'Woonkamer': ' Geen ', 'Keuken': ' Gedeeld ', 'Badkamer': ' Gedeeld ', 'Toilet': ' Gedeeld ', 'Internet': ' Ja ', 'Energielabel': ' Onbekend ', 'Huisgenoten': '  7 ', 'Geslacht': ' Gemengd ', 'Huisdieren': ' Nee '}",
Langestraat,in Nijkerk,40 m,Totaal 2 kamers,â‚¬ 835,p/m | excl. g/w/e,Gestoffeerd,10-09-2021,1 uur geleden geplaatst,https://kamernet.nl/huren/appartement-nijkerk/langestraat/appartement-1984742,"{'Woonkamer': ' Onbekend ', 'Keuken': ' Onbekend ', 'Badkamer': ' Onbekend ', 'Toilet': ' Onbekend ', 'Internet': ' Onbekend ', 'Energielabel': ' Onbekend ', 'Huisdieren': ' Nee '}",
Jacoba van Beierenlaan,in Delft,12 m,,â‚¬ 330,p/m | incl. g/w/e,Kaal,18-09-2021,2 dagen geleden geplaatst,https://kamernet.nl/huren/kamer-delft/jacoba-van-beierenlaan/kamer-1984142,"{'Woonkamer': ' Gedeeld ', 'Keuken': ' Gedeeld ', 'Badkamer': ' Gedeeld ', 'Toilet': ' Gedeeld ', 'Internet': ' Ja ', 'Energielabel': ' Onbekend ', 'Huisgenoten': '  Meer dan 8 ', 'Geslacht': ' Gemengd ', 'Huisdieren': ' In overleg '}",
Langestraat,in Oldenzaal,22 m,,â‚¬ 470,p/m | excl. g/w/e,Gestoffeerd,01-09-2021,2 dagen geleden geplaatst,https://kamernet.nl/huren/kamer-oldenzaal/langestraat/kamer-1984208,"{'Woonkamer': ' Onbekend ', 'Keuken': ' Onbekend ', 'Badkamer': ' Onbekend ', 'Toilet': ' Onbekend ', 'Internet': ' Onbekend ', 'Energielabel': ' Onbekend ', 'Huisgenoten': '  Onbekend  ', 'Geslacht': ' Onbekend ', 'Huisdieren': ' In overleg '}",
Johan Winklerwei,in Leeuwarden,10 m,,â‚¬ 375,p/m | incl. g/w/e,Gestoffeerd,01-10-2021,16 uur geleden geplaatst,https://kamernet.nl/huren/kamer-leeuwarden/johan-winklerwei/kamer-1984679,"{'Woonkamer': ' Gedeeld ', 'Keuken': ' Gedeeld ', 'Badkamer': ' Gedeeld ', 'Toilet': ' Gedeeld ', 'Internet': ' Ja ', 'Energielabel': ' Onbekend ', 'Huisgenoten': '  4  ', 'Geslacht': ' Man ', 'Huisdieren': ' Nee '}",
Grotestraat,in Veen,12 m,Totale oppervlakte: 150 m 2,â‚¬ 400,p/m | incl. g/w/e,Gemeubileerd,01-09-2021,10 uur geleden geplaatst,https://kamernet.nl/huren/kamer-veen/grotestraat/kamer-1984461,"{'Woonkamer': ' Gedeeld ', 'Keuken': ' Gedeeld ', 'Badkamer': ' Gedeeld ', 'Toilet': ' Gedeeld ', 'Internet': ' Ja ', 'Energielabel': ' Onbekend ', 'Huisgenoten': '  1 ', 'Geslacht': ' Man ', 'Huisdieren': ' Nee '}",
Wagnersingel,in Groningen,24 m,Totale oppervlakte: 142 m 2,â‚¬ 490,p/m | incl. g/w/e,Gemeubileerd,01-09-2021,3 dagen geleden geplaatst,https://kamernet.nl/huren/kamer-groningen/wagnersingel/kamer-1983975,"{'Woonkamer': ' Gedeeld ', 'Keuken': ' Gedeeld ', 'Badkamer': ' Gedeeld ', 'Toilet': ' Gedeeld ', 'Internet': ' Ja ', 'Energielabel': ' Onbekend ', 'Huisgenoten': '  2 ', 'Geslacht': ' Man ', 'Huisdieren': ' Nee '}",
Rivierstraat,in Rotterdam,17 m,,â‚¬ 485,p/m | incl. g/w/e,Gemeubileerd,30-08-2021,3 dagen geleden geplaatst,https://kamernet.nl/huren/kamer-rotterdam/rivierstraat/kamer-1983888,"{'Woonkamer': ' Geen ', 'Keuken': ' Gedeeld ', 'Badkamer': ' Gedeeld ', 'Toilet': ' Gedeeld ', 'Internet': ' Ja ', 'Energielabel': ' Onbekend ', 'Huisgenoten': '  3 ', 'Geslacht': ' Vrouw ', 'Huisdieren': ' Nee '}",
Zaagmolenstraat,in Rotterdam,12 m,Totale oppervlakte: 36 m 2,â‚¬ 425,p/m | excl. g/w/e,Gestoffeerd,01-10-2021,3 dagen geleden geplaatst,https://kamernet.nl/huren/kamer-rotterdam/zaagmolenstraat/kamer-1983903,"{'Woonkamer': ' Geen ', 'Keuken': ' Gedeeld ', 'Badkamer': ' Gedeeld ', 'Toilet': ' Gedeeld ', 'Internet': ' Ja ', 'Energielabel': ' Onbekend ', 'Huisgenoten': '  2 ', 'Geslacht': ' Man ', 'Huisdieren': ' In overleg '}",
Bernoulliplein,in Groningen,14 m,,â‚¬ 384,p/m | incl. g/w/e,Gestoffeerd,01-11-2021,3 dagen geleden geplaatst,https://kamernet.nl/huren/kamer-groningen/bernoulliplein/kamer-1983925,"{'Woonkamer': ' Geen ', 'Keuken': ' Gedeeld ', 'Badkamer': ' Gedeeld ', 'Toilet': ' Gedeeld ', 'Internet': ' Nee ', 'Energielabel': ' Onbekend ', 'Huisgenoten': '  3 ', 'Geslacht': ' Vrouw ', 'Huisdieren': ' Nee '}",
Looplantsoen,in Utrecht,17 m,Totale oppervlakte: 20 m 2,â‚¬ 395,p/m | incl. g/w/e,Gemeubileerd,18-10-2021 tot 15-05-2022,4 dagen geleden geplaatst,https://kamernet.nl/huren/kamer-utrecht/looplantsoen/kamer-1983746,"{'Woonkamer': ' Gedeeld ', 'Keuken': ' Gedeeld ', 'Badkamer': ' Gedeeld ', 'Toilet': ' Gedeeld ', 'Internet': ' Ja ', 'Energielabel': ' Onbekend ', 'Huisgenoten': '  2 ', 'Geslacht': ' Vrouw ', 'Huisdieren': ' Nee '}",
Flanorpad,in Leiden,12 m,Totale oppervlakte: 410 m 2,â‚¬ 300,p/m | incl. g/w/e,Kaal,22-09-2021,4 dagen geleden geplaatst,https://kamernet.nl/huren/kamer-leiden/flanorpad/kamer-1983749,"{'Woonkamer': ' Gedeeld ', 'Keuken': ' Gedeeld ', 'Badkamer': ' Gedeeld ', 'Toilet': ' Gedeeld ', 'Internet': ' Ja ', 'Energielabel': ' Onbekend ', 'Huisgenoten': '  Meer dan 8 ', 'Geslacht': ' Gemengd ', 'Huisdieren': ' Nee '}",
Fregatstraat,in Utrecht,20 m,,â‚¬ 875,p/m | incl. g/w/e,Kaal,29-08-2021,4 dagen geleden geplaatst,https://kamernet.nl/huren/studio-utrecht/fregatstraat/studio-1983632,"{'Woonkamer': ' Eigen ', 'Keuken': ' Eigen ', 'Badkamer': ' Eigen ', 'Toilet': ' Eigen ', 'Internet': ' Ja ', 'Energielabel': ' Onbekend ', 'Huisdieren': ' Nee '}",
Bekensteinselaan,in Amersfoort,17 m,,â‚¬ 600,p/m | incl. g/w/e,Gestoffeerd,01-10-2021,4 dagen geleden geplaatst,https://kamernet.nl/huren/kamer-amersfoort/bekensteinselaan/kamer-1856143,"{'Woonkamer': ' Eigen ', 'Keuken': ' Gedeeld ', 'Badkamer': ' Gedeeld ', 'Toilet': ' Gedeeld ', 'Internet': ' Ja ', 'Energielabel': ' E ', 'Huisgenoten': '  1 ', 'Geslacht': ' Gemengd ', 'Huisdieren': ' Nee '}",
Graaf van Bloisstraat,in Gouda,63 m,Totaal 3 kamers (2 slaapkamers) ,â‚¬ 1000,p/m | excl. g/w/e,Gemeubileerd,01-10-2021,4 dagen geleden geplaatst,https://kamernet.nl/huren/appartement-gouda/graaf-van-bloisstraat/appartement-1983685,"{'Woonkamer': ' Eigen ', 'Keuken': ' Eigen ', 'Badkamer': ' Eigen ', 'Toilet': ' Eigen ', 'Internet': ' Nee ', 'Energielabel': ' C ', 'Huisdieren': ' In overleg '}",
Doornsweer,in Hardinxveld-Giessendam,45 m,,â‚¬ 300,p/m | incl. g/w/e,Gemeubileerd,28-08-2021,5 dagen geleden geplaatst,https://kamernet.nl/huren/kamer-hardinxveld-giessendam/doornsweer/kamer-1983469,"{'Woonkamer': ' Gedeeld ', 'Keuken': ' Gedeeld ', 'Badkamer': ' Gedeeld ', 'Toilet': ' Gedeeld ', 'Internet': ' Ja ', 'Energielabel': ' Onbekend ', 'Huisgenoten': '  1 ', 'Geslacht': ' Man ', 'Huisdieren': ' Nee '}",
Holendrechtstraat,in Amsterdam,40 m,,â‚¬ 1370,p/m | excl. g/w/e,Gemeubileerd,29-08-2021,5 dagen geleden geplaatst,https://kamernet.nl/huren/appartement-amsterdam/holendrechtstraat/appartement-1983468,"{'Woonkamer': ' Geen ', 'Keuken': ' Eigen ', 'Badkamer': ' Eigen ', 'Toilet': ' Eigen ', 'Internet': ' Ja ', 'Energielabel': ' A ', 'Huisdieren': ' Nee '}",
De Makelaar,in Amersfoort,24 m,,â‚¬ 325,p/m | incl. g/w/e,Kaal,11-10-2021,5 dagen geleden geplaatst,https://kamernet.nl/huren/kamer-amersfoort/de-makelaar/kamer-1983476,"{'Woonkamer': ' Eigen ', 'Keuken': ' Eigen ', 'Badkamer': ' Gedeeld ', 'Toilet': ' Eigen ', 'Internet': ' Ja ', 'Energielabel': ' Onbekend ', 'Huisgenoten': '  1 ', 'Geslacht': ' Man ', 'Huisdieren': ' Nee '}",
Kortekade,in Rotterdam,16 m,Totale oppervlakte: 45 m 2,â‚¬ 550,p/m | excl. g/w/e,Gestoffeerd,01-09-2021,5 dagen geleden geplaatst,https://kamernet.nl/huren/kamer-rotterdam/kortekade/kamer-1983480,"{'Woonkamer': ' Gedeeld ', 'Keuken': ' Gedeeld ', 'Badkamer': ' Gedeeld ', 'Toilet': ' Gedeeld ', 'Internet': ' Ja ', 'Energielabel': ' Onbekend ', 'Huisgenoten': '  3 ', 'Geslacht': ' Man ', 'Huisdieren': ' Nee '}",
Lingestraat,in Groningen,8 m,,â‚¬ 600,p/m | incl. g/w/e,Gestoffeerd,01-10-2021,5 dagen geleden geplaatst,https://kamernet.nl/huren/kamer-groningen/lingestraat/kamer-1983494,"{'Woonkamer': ' Gedeeld ', 'Keuken': ' Gedeeld ', 'Badkamer': ' Gedeeld ', 'Toilet': ' Gedeeld ', 'Internet': ' Ja ', 'Energielabel': ' Onbekend ', 'Huisgenoten': '  1 ', 'Geslacht': ' Vrouw ', 'Huisdieren': ' Nee '}",
Grutterstraat,in Rhenen,27 m,Totaal 1 kamer (1 slaapkamer) ,â‚¬ 520,p/m | incl. g/w/e,Gestoffeerd,01-11-2021,5 dagen geleden geplaatst,https://kamernet.nl/huren/studio-rhenen/grutterstraat/studio-1983506,"{'Woonkamer': ' Eigen ', 'Keuken': ' Eigen ', 'Badkamer': ' Eigen ', 'Toilet': ' Eigen ', 'Internet': ' Ja ', 'Energielabel': ' B ', 'Huisdieren': ' Nee '}",
Zilverweg,in Heerenveen,40 m,,â‚¬ 550,p/m | incl. g/w/e,Gestoffeerd,01-10-2021 tot 01-06-2027,5 dagen geleden geplaatst,https://kamernet.nl/huren/kamer-heerenveen/zilverweg/kamer-1983521,"{'Woonkamer': ' Geen ', 'Keuken': ' Gedeeld ', 'Badkamer': ' Eigen ', 'Toilet': ' Eigen ', 'Internet': ' Ja ', 'Energielabel': ' Onbekend ', 'Huisgenoten': '  2 ', 'Geslacht': ' Man ', 'Huisdieren': ' Nee '}",
F H van Kempenstraat,in Montfoort,18 m,Totale oppervlakte: 18 m 2,â‚¬ 400,p/m | excl. g/w/e,Gemeubileerd,08-09-2021,5 dagen geleden geplaatst,https://kamernet.nl/huren/kamer-montfoort/f-h-van-kempenstraat/kamer-1983507,"{'Woonkamer': ' Eigen ', 'Keuken': ' Geen ', 'Badkamer': ' Geen ', 'Toilet': ' Eigen ', 'Internet': ' Nee ', 'Energielabel': ' Onbekend ', 'Huisgenoten': '  Onbekend  ', 'Geslacht': ' Onbekend ', 'Huisdieren': ' Nee '}",
Statensingel,in Maastricht,22 m,,â‚¬ 435,p/m | excl. g/w/e,Kaal,15-09-2021,5 dagen geleden geplaatst,https://kamernet.nl/huren/studio-maastricht/statensingel/studio-1983530,"{'Woonkamer': ' Onbekend ', 'Keuken': ' Onbekend ', 'Badkamer': ' Onbekend ', 'Toilet': ' Onbekend ', 'Internet': ' Onbekend ', 'Energielabel': ' Onbekend ', 'Huisdieren': ' In overleg '}",
Statensingel,in Maastricht,23 m,Totaal 1 kamer (1 slaapkamer) ,â‚¬ 435,p/m | excl. g/w/e,Kaal,20-09-2021,5 dagen geleden geplaatst,https://kamernet.nl/huren/studio-maastricht/statensingel/studio-1983535,"{'Woonkamer': ' Eigen ', 'Keuken': ' Eigen ', 'Badkamer': ' Eigen ', 'Toilet': ' Eigen ', 'Internet': ' Ja ', 'Energielabel': ' G ', 'Huisdieren': ' Nee '}",
Willem van Noortstraat,in Utrecht,26 m,,â‚¬ 620,p/m | incl. g/w/e,Kaal,12-09-2021 tot 01-03-2022,5 dagen geleden geplaatst,https://kamernet.nl/huren/kamer-utrecht/willem-van-noortstraat/kamer-1983485,"{'Woonkamer': ' Eigen ', 'Keuken': ' Eigen ', 'Badkamer': ' Gedeeld ', 'Toilet': ' Gedeeld ', 'Internet': ' Ja ', 'Energielabel': ' Onbekend ', 'Huisgenoten': '  3 ', 'Geslacht': ' Gemengd ', 'Huisdieren': ' Nee '}",
Hertogstraat,in Almere,10 m,,â‚¬ 500,p/m | incl. g/w/e,Gemeubileerd,28-08-2021,5 dagen geleden geplaatst,https://kamernet.nl/huren/kamer-almere/hertogstraat/kamer-1983508,"{'Woonkamer': ' Gedeeld ', 'Keuken': ' Gedeeld ', 'Badkamer': ' Gedeeld ', 'Toilet': ' Gedeeld ', 'Internet': ' Ja ', 'Energielabel': ' Onbekend ', 'Huisgenoten': '  3 ', 'Geslacht': ' Gemengd ', 'Huisdieren': ' Nee '}",
Balkstreek,in Visvliet,25 m,,â‚¬ 600,p/m | excl. g/w/e,Gestoffeerd,28-08-2021 tot 31-08-2022,5 dagen geleden geplaatst,https://kamernet.nl/huren/kamer-visvliet/balkstreek/kamer-1983479,"{'Woonkamer': ' Gedeeld ', 'Keuken': ' Gedeeld ', 'Badkamer': ' Gedeeld ', 'Toilet': ' Gedeeld ', 'Internet': ' Nee ', 'Energielabel': ' Onbekend ', 'Huisgenoten': '  2 ', 'Geslacht': ' Vrouw ', 'Huisdieren': ' Nee '}",
Vaartweg,in Hilversum,18 m,Totale oppervlakte: 70 m 2,â‚¬ 495,p/m | incl. g/w/e,Gestoffeerd,01-09-2021,2 dagen geleden geplaatst,https://kamernet.nl/huren/kamer-hilversum/vaartweg/kamer-1984284,"{'Woonkamer': ' Geen ', 'Keuken': ' Gedeeld ', 'Badkamer': ' Gedeeld ', 'Toilet': ' Gedeeld ', 'Internet': ' Ja ', 'Energielabel': ' Onbekend ', 'Huisgenoten': '  2 ', 'Geslacht': ' Vrouw ', 'Huisdieren': ' Nee '}",
Kleiburg,in Amsterdam,41 m,Totale oppervlakte: 6 m 2,â‚¬ 900,p/m | incl. g/w/e,Gemeubileerd,29-08-2021 tot 31-12-2022,5 dagen geleden geplaatst,https://kamernet.nl/huren/kamer-amsterdam/kleiburg/kamer-1983532,"{'Woonkamer': ' Eigen ', 'Keuken': ' Eigen ', 'Badkamer': ' Eigen ', 'Toilet': ' Eigen ', 'Internet': ' Ja ', 'Energielabel': ' C ', 'Huisgenoten': '  2 ', 'Geslacht': ' Gemengd ', 'Huisdieren': ' Nee '}",
Robijnstraat,in Rotterdam,11 m,,â‚¬ 230,p/m | incl. g/w/e,Gestoffeerd,01-10-2021,5 dagen geleden geplaatst,https://kamernet.nl/huren/kamer-rotterdam/robijnstraat/kamer-1983529,"{'Woonkamer': ' Geen ', 'Keuken': ' Gedeeld ', 'Badkamer': ' Gedeeld ', 'Toilet': ' Gedeeld ', 'Internet': ' Ja ', 'Energielabel': ' Onbekend ', 'Huisgenoten': '  3 ', 'Geslacht': ' Vrouw ', 'Huisdieren': ' Nee '}",
Nicolaas Maesstraat,in Amsterdam,70 m,Totaal 3 kamers (2 slaapkamers) ,â‚¬ 1815,p/m | excl. g/w/e,Gemeubileerd,01-10-2021,5 dagen geleden geplaatst,https://kamernet.nl/huren/appartement-amsterdam/nicolaas-maesstraat/appartement-1983509,"{'Woonkamer': ' Eigen ', 'Keuken': ' Eigen ', 'Badkamer': ' Eigen ', 'Toilet': ' Eigen ', 'Internet': ' Nee ', 'Energielabel': ' Onbekend ', 'Huisdieren': ' Nee '}",
Coriovallumstraat,in Heerlen,19 m,,â‚¬ 379,p/m | incl. g/w/e,Gestoffeerd,28-08-2021,5 dagen geleden geplaatst,https://kamernet.nl/huren/kamer-heerlen/coriovallumstraat/kamer-1983482,"{'Woonkamer': ' Geen ', 'Keuken': ' Gedeeld ', 'Badkamer': ' Gedeeld ', 'Toilet': ' Gedeeld ', 'Internet': ' Ja ', 'Energielabel': ' Onbekend ', 'Huisgenoten': '  7 ', 'Geslacht': ' Gemengd ', 'Huisdieren': ' Nee '}",
Holendrechtstraat,in Amsterdam,36 m,,â‚¬ 980,p/m | excl. g/w/e,Gemeubileerd,31-08-2021,5 dagen geleden geplaatst,https://kamernet.nl/huren/studio-amsterdam/holendrechtstraat/studio-1983474,"{'Woonkamer': ' Geen ', 'Keuken': ' Eigen ', 'Badkamer': ' Eigen ', 'Toilet': ' Eigen ', 'Internet': ' Ja ', 'Energielabel': ' A ', 'Huisdieren': ' Nee '}",
Jacques Veltmanstraat,in Amsterdam,80 m,,â‚¬ 2000,p/m | excl. g/w/e,Gemeubileerd,15-09-2021,5 dagen geleden geplaatst,https://kamernet.nl/huren/kamer-amsterdam/jacques-veltmanstraat/kamer-1983510,"{'Woonkamer': ' Eigen ', 'Keuken': ' Eigen ', 'Badkamer': ' Eigen ', 'Toilet': ' Eigen ', 'Internet': ' Nee ', 'Energielabel': ' Onbekend ', 'Huisgenoten': '  Onbekend  ', 'Geslacht': ' Onbekend ', 'Huisdieren': ' Nee '}",
Zuidervaart,in Zaandam,25 m,,â‚¬ 650,p/m | incl. g/w/e,Gemeubileerd,30-09-2021,5 dagen geleden geplaatst,https://kamernet.nl/huren/kamer-zaandam/zuidervaart/kamer-1983498,"{'Woonkamer': ' Eigen ', 'Keuken': ' Gedeeld ', 'Badkamer': ' Gedeeld ', 'Toilet': ' Gedeeld ', 'Internet': ' Ja ', 'Energielabel': ' Onbekend ', 'Huisgenoten': '  1 ', 'Geslacht': ' Vrouw ', 'Huisdieren': ' Nee '}",
Raadhuisstraat,in Maastricht,28 m,Totale oppervlakte: 50 m 2,â‚¬ 400,p/m | incl. g/w/e,Gestoffeerd,01-09-2021,5 dagen geleden geplaatst,https://kamernet.nl/huren/kamer-maastricht/raadhuisstraat/kamer-1713961,"{'Woonkamer': ' Eigen ', 'Keuken': ' Gedeeld ', 'Badkamer': ' Gedeeld ', 'Toilet': ' Gedeeld ', 'Internet': ' Ja ', 'Energielabel': ' Onbekend ', 'Huisgenoten': '  3 ', 'Geslacht': ' Gemengd ', 'Huisdieren': ' Nee '}",
Hanrathstraat,in Rotterdam,10 m,Totale oppervlakte: 50 m 2,â‚¬ 551,p/m | excl. g/w/e,Gemeubileerd,01-10-2021,5 dagen geleden geplaatst,https://kamernet.nl/huren/kamer-rotterdam/hanrathstraat/kamer-1983563,"{'Woonkamer': ' Gedeeld ', 'Keuken': ' Gedeeld ', 'Badkamer': ' Gedeeld ', 'Toilet': ' Gedeeld ', 'Internet': ' Ja ', 'Energielabel': ' Onbekend ', 'Huisgenoten': '  1 ', 'Geslacht': ' Vrouw ', 'Huisdieren': ' In overleg '}",
Korvezeestraat,in Delft,28 m,Totale oppervlakte: 40 m 2,â‚¬ 340,p/m | incl. g/w/e,Kaal,20-09-2021,5 dagen geleden geplaatst,https://kamernet.nl/huren/kamer-delft/korvezeestraat/kamer-1983538,"{'Woonkamer': ' Gedeeld ', 'Keuken': ' Gedeeld ', 'Badkamer': ' Eigen ', 'Toilet': ' Eigen ', 'Internet': ' Ja ', 'Energielabel': ' Onbekend ', 'Huisgenoten': '  8  ', 'Geslacht': ' Gemengd ', 'Huisdieren': ' Nee '}",
Noorderspoorsingel,in Groningen,80 m,,â‚¬ 700,p/m | incl. g/w/e,Gemeubileerd,15-09-2021 tot 28-02-2022,5 dagen geleden geplaatst,https://kamernet.nl/huren/appartement-groningen/noorderspoorsingel/appartement-1983561,"{'Woonkamer': ' Eigen ', 'Keuken': ' Eigen ', 'Badkamer': ' Eigen ', 'Toilet': ' Eigen ', 'Internet': ' Ja ', 'Energielabel': ' A ', 'Huisdieren': ' Nee '}",
Jan Pieterszoon Coenstraat,in Utrecht,22 m,,â‚¬ 380,p/m | incl. g/w/e,Kaal,01-10-2021,5 dagen geleden geplaatst,https://kamernet.nl/huren/kamer-utrecht/jan-pieterszoon-coenstraat/kamer-1983570,"{'Woonkamer': ' Geen ', 'Keuken': ' Gedeeld ', 'Badkamer': ' Gedeeld ', 'Toilet': ' Gedeeld ', 'Internet': ' Ja ', 'Energielabel': ' Onbekend ', 'Huisgenoten': '  4  ', 'Geslacht': ' Gemengd ', 'Huisdieren': ' Nee '}",
Vluchtladderstraat,in Amsterdam,50 m,Totaal 2 kamers (1 slaapkamer) ,â‚¬ 1450,p/m | excl. g/w/e,Gestoffeerd,15-09-2021,5 dagen geleden geplaatst,https://kamernet.nl/huren/appartement-amsterdam/vluchtladderstraat/appartement-1983546,"{'Woonkamer': ' Eigen ', 'Keuken': ' Eigen ', 'Badkamer': ' Eigen ', 'Toilet': ' Eigen ', 'Internet': ' Nee ', 'Energielabel': ' A ', 'Huisdieren': ' In overleg '}",
Meteorenweg,in Amsterdam,7 m,,â‚¬ 500,p/m | incl. g/w/e,Gemeubileerd,16-08-2021,5 dagen geleden geplaatst,https://kamernet.nl/huren/kamer-amsterdam/meteorenweg/kamer-1980747,"{'Woonkamer': ' Gedeeld ', 'Keuken': ' Gedeeld ', 'Badkamer': ' Gedeeld ', 'Toilet': ' Gedeeld ', 'Internet': ' Ja ', 'Energielabel': ' A ', 'Huisgenoten': '  3 ', 'Geslacht': ' Gemengd ', 'Huisdieren': ' Ja '}",
Van Leijenberghlaan,in Amsterdam,11 m,,â‚¬ 550,p/m | incl. g/w/e,Gemeubileerd,01-09-2021,5 dagen geleden geplaatst,https://kamernet.nl/huren/kamer-amsterdam/van-leijenberghlaan/kamer-1983542,"{'Woonkamer': ' Gedeeld ', 'Keuken': ' Gedeeld ', 'Badkamer': ' Gedeeld ', 'Toilet': ' Gedeeld ', 'Internet': ' Ja ', 'Energielabel': ' A ', 'Huisgenoten': '  1 ', 'Geslacht': ' Man ', 'Huisdieren': ' Nee '}",
Overtoom,in Amsterdam,25 m,,â‚¬ 935,p/m | incl. g/w/e,Gestoffeerd,01-09-2021,5 dagen geleden geplaatst,https://kamernet.nl/huren/kamer-amsterdam/overtoom/kamer-1983504,"{'Woonkamer': ' Gedeeld ', 'Keuken': ' Gedeeld ', 'Badkamer': ' Gedeeld ', 'Toilet': ' Gedeeld ', 'Internet': ' Ja ', 'Energielabel': ' Onbekend ', 'Huisgenoten': '  2 ', 'Geslacht': ' Man ', 'Huisdieren': ' Nee '}",
Johannes van der Waalsstraat,in Amsterdam,16 m,Totale oppervlakte: 70 m 2,â‚¬ 800,p/m | incl. g/w/e,Gemeubileerd,01-09-2021,5 dagen geleden geplaatst,https://kamernet.nl/huren/kamer-amsterdam/johannes-van-der-waalsstraat/kamer-1983551,"{'Woonkamer': ' Gedeeld ', 'Keuken': ' Gedeeld ', 'Badkamer': ' Gedeeld ', 'Toilet': ' Gedeeld ', 'Internet': ' Ja ', 'Energielabel': ' D ', 'Huisgenoten': '  1 ', 'Geslacht': ' Vrouw ', 'Huisdieren': ' In overleg '}",
Erfstede,in Nieuwegein,20 m,,â‚¬ 650,p/m | incl. g/w/e,Gestoffeerd,28-08-2021,5 dagen geleden geplaatst,https://kamernet.nl/huren/kamer-nieuwegein/erfstede/kamer-1983503,"{'Woonkamer': ' Geen ', 'Keuken': ' Gedeeld ', 'Badkamer': ' Gedeeld ', 'Toilet': ' Gedeeld ', 'Internet': ' Ja ', 'Energielabel': ' Onbekend ', 'Huisgenoten': '  3 ', 'Geslacht': ' Gemengd ', 'Huisdieren': ' Nee '}",
Joachim Altinghstraat,in Groningen,61 m,Totaal 2 kamers (1 slaapkamer) ,â‚¬ 752,p/m | excl. g/w/e,Kaal,01-10-2021,4 dagen geleden geplaatst,https://kamernet.nl/huren/appartement-groningen/joachim-altinghstraat/appartement-1983619,"{'Woonkamer': ' Eigen ', 'Keuken': ' Eigen ', 'Badkamer': ' Eigen ', 'Toilet': ' Eigen ', 'Internet': ' Ja ', 'Energielabel': ' Onbekend ', 'Huisdieren': ' Nee '}",
Gaaspstraat,in Amsterdam,15 m,Totale oppervlakte: 55 m 2,â‚¬ 550,p/m | incl. g/w/e,Gemeubileerd,11-09-2021 tot 30-09-2021,4 dagen geleden geplaatst,https://kamernet.nl/huren/kamer-amsterdam/gaaspstraat/kamer-1983579,"{'Woonkamer': ' Gedeeld ', 'Keuken': ' Gedeeld ', 'Badkamer': ' Gedeeld ', 'Toilet': ' Gedeeld ', 'Internet': ' Ja ', 'Energielabel': ' Onbekend ', 'Huisgenoten': '  1 ', 'Geslacht': ' Vrouw ', 'Huisdieren': ' Ja '}",
Rembrandtlaan,in Zwolle,28 m,,â‚¬ 550,p/m | incl. g/w/e,Gemeubileerd,15-09-2021 tot 15-02-2022,4 dagen geleden geplaatst,https://kamernet.nl/huren/kamer-zwolle/rembrandtlaan/kamer-1983585,"{'Woonkamer': ' Geen ', 'Keuken': ' Gedeeld ', 'Badkamer': ' Gedeeld ', 'Toilet': ' Gedeeld ', 'Internet': ' Ja ', 'Energielabel': ' Onbekend ', 'Huisgenoten': '  3 ', 'Geslacht': ' Gemengd ', 'Huisdieren': ' Nee '}",
Hagedissingel,in Delft,22 m,,â‚¬ 420,p/m | incl. g/w/e,Gestoffeerd,13-09-2021,4 dagen geleden geplaatst,https://kamernet.nl/huren/appartement-delft/hagedissingel/appartement-1983599,"{'Woonkamer': ' Eigen ', 'Keuken': ' Eigen ', 'Badkamer': ' Eigen ', 'Toilet': ' Eigen ', 'Internet': ' Onbekend ', 'Energielabel': ' Onbekend ', 'Huisdieren': ' Nee '}",
Weenahof,in Amsterdam,13 m,Totale oppervlakte: 90 m 2,â‚¬ 750,p/m | excl. g/w/e,Gemeubileerd,01-10-2021 tot 01-10-2022,4 dagen geleden geplaatst,https://kamernet.nl/huren/kamer-amsterdam/weenahof/kamer-1983604,"{'Woonkamer': ' Gedeeld ', 'Keuken': ' Gedeeld ', 'Badkamer': ' Gedeeld ', 'Toilet': ' Gedeeld ', 'Internet': ' Ja ', 'Energielabel': ' C ', 'Huisgenoten': '  1 ', 'Geslacht': ' Onbekend ', 'Huisdieren': ' Nee '}",
Zuidhoek,in Rotterdam,8 m,Totale oppervlakte: 90 m 2,â‚¬ 325,p/m | excl. g/w/e,Gestoffeerd,18-03-2021,4 dagen geleden geplaatst,https://kamernet.nl/huren/kamer-rotterdam/zuidhoek/kamer-1924144,"{'Woonkamer': ' Gedeeld ', 'Keuken': ' Gedeeld ', 'Badkamer': ' Gedeeld ', 'Toilet': ' Gedeeld ', 'Internet': ' Ja ', 'Energielabel': ' Onbekend ', 'Huisgenoten': '  3 ', 'Geslacht': ' Man ', 'Huisdieren': ' Nee '}",
Singel,in Amsterdam,32 m,Totale oppervlakte: 92 m 2,â‚¬ 1200,p/m | incl. g/w/e,Gemeubileerd,28-08-2021,4 dagen geleden geplaatst,https://kamernet.nl/huren/kamer-amsterdam/singel/kamer-1983589,"{'Woonkamer': ' Gedeeld ', 'Keuken': ' Gedeeld ', 'Badkamer': ' Eigen ', 'Toilet': ' Gedeeld ', 'Internet': ' Ja ', 'Energielabel': ' Onbekend ', 'Huisgenoten': '  1 ', 'Geslacht': ' Vrouw ', 'Huisdieren': ' Nee '}",
Grannushof,in Maastricht,20 m,,â‚¬ 415,p/m | incl. g/w/e,Kaal,01-10-2021,4 dagen geleden geplaatst,https://kamernet.nl/huren/studio-maastricht/grannushof/studio-1983621,"{'Woonkamer': ' Eigen ', 'Keuken': ' Eigen ', 'Badkamer': ' Eigen ', 'Toilet': ' Eigen ', 'Internet': ' Nee ', 'Energielabel': ' Onbekend ', 'Huisdieren': ' Nee '}",
Overtoom,in Amsterdam,10 m,,â‚¬ 475,p/m | incl. g/w/e,Gestoffeerd,28-08-2021,4 dagen geleden geplaatst,https://kamernet.nl/huren/kamer-amsterdam/overtoom/kamer-1983626,"{'Woonkamer': ' Geen ', 'Keuken': ' Gedeeld ', 'Badkamer': ' Gedeeld ', 'Toilet': ' Gedeeld ', 'Internet': ' Ja ', 'Energielabel': ' Onbekend ', 'Huisgenoten': '  1 ', 'Geslacht': ' Vrouw ', 'Huisdieren': ' Nee '}",
Schootsestraat,in Eindhoven,70 m,,â‚¬ 640,p/m | incl. g/w/e,Gemeubileerd,01-11-2021,4 dagen geleden geplaatst,https://kamernet.nl/huren/appartement-eindhoven/schootsestraat/appartement-1983625,"{'Woonkamer': ' Gedeeld ', 'Keuken': ' Gedeeld ', 'Badkamer': ' Gedeeld ', 'Toilet': ' Gedeeld ', 'Internet': ' Ja ', 'Energielabel': ' Onbekend ', 'Huisdieren': ' Nee '}",
Berckheydestraat,in Haarlem,16 m,,â‚¬ 460,p/m | incl. g/w/e,Gestoffeerd,15-09-2021,4 dagen geleden geplaatst,https://kamernet.nl/huren/kamer-haarlem/berckheydestraat/kamer-1983636,"{'Woonkamer': ' Geen ', 'Keuken': ' Gedeeld ', 'Badkamer': ' Gedeeld ', 'Toilet': ' Gedeeld ', 'Internet': ' Ja ', 'Energielabel': ' Onbekend ', 'Huisgenoten': '  2 ', 'Geslacht': ' Onbekend ', 'Huisdieren': ' Nee '}",
Sliedrechtpad,in Almere,10 m,,â‚¬ 425,p/m | incl. g/w/e,Gemeubileerd,01-09-2021,4 dagen geleden geplaatst,https://kamernet.nl/huren/kamer-almere/sliedrechtpad/kamer-1983620,"{'Woonkamer': ' Gedeeld ', 'Keuken': ' Gedeeld ', 'Badkamer': ' Gedeeld ', 'Toilet': ' Gedeeld ', 'Internet': ' Ja ', 'Energielabel': ' Onbekend ', 'Huisgenoten': '  3 ', 'Geslacht': ' Gemengd ', 'Huisdieren': ' Nee '}",
Nieuwe Prinsengracht,in Amsterdam,55 m,Totaal 2 kamers (1 slaapkamer) ,â‚¬ 1500,p/m | incl. g/w/e,Gemeubileerd,04-10-2021 tot 31-03-2022,4 dagen geleden geplaatst,https://kamernet.nl/huren/appartement-amsterdam/nieuwe-prinsengracht/appartement-1983613,"{'Woonkamer': ' Eigen ', 'Keuken': ' Eigen ', 'Badkamer': ' Eigen ', 'Toilet': ' Eigen ', 'Internet': ' Ja ', 'Energielabel': ' Onbekend ', 'Huisdieren': ' Nee '}",
Loderstraat,in Rotterdam,18 m,Totale oppervlakte: 70 m 2,â‚¬ 450,p/m | incl. g/w/e,Gestoffeerd,29-08-2021,4 dagen geleden geplaatst,https://kamernet.nl/huren/kamer-rotterdam/loderstraat/kamer-1983665,"{'Woonkamer': ' Gedeeld ', 'Keuken': ' Gedeeld ', 'Badkamer': ' Gedeeld ', 'Toilet': ' Gedeeld ', 'Internet': ' Ja ', 'Energielabel': ' Onbekend ', 'Huisgenoten': '  2 ', 'Geslacht': ' Gemengd ', 'Huisdieren': ' Nee '}",
Sloot,in Venlo,10 m,Totale oppervlakte: 20 m 2,â‚¬ 350,p/m | incl. g/w/e,Gemeubileerd,01-09-2021,4 dagen geleden geplaatst,https://kamernet.nl/huren/kamer-venlo/sloot/kamer-1983680,"{'Woonkamer': ' Geen ', 'Keuken': ' Gedeeld ', 'Badkamer': ' Gedeeld ', 'Toilet': ' Gedeeld ', 'Internet': ' Ja ', 'Energielabel': ' Onbekend ', 'Huisgenoten': '  2 ', 'Geslacht': ' Gemengd ', 'Huisdieren': ' Nee '}",
Hillebrant Jacobsplein,in Den Haag,15 m,Totale oppervlakte: 100 m 2,â‚¬ 895,p/m | incl. g/w/e,Gemeubileerd,01-10-2021,4 dagen geleden geplaatst,https://kamernet.nl/huren/kamer-den-haag/hillebrant-jacobsplein/kamer-1983662,"{'Woonkamer': ' Gedeeld ', 'Keuken': ' Gedeeld ', 'Badkamer': ' Gedeeld ', 'Toilet': ' Gedeeld ', 'Internet': ' Ja ', 'Energielabel': ' A ', 'Huisgenoten': '  1 ', 'Geslacht': ' Man ', 'Huisdieren': ' Nee '}",
Marconistraat,in Schiedam,95 m,Totaal 4 kamers,â‚¬ 1250,p/m | excl. g/w/e,Gestoffeerd,01-09-2021,5 dagen geleden geplaatst,https://kamernet.nl/huren/appartement-schiedam/marconistraat/appartement-1983481,"{'Woonkamer': ' Onbekend ', 'Keuken': ' Onbekend ', 'Badkamer': ' Onbekend ', 'Toilet': ' Onbekend ', 'Internet': ' Onbekend ', 'Energielabel': ' Onbekend ', 'Huisdieren': ' In overleg '}",
Quellijnstraat,in Amsterdam,28 m,Totale oppervlakte: 40 m 2,â‚¬ 800,p/m | incl. g/w/e,Gemeubileerd,01-09-2021,4 dagen geleden geplaatst,https://kamernet.nl/huren/kamer-amsterdam/quellijnstraat/kamer-1983694,"{'Woonkamer': ' Geen ', 'Keuken': ' Gedeeld ', 'Badkamer': ' Gedeeld ', 'Toilet': ' Gedeeld ', 'Internet': ' Ja ', 'Energielabel': ' Onbekend ', 'Huisgenoten': '  2 ', 'Geslacht': ' Gemengd ', 'Huisdieren': ' Nee '}",
Poppesteeg,in Delft,10 m,Totale oppervlakte: 30 m 2,â‚¬ 415,p/m | incl. g/w/e,Gestoffeerd,01-10-2021,4 dagen geleden geplaatst,https://kamernet.nl/huren/kamer-delft/poppesteeg/kamer-1983627,"{'Woonkamer': ' Gedeeld ', 'Keuken': ' Gedeeld ', 'Badkamer': ' Gedeeld ', 'Toilet': ' Gedeeld ', 'Internet': ' Ja ', 'Energielabel': ' Onbekend ', 'Huisgenoten': '  5 ', 'Geslacht': ' Vrouw ', 'Huisdieren': ' Nee '}",
Tobias Asserlaan,in Diemen,22 m,,â‚¬ 1050,p/m | incl. g/w/e,Kaal,17-07-2021,6 weken geleden geplaatst,https://kamernet.nl/huren/kamer-diemen/tobias-asserlaan/kamer-1973905,"{'Woonkamer': ' Gedeeld ', 'Keuken': ' Gedeeld ', 'Badkamer': ' Gedeeld ', 'Toilet': ' Gedeeld ', 'Internet': ' Ja ', 'Energielabel': ' Onbekend ', 'Huisgenoten': '  2 ', 'Geslacht': ' Vrouw ', 'Huisdieren': ' Nee '}",
Giessenburg,in Amsterdam,12 m,,â‚¬ 575,p/m | incl. g/w/e,Gestoffeerd,29-08-2021,4 dagen geleden geplaatst,https://kamernet.nl/huren/kamer-amsterdam/giessenburg/kamer-1983822,"{'Woonkamer': ' Geen ', 'Keuken': ' Gedeeld ', 'Badkamer': ' Gedeeld ', 'Toilet': ' Gedeeld ', 'Internet': ' Ja ', 'Energielabel': ' E ', 'Huisgenoten': '  3 ', 'Geslacht': ' Gemengd ', 'Huisdieren': ' Nee '}",
Antony Moddermanstraat,in Amsterdam,15 m,Totale oppervlakte: 80 m 2,â‚¬ 620,p/m | incl. g/w/e,Gemeubileerd,30-08-2021,3 dagen geleden geplaatst,https://kamernet.nl/huren/kamer-amsterdam/antony-moddermanstraat/kamer-1983852,"{'Woonkamer': ' Gedeeld ', 'Keuken': ' Gedeeld ', 'Badkamer': ' Gedeeld ', 'Toilet': ' Gedeeld ', 'Internet': ' Ja ', 'Energielabel': ' Onbekend ', 'Huisgenoten': '  3 ', 'Geslacht': ' Gemengd ', 'Huisdieren': ' Nee '}",
Bosscheweg,in Tilburg,35 m,,â‚¬ 600,p/m | excl. g/w/e,Gemeubileerd,01-03-2022 tot 01-08-2022,6 weken geleden geplaatst,https://kamernet.nl/huren/studio-tilburg/bosscheweg/studio-1975003,"{'Woonkamer': ' Eigen ', 'Keuken': ' Eigen ', 'Badkamer': ' Eigen ', 'Toilet': ' Eigen ', 'Internet': ' Ja ', 'Energielabel': ' D ', 'Huisdieren': ' Nee '}",
van Leydenstraat,in Warmond,22 m,Totale oppervlakte: 50 m 2,â‚¬ 450,p/m | incl. g/w/e,Gemeubileerd,01-09-2021 tot 30-09-2021,3 dagen geleden geplaatst,https://kamernet.nl/huren/kamer-warmond/van-leydenstraat/kamer-1983548,"{'Woonkamer': ' Geen ', 'Keuken': ' Gedeeld ', 'Badkamer': ' Gedeeld ', 'Toilet': ' Gedeeld ', 'Internet': ' Ja ', 'Energielabel': ' A ', 'Huisgenoten': '  1 ', 'Geslacht': ' Man ', 'Huisdieren': ' Nee '}",
J.G. Suurhoffstraat,in Amsterdam,15 m,Totaal 4 kamers (3 slaapkamers) ,â‚¬ 625,p/m | incl. g/w/e,Gemeubileerd,30-08-2021,3 dagen geleden geplaatst,https://kamernet.nl/huren/appartement-amsterdam/j.g.-suurhoffstraat/appartement-1983862,"{'Woonkamer': ' Gedeeld ', 'Keuken': ' Gedeeld ', 'Badkamer': ' Gedeeld ', 'Toilet': ' Gedeeld ', 'Internet': ' Ja ', 'Energielabel': ' A ', 'Huisdieren': ' Nee '}",
Eerste Helmersstraat,in Amsterdam,8 m,,â‚¬ 325,p/m | incl. g/w/e,Gemeubileerd,17-03-2021,5 dagen geleden geplaatst,https://kamernet.nl/huren/kamer-amsterdam/eerste-helmersstraat/kamer-1983550,"{'Woonkamer': ' Geen ', 'Keuken': ' Gedeeld ', 'Badkamer': ' Gedeeld ', 'Toilet': ' Gedeeld ', 'Internet': ' Nee ', 'Energielabel': ' Onbekend ', 'Huisgenoten': '  Geen ', 'Geslacht': ' Onbekend ', 'Huisdieren': ' Nee '}",
Vlaggemast,in Amsterdam,12 m,Totale oppervlakte: 110 m 2,â‚¬ 540,p/m | excl. g/w/e,Gestoffeerd,15-09-2021,3 dagen geleden geplaatst,https://kamernet.nl/huren/kamer-amsterdam/vlaggemast/kamer-1983879,"{'Woonkamer': ' Gedeeld ', 'Keuken': ' Gedeeld ', 'Badkamer': ' Gedeeld ', 'Toilet': ' Gedeeld ', 'Internet': ' Ja ', 'Energielabel': ' Onbekend ', 'Huisgenoten': '  3 ', 'Geslacht': ' Vrouw ', 'Huisdieren': ' Nee '}",
Prins Hendrikplein,in Leiden,51 m,,â‚¬ 1125,p/m | incl. g/w/e,Kaal,16-10-2021,3 dagen geleden geplaatst,https://kamernet.nl/huren/appartement-leiden/prins-hendrikplein/appartement-1983882,"{'Woonkamer': ' Eigen ', 'Keuken': ' Eigen ', 'Badkamer': ' Eigen ', 'Toilet': ' Eigen ', 'Internet': ' Ja ', 'Energielabel': ' Onbekend ', 'Huisdieren': ' Ja '}",
Ridderschapstraat,in Utrecht,41 m,Totaal 1 kamer (1 slaapkamer) ,â‚¬ 1100,p/m | incl. g/w/e,Gemeubileerd,01-10-2021 tot 01-10-2023,3 dagen geleden geplaatst,https://kamernet.nl/huren/studio-utrecht/ridderschapstraat/studio-1983891,"{'Woonkamer': ' Eigen ', 'Keuken': ' Eigen ', 'Badkamer': ' Eigen ', 'Toilet': ' Eigen ', 'Internet': ' Ja ', 'Energielabel': ' Onbekend ', 'Huisdieren': ' Nee '}",
Spoorlaan,in Haren Gn,90 m,Totaal 4 kamers (3 slaapkamers) ,â‚¬ 1350,p/m | excl. g/w/e,Gestoffeerd,19-09-2021 tot 18-09-2023,3 dagen geleden geplaatst,https://kamernet.nl/huren/appartement-haren-gn/spoorlaan/appartement-1983581,"{'Woonkamer': ' Eigen ', 'Keuken': ' Eigen ', 'Badkamer': ' Eigen ', 'Toilet': ' Eigen ', 'Internet': ' Onbekend ', 'Energielabel': ' Onbekend ', 'Huisdieren': ' Nee '}",
Boommarkt,in Leiden,27 m,Totale oppervlakte: 4 m 2,â‚¬ 650,p/m | incl. g/w/e,Kaal,01-10-2021,3 dagen geleden geplaatst,https://kamernet.nl/huren/kamer-leiden/boommarkt/kamer-1983906,"{'Woonkamer': ' Eigen ', 'Keuken': ' Eigen ', 'Badkamer': ' Gedeeld ', 'Toilet': ' Gedeeld ', 'Internet': ' Ja ', 'Energielabel': ' Onbekend ', 'Huisgenoten': '  Onbekend  ', 'Geslacht': ' Onbekend ', 'Huisdieren': ' Nee '}",
Hildebranddreef,in Utrecht,15 m,,â‚¬ 500,p/m | incl. g/w/e,Gestoffeerd,24-08-2021,3 dagen geleden geplaatst,https://kamernet.nl/huren/kamer-utrecht/hildebranddreef/kamer-1983800,"{'Woonkamer': ' Geen ', 'Keuken': ' Gedeeld ', 'Badkamer': ' Gedeeld ', 'Toilet': ' Gedeeld ', 'Internet': ' Ja ', 'Energielabel': ' Onbekend ', 'Huisgenoten': '  1 ', 'Geslacht': ' Onbekend ', 'Huisdieren': ' Nee '}",
Eisenhowerlaan,in Utrecht,15 m,Totale oppervlakte: 65 m 2,â‚¬ 600,p/m | incl. g/w/e,Gemeubileerd,31-08-2021 tot 30-09-2022,3 dagen geleden geplaatst,https://kamernet.nl/huren/kamer-utrecht/eisenhowerlaan/kamer-1983787,"{'Woonkamer': ' Gedeeld ', 'Keuken': ' Gedeeld ', 'Badkamer': ' Gedeeld ', 'Toilet': ' Gedeeld ', 'Internet': ' Ja ', 'Energielabel': ' Onbekend ', 'Huisgenoten': '  2 ', 'Geslacht': ' Vrouw ', 'Huisdieren': ' Nee '}",
Parkweg,in Groningen,18 m,,â‚¬ 360,p/m | incl. g/w/e,Gestoffeerd,01-10-2021,3 dagen geleden geplaatst,https://kamernet.nl/huren/appartement-groningen/parkweg/appartement-1983817,"{'Woonkamer': ' Geen ', 'Keuken': ' Gedeeld ', 'Badkamer': ' Gedeeld ', 'Toilet': ' Gedeeld ', 'Internet': ' Ja ', 'Energielabel': ' Onbekend ', 'Huisdieren': ' Nee '}",
Dodonaeuslaan,in Zaandam,12 m,,â‚¬ 355,p/m | incl. g/w/e,Gemeubileerd,30-08-2021,3 dagen geleden geplaatst,https://kamernet.nl/huren/kamer-zaandam/dodonaeuslaan/kamer-1983918,"{'Woonkamer': ' Geen ', 'Keuken': ' Gedeeld ', 'Badkamer': ' Gedeeld ', 'Toilet': ' Gedeeld ', 'Internet': ' Ja ', 'Energielabel': ' Onbekend ', 'Huisgenoten': '  2 ', 'Geslacht': ' Man ', 'Huisdieren': ' Nee '}",
Buurweg,in Noordwijk,35 m,Totaal 1 kamer (1 slaapkamer) ,â‚¬ 800,p/m | incl. g/w/e,Gemeubileerd,01-09-2021 tot 01-09-2022,3 dagen geleden geplaatst,https://kamernet.nl/huren/studio-noordwijk/buurweg/studio-1979179,"{'Woonkamer': ' Eigen ', 'Keuken': ' Eigen ', 'Badkamer': ' Eigen ', 'Toilet': ' Eigen ', 'Internet': ' Ja ', 'Energielabel': ' Onbekend ', 'Huisdieren': ' Nee '}",
Odasingel,in Sittard,11 m,,â‚¬ 245,p/m | incl. g/w/e,Gestoffeerd,01-09-2021,4 dagen geleden geplaatst,https://kamernet.nl/huren/kamer-sittard/odasingel/kamer-1983697,"{'Woonkamer': ' Geen ', 'Keuken': ' Gedeeld ', 'Badkamer': ' Gedeeld ', 'Toilet': ' Gedeeld ', 'Internet': ' Ja ', 'Energielabel': ' Onbekend ', 'Huisgenoten': '  7 ', 'Geslacht': ' Gemengd ', 'Huisdieren': ' Ja '}",
Nigtevechtseweg,in Vreeland,20 m,,â‚¬ 450,p/m | incl. g/w/e,Gemeubileerd,29-08-2021,4 dagen geleden geplaatst,https://kamernet.nl/huren/kamer-vreeland/nigtevechtseweg/kamer-1983715,"{'Woonkamer': ' Eigen ', 'Keuken': ' Gedeeld ', 'Badkamer': ' Gedeeld ', 'Toilet': ' Gedeeld ', 'Internet': ' Ja ', 'Energielabel': ' Onbekend ', 'Huisgenoten': '  1 ', 'Geslacht': ' Man ', 'Huisdieren': ' Nee '}",
Oude Markt,in Enschede,16 m,,â‚¬ 205,p/m | incl. g/w/e,Gestoffeerd,30-08-2021,3 dagen geleden geplaatst,https://kamernet.nl/huren/kamer-enschede/oude-markt/kamer-1983922,"{'Woonkamer': ' Gedeeld ', 'Keuken': ' Gedeeld ', 'Badkamer': ' Gedeeld ', 'Toilet': ' Gedeeld ', 'Internet': ' Onbekend ', 'Energielabel': ' Onbekend ', 'Huisgenoten': '  5 ', 'Geslacht': ' Man ', 'Huisdieren': ' Nee '}",
Westplantsoen,in Delft,12 m,Totale oppervlakte: 40 m 2,â‚¬ 320,p/m | excl. g/w/e,Gestoffeerd,01-09-2021,4 dagen geleden geplaatst,https://kamernet.nl/huren/kamer-delft/westplantsoen/kamer-1983728,"{'Woonkamer': ' Gedeeld ', 'Keuken': ' Gedeeld ', 'Badkamer': ' Gedeeld ', 'Toilet': ' Gedeeld ', 'Internet': ' Ja ', 'Energielabel': ' Onbekend ', 'Huisgenoten': '  3 ', 'Geslacht': ' Man ', 'Huisdieren': ' Nee '}",
Chopinlaan,in Eindhoven,21 m,,â‚¬ 450,p/m | incl. g/w/e,Gestoffeerd,01-09-2021,4 dagen geleden geplaatst,https://kamernet.nl/huren/kamer-eindhoven/chopinlaan/kamer-1983745,"{'Woonkamer': ' Gedeeld ', 'Keuken': ' Gedeeld ', 'Badkamer': ' Gedeeld ', 'Toilet': ' Gedeeld ', 'Internet': ' Ja ', 'Energielabel': ' Onbekend ', 'Huisgenoten': '  4  ', 'Geslacht': ' Gemengd ', 'Huisdieren': ' Nee '}",
Magneetveld,in Almere,16 m,Totale oppervlakte: 20 m 2,â‚¬ 350,p/m | incl. g/w/e,Gestoffeerd,31-08-2021,4 dagen geleden geplaatst,https://kamernet.nl/huren/kamer-almere/magneetveld/kamer-1983739,"{'Woonkamer': ' Eigen ', 'Keuken': ' Eigen ', 'Badkamer': ' Gedeeld ', 'Toilet': ' Gedeeld ', 'Internet': ' Ja ', 'Energielabel': ' Onbekend ', 'Huisgenoten': '  2 ', 'Geslacht': ' Gemengd ', 'Huisdieren': ' Nee '}",
Javalaan,in Hilversum,21 m,Totale oppervlakte: 37 m 2,â‚¬ 440,p/m | incl. g/w/e,Gemeubileerd,29-08-2021,4 dagen geleden geplaatst,https://kamernet.nl/huren/kamer-hilversum/javalaan/kamer-1983747,"{'Woonkamer': ' Eigen ', 'Keuken': ' Gedeeld ', 'Badkamer': ' Gedeeld ', 'Toilet': ' Gedeeld ', 'Internet': ' Ja ', 'Energielabel': ' D ', 'Huisgenoten': '  3 ', 'Geslacht': ' Gemengd ', 'Huisdieren': ' Nee '}",
Van de Hulsthof,in Utrecht,38 m,Totaal 1 kamer (1 slaapkamer) ,â‚¬ 850,p/m | incl. g/w/e,Gemeubileerd,01-10-2021,4 dagen geleden geplaatst,https://kamernet.nl/huren/studio-utrecht/van-de-hulsthof/studio-1983750,"{'Woonkamer': ' Eigen ', 'Keuken': ' Eigen ', 'Badkamer': ' Eigen ', 'Toilet': ' Eigen ', 'Internet': ' Ja ', 'Energielabel': ' A ', 'Huisdieren': ' Nee '}",
Lange Zelke,in Vlissingen,50 m,,â‚¬ 800,p/m | incl. g/w/e,Gemeubileerd,01-10-2021 tot 01-02-2022,4 dagen geleden geplaatst,https://kamernet.nl/huren/appartement-vlissingen/lange-zelke/appartement-1983753,"{'Woonkamer': ' Eigen ', 'Keuken': ' Eigen ', 'Badkamer': ' Eigen ', 'Toilet': ' Eigen ', 'Internet': ' Nee ', 'Energielabel': ' C ', 'Huisdieren': ' Nee '}",
2e Spechtstraat,in Utrecht,32 m,Totale oppervlakte: 40 m 2,â‚¬ 700,p/m | incl. g/w/e,Gestoffeerd,01-10-2021,3 dagen geleden geplaatst,https://kamernet.nl/huren/kamer-utrecht/2e-spechtstraat/kamer-1983858,"{'Woonkamer': ' Eigen ', 'Keuken': ' Gedeeld ', 'Badkamer': ' Gedeeld ', 'Toilet': ' Eigen ', 'Internet': ' Ja ', 'Energielabel': ' Onbekend ', 'Huisgenoten': '  1 ', 'Geslacht': ' Vrouw ', 'Huisdieren': ' Nee '}",
Mercuriusstraat,in Enschede,8 m,Totale oppervlakte: 57 m 2,â‚¬ 230,p/m | incl. g/w/e,Gemeubileerd,30-08-2021,4 dagen geleden geplaatst,https://kamernet.nl/huren/kamer-enschede/mercuriusstraat/kamer-1983638,"{'Woonkamer': ' Gedeeld ', 'Keuken': ' Gedeeld ', 'Badkamer': ' Gedeeld ', 'Toilet': ' Gedeeld ', 'Internet': ' Ja ', 'Energielabel': ' Onbekend ', 'Huisgenoten': '  3 ', 'Geslacht': ' Gemengd ', 'Huisdieren': ' Nee '}",
Da Costalaan,in Hilversum,10 m,,â‚¬ 450,p/m | incl. g/w/e,Gemeubileerd,01-10-2021,4 dagen geleden geplaatst,https://kamernet.nl/huren/kamer-hilversum/da-costalaan/kamer-1983639,"{'Woonkamer': ' Gedeeld ', 'Keuken': ' Gedeeld ', 'Badkamer': ' Gedeeld ', 'Toilet': ' Gedeeld ', 'Internet': ' Ja ', 'Energielabel': ' Onbekend ', 'Huisgenoten': '  1 ', 'Geslacht': ' Vrouw ', 'Huisdieren': ' Nee '}",
Deventerstraat,in Apeldoorn,21 m,,â‚¬ 550,p/m | incl. g/w/e,Gestoffeerd,01-10-2021,4 dagen geleden geplaatst,https://kamernet.nl/huren/kamer-apeldoorn/deventerstraat/kamer-1983732,"{'Woonkamer': ' Eigen ', 'Keuken': ' Gedeeld ', 'Badkamer': ' Gedeeld ', 'Toilet': ' Gedeeld ', 'Internet': ' Ja ', 'Energielabel': ' Onbekend ', 'Huisgenoten': '  3 ', 'Geslacht': ' Gemengd ', 'Huisdieren': ' Nee '}",
Cremerstraat,in Haarlem,23 m,,â‚¬ 475,p/m | incl. g/w/e,Gestoffeerd,28-08-2021,5 dagen geleden geplaatst,https://kamernet.nl/huren/kamer-haarlem/cremerstraat/kamer-1983545,"{'Woonkamer': ' Geen ', 'Keuken': ' Gedeeld ', 'Badkamer': ' Gedeeld ', 'Toilet': ' Gedeeld ', 'Internet': ' Ja ', 'Energielabel': ' Onbekend ', 'Huisgenoten': '  4  ', 'Geslacht': ' Vrouw ', 'Huisdieren': ' Nee '}",
Martin Luther Kinglaan,in Diemen,12 m,,â‚¬ 420,p/m | incl. g/w/e,Kaal,29-08-2021,4 dagen geleden geplaatst,https://kamernet.nl/huren/kamer-diemen/martin-luther-kinglaan/kamer-1983741,"{'Woonkamer': ' Geen ', 'Keuken': ' Gedeeld ', 'Badkamer': ' Gedeeld ', 'Toilet': ' Gedeeld ', 'Internet': ' Ja ', 'Energielabel': ' Onbekend ', 'Huisgenoten': '  4  ', 'Geslacht': ' Man ', 'Huisdieren': ' Nee '}",
Hogerbeetsstraat,in Rotterdam,20 m,,â‚¬ 525,p/m | incl. g/w/e,Kaal,01-11-2021 tot 01-06-2022,4 dagen geleden geplaatst,https://kamernet.nl/huren/kamer-rotterdam/hogerbeetsstraat/kamer-1983731,"{'Woonkamer': ' Gedeeld ', 'Keuken': ' Gedeeld ', 'Badkamer': ' Gedeeld ', 'Toilet': ' Gedeeld ', 'Internet': ' Ja ', 'Energielabel': ' Onbekend ', 'Huisgenoten': '  1 ', 'Geslacht': ' Vrouw ', 'Huisdieren': ' Nee '}",
Maria van Loontoren,in Breda,8 m,,â‚¬ 660,p/m | incl. g/w/e,Gestoffeerd,30-08-2021,4 dagen geleden geplaatst,https://kamernet.nl/huren/kamer-breda/maria-van-loontoren/kamer-1983700,"{'Woonkamer': ' Gedeeld ', 'Keuken': ' Gedeeld ', 'Badkamer': ' Gedeeld ', 'Toilet': ' Gedeeld ', 'Internet': ' Ja ', 'Energielabel': ' Onbekend ', 'Huisgenoten': '  1 ', 'Geslacht': ' Vrouw ', 'Huisdieren': ' Ja '}",
Kloosterkade,in Delft,16 m,,â‚¬ 420,p/m | incl. g/w/e,Kaal,29-09-2021,4 dagen geleden geplaatst,https://kamernet.nl/huren/kamer-delft/kloosterkade/kamer-1983755,"{'Woonkamer': ' Gedeeld ', 'Keuken': ' Gedeeld ', 'Badkamer': ' Gedeeld ', 'Toilet': ' Gedeeld ', 'Internet': ' Ja ', 'Energielabel': ' Onbekend ', 'Huisgenoten': '  7 ', 'Geslacht': ' Vrouw ', 'Huisdieren': ' Nee '}",
Lorentzweg,in Hilversum,16 m,Totale oppervlakte: 15 m 2,â‚¬ 550,p/m | incl. g/w/e,Kaal,01-09-2021 tot 31-08-2023,4 dagen geleden geplaatst,https://kamernet.nl/huren/kamer-hilversum/lorentzweg/kamer-1983691,"{'Woonkamer': ' Eigen ', 'Keuken': ' Gedeeld ', 'Badkamer': ' Gedeeld ', 'Toilet': ' Gedeeld ', 'Internet': ' Ja ', 'Energielabel': ' D ', 'Huisgenoten': '  2 ', 'Geslacht': ' Man ', 'Huisdieren': ' Nee '}",
Dr. Van Damstraat,in Enschede,13 m,,â‚¬ 235,p/m | incl. g/w/e,Kaal,29-08-2021,4 dagen geleden geplaatst,https://kamernet.nl/huren/kamer-enschede/dr.-van-damstraat/kamer-1983647,"{'Woonkamer': ' Geen ', 'Keuken': ' Gedeeld ', 'Badkamer': ' Gedeeld ', 'Toilet': ' Gedeeld ', 'Internet': ' Ja ', 'Energielabel': ' Onbekend ', 'Huisgenoten': '  5 ', 'Geslacht': ' Gemengd ', 'Huisdieren': ' Nee '}",
Dr. Van Damstraat,in Enschede,9 m,,â‚¬ 215,p/m | incl. g/w/e,Kaal,30-08-2021,4 dagen geleden geplaatst,https://kamernet.nl/huren/kamer-enschede/dr.-van-damstraat/kamer-1983654,"{'Woonkamer': ' Geen ', 'Keuken': ' Gedeeld ', 'Badkamer': ' Gedeeld ', 'Toilet': ' Gedeeld ', 'Internet': ' Ja ', 'Energielabel': ' Onbekend ', 'Huisgenoten': '  5 ', 'Geslacht': ' Gemengd ', 'Huisdieren': ' Nee '}",
Calslaan,in Enschede,17 m,,â‚¬ 330,p/m | incl. g/w/e,Kaal,25-09-2021,4 dagen geleden geplaatst,https://kamernet.nl/huren/kamer-enschede/calslaan/kamer-1983669,"{'Woonkamer': ' Gedeeld ', 'Keuken': ' Gedeeld ', 'Badkamer': ' Gedeeld ', 'Toilet': ' Gedeeld ', 'Internet': ' Ja ', 'Energielabel': ' Onbekend ', 'Huisgenoten': '  5 ', 'Geslacht': ' Gemengd ', 'Huisdieren': ' Nee '}",
Sint Andriesstraat,in Amersfoort,43 m,,â‚¬ 989,p/m | excl. g/w/e,Gestoffeerd,01-10-2021,4 dagen geleden geplaatst,https://kamernet.nl/huren/appartement-amersfoort/sint-andriesstraat/appartement-1983679,"{'Woonkamer': ' Eigen ', 'Keuken': ' Eigen ', 'Badkamer': ' Eigen ', 'Toilet': ' Eigen ', 'Internet': ' Ja ', 'Energielabel': ' Onbekend ', 'Huisdieren': ' Nee '}",
Rodenbachlaan,in Eindhoven,20 m,,â‚¬ 495,p/m | incl. g/w/e,Gemeubileerd,29-08-2021 tot 29-08-2022,4 dagen geleden geplaatst,https://kamernet.nl/huren/kamer-eindhoven/rodenbachlaan/kamer-1983681,"{'Woonkamer': ' Geen ', 'Keuken': ' Gedeeld ', 'Badkamer': ' Gedeeld ', 'Toilet': ' Gedeeld ', 'Internet': ' Ja ', 'Energielabel': ' Onbekend ', 'Huisgenoten': '  4  ', 'Geslacht': ' Gemengd ', 'Huisdieren': ' Nee '}",
Dubbeldamseweg Zuid,in Dordrecht,50 m,,â‚¬ 650,p/m | incl. g/w/e,Gestoffeerd,31-08-2021,4 dagen geleden geplaatst,https://kamernet.nl/huren/appartement-dordrecht/dubbeldamseweg-zuid/appartement-1983644,"{'Woonkamer': ' Eigen ', 'Keuken': ' Eigen ', 'Badkamer': ' Eigen ', 'Toilet': ' Eigen ', 'Internet': ' Ja ', 'Energielabel': ' Onbekend ', 'Huisdieren': ' Nee '}",
Brabantse Turfmarkt,in Delft,16 m,,â‚¬ 300,p/m | incl. g/w/e,Kaal,04-09-2021,4 dagen geleden geplaatst,https://kamernet.nl/huren/kamer-delft/brabantse-turfmarkt/kamer-1983676,"{'Woonkamer': ' Geen ', 'Keuken': ' Gedeeld ', 'Badkamer': ' Gedeeld ', 'Toilet': ' Gedeeld ', 'Internet': ' Ja ', 'Energielabel': ' Onbekend ', 'Huisgenoten': '  Meer dan 8 ', 'Geslacht': ' Gemengd ', 'Huisdieren': ' Nee '}",
Oosterhamrikkade,in Groningen,9 m,,â‚¬ 305,p/m | incl. g/w/e,Kaal,15-09-2021,4 dagen geleden geplaatst,https://kamernet.nl/huren/kamer-groningen/oosterhamrikkade/kamer-1983701,"{'Woonkamer': ' Onbekend ', 'Keuken': ' Gedeeld ', 'Badkamer': ' Gedeeld ', 'Toilet': ' Gedeeld ', 'Internet': ' Ja ', 'Energielabel': ' Onbekend ', 'Huisgenoten': '  4  ', 'Geslacht': ' Gemengd ', 'Huisdieren': ' Nee '}",
Stroveer,in Rotterdam,15 m,Totale oppervlakte: 70 m 2,â‚¬ 624,p/m | incl. g/w/e,Gestoffeerd,01-09-2021,4 dagen geleden geplaatst,https://kamernet.nl/huren/kamer-rotterdam/stroveer/kamer-1983710,"{'Woonkamer': ' Gedeeld ', 'Keuken': ' Gedeeld ', 'Badkamer': ' Gedeeld ', 'Toilet': ' Gedeeld ', 'Internet': ' Ja ', 'Energielabel': ' Onbekend ', 'Huisgenoten': '  2 ', 'Geslacht': ' Vrouw ', 'Huisdieren': ' Nee '}",
Paterswoldseweg,in Groningen,75 m,Totale oppervlakte: 75 m 2,â‚¬ 1000,p/m | incl. g/w/e,Gemeubileerd,29-08-2021 tot 15-10-2021,4 dagen geleden geplaatst,https://kamernet.nl/huren/kamer-groningen/paterswoldseweg/kamer-1983730,"{'Woonkamer': ' Gedeeld ', 'Keuken': ' Gedeeld ', 'Badkamer': ' Gedeeld ', 'Toilet': ' Gedeeld ', 'Internet': ' Ja ', 'Energielabel': ' Onbekend ', 'Huisgenoten': '  1 ', 'Geslacht': ' Man ', 'Huisdieren': ' Nee '}",
Tugelaweg,in Amsterdam,13 m,,â‚¬ 865,p/m | incl. g/w/e,Gestoffeerd,01-10-2021,4 dagen geleden geplaatst,https://kamernet.nl/huren/kamer-amsterdam/tugelaweg/kamer-1983714,"{'Woonkamer': ' Geen ', 'Keuken': ' Gedeeld ', 'Badkamer': ' Eigen ', 'Toilet': ' Gedeeld ', 'Internet': ' Ja ', 'Energielabel': ' C ', 'Huisgenoten': '  3 ', 'Geslacht': ' Man ', 'Huisdieren': ' Nee '}",
Gasthuisstraat,in Heerlen,16 m,Totale oppervlakte: 60 m 2,â‚¬ 260,p/m | excl. g/w/e,Gestoffeerd,29-08-2021,4 dagen geleden geplaatst,https://kamernet.nl/huren/kamer-heerlen/gasthuisstraat/kamer-1983684,"{'Woonkamer': ' Geen ', 'Keuken': ' Gedeeld ', 'Badkamer': ' Gedeeld ', 'Toilet': ' Gedeeld ', 'Internet': ' Ja ', 'Energielabel': ' D ', 'Huisgenoten': '  8  ', 'Geslacht': ' Gemengd ', 'Huisdieren': ' Nee '}",
Willem Nakkenstraat,in Amsterdam,12 m,Totale oppervlakte: 80 m 2,â‚¬ 900,p/m | excl. g/w/e,Gemeubileerd,01-10-2021,4 dagen geleden geplaatst,https://kamernet.nl/huren/kamer-amsterdam/willem-nakkenstraat/kamer-1983686,"{'Woonkamer': ' Gedeeld ', 'Keuken': ' Gedeeld ', 'Badkamer': ' Eigen ', 'Toilet': ' Eigen ', 'Internet': ' Ja ', 'Energielabel': ' B ', 'Huisgenoten': '  1 ', 'Geslacht': ' Vrouw ', 'Huisdieren': ' Nee '}",
Palestinastraat,in Rotterdam,12 m,,â‚¬ 475,p/m | incl. g/w/e,Gemeubileerd,01-10-2021,4 dagen geleden geplaatst,https://kamernet.nl/huren/kamer-rotterdam/palestinastraat/kamer-1983743,"{'Woonkamer': ' Gedeeld ', 'Keuken': ' Gedeeld ', 'Badkamer': ' Gedeeld ', 'Toilet': ' Gedeeld ', 'Internet': ' Ja ', 'Energielabel': ' Onbekend ', 'Huisgenoten': '  2 ', 'Geslacht': ' Man ', 'Huisdieren': ' Nee '}",
Korreweg,in Groningen,12 m,Totale oppervlakte: 70 m 2,â‚¬ 650,p/m | excl. g/w/e,Gestoffeerd,01-09-2021,4 dagen geleden geplaatst,https://kamernet.nl/huren/kamer-groningen/korreweg/kamer-1983763,"{'Woonkamer': ' Gedeeld ', 'Keuken': ' Gedeeld ', 'Badkamer': ' Gedeeld ', 'Toilet': ' Gedeeld ', 'Internet': ' Ja ', 'Energielabel': ' Onbekend ', 'Huisgenoten': '  1 ', 'Geslacht': ' Vrouw ', 'Huisdieren': ' Nee '}",
Zwaanshals,in Rotterdam,21 m,,â‚¬ 580,p/m | incl. g/w/e,Gestoffeerd,01-10-2021,4 dagen geleden geplaatst,https://kamernet.nl/huren/kamer-rotterdam/zwaanshals/kamer-1983775,"{'Woonkamer': ' Gedeeld ', 'Keuken': ' Gedeeld ', 'Badkamer': ' Gedeeld ', 'Toilet': ' Gedeeld ', 'Internet': ' Ja ', 'Energielabel': ' Onbekend ', 'Huisgenoten': '  2 ', 'Geslacht': ' Man ', 'Huisdieren': ' Nee '}",
Noorderkerkstraat,in Zaandam,50 m,Totaal 2 kamers (1 slaapkamer) ,â‚¬ 750,p/m | incl. g/w/e,Gemeubileerd,25-09-2021 tot 15-01-2022,4 dagen geleden geplaatst,https://kamernet.nl/huren/appartement-zaandam/noorderkerkstraat/appartement-1983705,"{'Woonkamer': ' Eigen ', 'Keuken': ' Eigen ', 'Badkamer': ' Eigen ', 'Toilet': ' Eigen ', 'Internet': ' Ja ', 'Energielabel': ' Onbekend ', 'Huisdieren': ' Nee '}",
Singelstraat,in Utrecht,18 m,,â‚¬ 530,p/m | excl. g/w/e,Gestoffeerd,01-10-2021 tot 01-10-2022,4 dagen geleden geplaatst,https://kamernet.nl/huren/kamer-utrecht/singelstraat/kamer-1983764,"{'Woonkamer': ' Eigen ', 'Keuken': ' Eigen ', 'Badkamer': ' Eigen ', 'Toilet': ' Gedeeld ', 'Internet': ' Ja ', 'Energielabel': ' Onbekend ', 'Huisgenoten': '  2 ', 'Geslacht': ' Gemengd ', 'Huisdieren': ' Nee '}",
Da Costastraat,in Amsterdam,57 m,Totaal 2 kamers (1 slaapkamer) ,â‚¬ 1750,p/m | excl. g/w/e,Gemeubileerd,01-10-2021,4 dagen geleden geplaatst,https://kamernet.nl/huren/appartement-amsterdam/da-costastraat/appartement-1982454,"{'Woonkamer': ' Eigen ', 'Keuken': ' Eigen ', 'Badkamer': ' Eigen ', 'Toilet': ' Eigen ', 'Internet': ' Ja ', 'Energielabel': ' B ', 'Huisdieren': ' Nee '}",
Prins Bernhardstraat,in Deventer,12 m,,â‚¬ 350,p/m | incl. g/w/e,Gestoffeerd,01-09-2021,4 dagen geleden geplaatst,https://kamernet.nl/huren/kamer-deventer/prins-bernhardstraat/kamer-1983780,"{'Woonkamer': ' Gedeeld ', 'Keuken': ' Gedeeld ', 'Badkamer': ' Gedeeld ', 'Toilet': ' Gedeeld ', 'Internet': ' Nee ', 'Energielabel': ' C ', 'Huisgenoten': '  3 ', 'Geslacht': ' Vrouw ', 'Huisdieren': ' Nee '}",
De Werf,in Monnickendam,9 m,Totale oppervlakte: 95 m 2,â‚¬ 700,p/m | excl. g/w/e,Gemeubileerd,02-09-2021,4 dagen geleden geplaatst,https://kamernet.nl/huren/kamer-monnickendam/de-werf/kamer-1983782,"{'Woonkamer': ' Gedeeld ', 'Keuken': ' Gedeeld ', 'Badkamer': ' Gedeeld ', 'Toilet': ' Gedeeld ', 'Internet': ' Ja ', 'Energielabel': ' Onbekend ', 'Huisgenoten': '  1 ', 'Geslacht': ' Vrouw ', 'Huisdieren': ' Nee '}",
Quellijnstraat,in Amsterdam,28 m,Totale oppervlakte: 40 m 2,â‚¬ 800,p/m | incl. g/w/e,Gemeubileerd,01-10-2021,4 dagen geleden geplaatst,https://kamernet.nl/huren/kamer-amsterdam/quellijnstraat/kamer-1983779,"{'Woonkamer': ' Geen ', 'Keuken': ' Gedeeld ', 'Badkamer': ' Gedeeld ', 'Toilet': ' Gedeeld ', 'Internet': ' Ja ', 'Energielabel': ' Onbekend ', 'Huisgenoten': '  2 ', 'Geslacht': ' Gemengd ', 'Huisdieren': ' Nee '}",
Leibnizstraat,in Amsterdam,16 m,Totale oppervlakte: 70 m 2,â‚¬ 550,p/m | incl. g/w/e,Gemeubileerd,29-08-2021,4 dagen geleden geplaatst,https://kamernet.nl/huren/kamer-amsterdam/leibnizstraat/kamer-1983791,"{'Woonkamer': ' Eigen ', 'Keuken': ' Gedeeld ', 'Badkamer': ' Gedeeld ', 'Toilet': ' Gedeeld ', 'Internet': ' Ja ', 'Energielabel': ' A ', 'Huisgenoten': '  1 ', 'Geslacht': ' Man ', 'Huisdieren': ' Nee '}",
Willemsweg,in Nijmegen,9 m,,â‚¬ 295,p/m | incl. g/w/e,Kaal,29-08-2021,4 dagen geleden geplaatst,https://kamernet.nl/huren/kamer-nijmegen/willemsweg/kamer-1983794,"{'Woonkamer': ' Geen ', 'Keuken': ' Gedeeld ', 'Badkamer': ' Gedeeld ', 'Toilet': ' Gedeeld ', 'Internet': ' Ja ', 'Energielabel': ' C ', 'Huisgenoten': '  4  ', 'Geslacht': ' Vrouw ', 'Huisdieren': ' Nee '}",
Campuslaan,in Enschede,14 m,,â‚¬ 292,p/m | incl. g/w/e,Kaal,26-09-2021,4 dagen geleden geplaatst,https://kamernet.nl/huren/kamer-enschede/campuslaan/kamer-1983778,"{'Woonkamer': ' Gedeeld ', 'Keuken': ' Gedeeld ', 'Badkamer': ' Gedeeld ', 'Toilet': ' Gedeeld ', 'Internet': ' Ja ', 'Energielabel': ' Onbekend ', 'Huisgenoten': '  Meer dan 8 ', 'Geslacht': ' Gemengd ', 'Huisdieren': ' Nee '}",
Willem Marislaan,in Ede,80 m,Totaal 3 kamers (2 slaapkamers) ,â‚¬ 752,p/m | excl. g/w/e,Gestoffeerd,01-10-2021,4 dagen geleden geplaatst,https://kamernet.nl/huren/appartement-ede/willem-marislaan/appartement-1983795,"{'Woonkamer': ' Eigen ', 'Keuken': ' Eigen ', 'Badkamer': ' Eigen ', 'Toilet': ' Eigen ', 'Internet': ' Nee ', 'Energielabel': ' Onbekend ', 'Huisdieren': ' Nee '}",
Alpen Rondweg,in Amstelveen,38 m,,â‚¬ 600,p/m | incl. g/w/e,Gemeubileerd,16-10-2021 tot 16-10-2022,4 dagen geleden geplaatst,https://kamernet.nl/huren/kamer-amstelveen/alpen-rondweg/kamer-1983802,"{'Woonkamer': ' Eigen ', 'Keuken': ' Eigen ', 'Badkamer': ' Eigen ', 'Toilet': ' Gedeeld ', 'Internet': ' Ja ', 'Energielabel': ' Onbekend ', 'Huisgenoten': '  1 ', 'Geslacht': ' Vrouw ', 'Huisdieren': ' Nee '}",
Pascalstraat,in Badhoevedorp,6 m,Totale oppervlakte: 30 m 2,â‚¬ 350,p/m | incl. g/w/e,Gemeubileerd,29-08-2021 tot 28-02-2022,4 dagen geleden geplaatst,https://kamernet.nl/huren/kamer-badhoevedorp/pascalstraat/kamer-1983724,"{'Woonkamer': ' Geen ', 'Keuken': ' Gedeeld ', 'Badkamer': ' Gedeeld ', 'Toilet': ' Gedeeld ', 'Internet': ' Ja ', 'Energielabel': ' Onbekend ', 'Huisgenoten': '  5 ', 'Geslacht': ' Gemengd ', 'Huisdieren': ' Nee '}",
Holtenstraat,in Den Haag,8 m,,â‚¬ 450,p/m | incl. g/w/e,Gemeubileerd,29-08-2021 tot 02-10-2021,4 dagen geleden geplaatst,https://kamernet.nl/huren/kamer-den-haag/holtenstraat/kamer-1983781,"{'Woonkamer': ' Geen ', 'Keuken': ' Gedeeld ', 'Badkamer': ' Gedeeld ', 'Toilet': ' Gedeeld ', 'Internet': ' Ja ', 'Energielabel': ' Onbekend ', 'Huisgenoten': '  1 ', 'Geslacht': ' Man ', 'Huisdieren': ' Nee '}",
Voorstraat,in Delft,11 m,,â‚¬ 250,p/m | incl. g/w/e,Kaal,12-09-2021,3 dagen geleden geplaatst,https://kamernet.nl/huren/kamer-delft/voorstraat/kamer-1983926,"{'Woonkamer': ' Gedeeld ', 'Keuken': ' Gedeeld ', 'Badkamer': ' Gedeeld ', 'Toilet': ' Gedeeld ', 'Internet': ' Ja ', 'Energielabel': ' Onbekend ', 'Huisgenoten': '  6 ', 'Geslacht': ' Gemengd ', 'Huisdieren': ' Nee '}",
Rembrandtlaan,in Papendrecht,25 m,Totale oppervlakte: 30 m 2,â‚¬ 525,p/m | excl. g/w/e,Gestoffeerd,01-09-2021 tot 02-09-2022,4 dagen geleden geplaatst,https://kamernet.nl/huren/kamer-papendrecht/rembrandtlaan/kamer-1983631,"{'Woonkamer': ' Eigen ', 'Keuken': ' Geen ', 'Badkamer': ' Eigen ', 'Toilet': ' Eigen ', 'Internet': ' Ja ', 'Energielabel': ' Onbekend ', 'Huisgenoten': '  1 ', 'Geslacht': ' Man ', 'Huisdieren': ' Nee '}",
Statenweg,in Rotterdam,12 m,Totale oppervlakte: 75 m 2,â‚¬ 550,p/m | incl. g/w/e,Gemeubileerd,01-10-2021,3 dagen geleden geplaatst,https://kamernet.nl/huren/kamer-rotterdam/statenweg/kamer-1983947,"{'Woonkamer': ' Gedeeld ', 'Keuken': ' Gedeeld ', 'Badkamer': ' Gedeeld ', 'Toilet': ' Gedeeld ', 'Internet': ' Ja ', 'Energielabel': ' Onbekend ', 'Huisgenoten': '  1 ', 'Geslacht': ' Vrouw ', 'Huisdieren': ' Nee '}",
Sonmansstraat,in Rotterdam,15 m,Totale oppervlakte: 30 m 2,â‚¬ 600,p/m | incl. g/w/e,Kaal,01-10-2021 tot 31-07-2022,3 dagen geleden geplaatst,https://kamernet.nl/huren/kamer-rotterdam/sonmansstraat/kamer-1983949,"{'Woonkamer': ' Gedeeld ', 'Keuken': ' Gedeeld ', 'Badkamer': ' Gedeeld ', 'Toilet': ' Gedeeld ', 'Internet': ' Ja ', 'Energielabel': ' Onbekend ', 'Huisgenoten': '  2 ', 'Geslacht': ' Man ', 'Huisdieren': ' In overleg '}",
Van Limburg Stirumstraat,in Den Haag,48 m,Totaal 2 kamers (1 slaapkamer) ,â‚¬ 1250,p/m | excl. g/w/e,Gestoffeerd,01-09-2021,3 dagen geleden geplaatst,https://kamernet.nl/huren/appartement-den-haag/van-limburg-stirumstraat/appartement-1983805,"{'Woonkamer': ' Eigen ', 'Keuken': ' Eigen ', 'Badkamer': ' Eigen ', 'Toilet': ' Eigen ', 'Internet': ' Ja ', 'Energielabel': ' A ', 'Huisdieren': ' Nee '}",
Molenstraat,in Delft,20 m,Totale oppervlakte: 40 m 2,â‚¬ 350,p/m | incl. g/w/e,Kaal,01-10-2021,4 dagen geleden geplaatst,https://kamernet.nl/huren/kamer-delft/molenstraat/kamer-1983786,"{'Woonkamer': ' Gedeeld ', 'Keuken': ' Gedeeld ', 'Badkamer': ' Gedeeld ', 'Toilet': ' Gedeeld ', 'Internet': ' Ja ', 'Energielabel': ' G ', 'Huisgenoten': '  2 ', 'Geslacht': ' Gemengd ', 'Huisdieren': ' Nee '}",
Molenwerf,in Amsterdam,59 m,Totaal 2 kamers (1 slaapkamer) ,â‚¬ 1350,p/m | excl. g/w/e,Gemeubileerd,17-10-2021 tot 30-01-2022,3 dagen geleden geplaatst,https://kamernet.nl/huren/appartement-amsterdam/molenwerf/appartement-1983930,"{'Woonkamer': ' Eigen ', 'Keuken': ' Eigen ', 'Badkamer': ' Eigen ', 'Toilet': ' Eigen ', 'Internet': ' Ja ', 'Energielabel': ' A ', 'Huisdieren': ' In overleg '}",
Langendijk,in Vianen,12 m,,â‚¬ 495,p/m | incl. g/w/e,Gestoffeerd,01-09-2021,3 dagen geleden geplaatst,https://kamernet.nl/huren/kamer-vianen/langendijk/kamer-1983835,"{'Woonkamer': ' Geen ', 'Keuken': ' Gedeeld ', 'Badkamer': ' Gedeeld ', 'Toilet': ' Gedeeld ', 'Internet': ' Ja ', 'Energielabel': ' Onbekend ', 'Huisgenoten': '  2 ', 'Geslacht': ' Vrouw ', 'Huisdieren': ' Nee '}",
Bosboom Toussaintstraat,in Amsterdam,25 m,,â‚¬ 1040,p/m | incl. g/w/e,Gemeubileerd,01-10-2021,4 dagen geleden geplaatst,https://kamernet.nl/huren/kamer-amsterdam/bosboom-toussaintstraat/kamer-1983821,"{'Woonkamer': ' Onbekend ', 'Keuken': ' Onbekend ', 'Badkamer': ' Onbekend ', 'Toilet': ' Onbekend ', 'Internet': ' Onbekend ', 'Energielabel': ' Onbekend ', 'Huisgenoten': '  Onbekend  ', 'Geslacht': ' Onbekend ', 'Huisdieren': ' Nee '}",
Lissabonstraat,in Groningen,36 m,Totaal 2 kamers (1 slaapkamer) ,â‚¬ 825,p/m | incl. g/w/e,Gestoffeerd,01-10-2021,3 dagen geleden geplaatst,https://kamernet.nl/huren/appartement-groningen/lissabonstraat/appartement-1983845,"{'Woonkamer': ' Eigen ', 'Keuken': ' Eigen ', 'Badkamer': ' Eigen ', 'Toilet': ' Eigen ', 'Internet': ' Ja ', 'Energielabel': ' Onbekend ', 'Huisdieren': ' Nee '}",
Van Tuyll van Serooskerkenweg,in Amsterdam,70 m,Totaal 3 kamers,â‚¬ 1600,p/m | excl. g/w/e,Gestoffeerd,30-08-2021,3 dagen geleden geplaatst,https://kamernet.nl/huren/appartement-amsterdam/van-tuyll-van-serooskerkenweg/appartement-1983860,"{'Woonkamer': ' Onbekend ', 'Keuken': ' Onbekend ', 'Badkamer': ' Onbekend ', 'Toilet': ' Onbekend ', 'Internet': ' Onbekend ', 'Energielabel': ' Onbekend ', 'Huisdieren': ' Nee '}",
Elizabethstraat,in Leeuwarden,20 m,,â‚¬ 365,p/m | incl. g/w/e,Gestoffeerd,01-10-2021,3 dagen geleden geplaatst,https://kamernet.nl/huren/kamer-leeuwarden/elizabethstraat/kamer-1983958,"{'Woonkamer': ' Geen ', 'Keuken': ' Gedeeld ', 'Badkamer': ' Gedeeld ', 'Toilet': ' Gedeeld ', 'Internet': ' Ja ', 'Energielabel': ' Onbekend ', 'Huisgenoten': '  3 ', 'Geslacht': ' Gemengd ', 'Huisdieren': ' Nee '}",
Oldenzaalsestraat,in Enschede,25 m,Totaal 1 kamer (1 slaapkamer) ,â‚¬ 750,p/m | incl. g/w/e,Gestoffeerd,15-09-2021,3 dagen geleden geplaatst,https://kamernet.nl/huren/studio-enschede/oldenzaalsestraat/studio-1983857,"{'Woonkamer': ' Eigen ', 'Keuken': ' Eigen ', 'Badkamer': ' Eigen ', 'Toilet': ' Eigen ', 'Internet': ' Ja ', 'Energielabel': ' A ', 'Huisdieren': ' Nee '}",
Hoofdstraat,in Velp,22 m,Totale oppervlakte: 15 m 2,â‚¬ 485,p/m | incl. g/w/e,Kaal,01-09-2021,3 dagen geleden geplaatst,https://kamernet.nl/huren/kamer-velp/hoofdstraat/kamer-1983881,"{'Woonkamer': ' Onbekend ', 'Keuken': ' Gedeeld ', 'Badkamer': ' Gedeeld ', 'Toilet': ' Gedeeld ', 'Internet': ' Ja ', 'Energielabel': ' Onbekend ', 'Huisgenoten': '  1 ', 'Geslacht': ' Man ', 'Huisdieren': ' Nee '}",
Mesdagstraat,in Amsterdam,9 m,,â‚¬ 850,p/m | incl. g/w/e,Gestoffeerd,01-11-2021 tot 31-10-2022,3 dagen geleden geplaatst,https://kamernet.nl/huren/kamer-amsterdam/mesdagstraat/kamer-1983878,"{'Woonkamer': ' Gedeeld ', 'Keuken': ' Gedeeld ', 'Badkamer': ' Gedeeld ', 'Toilet': ' Gedeeld ', 'Internet': ' Ja ', 'Energielabel': ' Onbekend ', 'Huisgenoten': '  1 ', 'Geslacht': ' Vrouw ', 'Huisdieren': ' Nee '}",
Korvezeestraat,in Delft,28 m,Totale oppervlakte: 40 m 2,â‚¬ 350,p/m | incl. g/w/e,Gestoffeerd,28-08-2021,5 dagen geleden geplaatst,https://kamernet.nl/huren/kamer-delft/korvezeestraat/kamer-1983539,"{'Woonkamer': ' Gedeeld ', 'Keuken': ' Gedeeld ', 'Badkamer': ' Eigen ', 'Toilet': ' Eigen ', 'Internet': ' Ja ', 'Energielabel': ' Onbekend ', 'Huisgenoten': '  8  ', 'Geslacht': ' Gemengd ', 'Huisdieren': ' In overleg '}",
Relweg,in Wijk aan Zee,36 m,Totaal 2 kamers,â‚¬ 795,p/m | excl. g/w/e,Gestoffeerd,30-08-2021,3 dagen geleden geplaatst,https://kamernet.nl/huren/appartement-wijk-aan-zee/relweg/appartement-1983904,"{'Woonkamer': ' Onbekend ', 'Keuken': ' Onbekend ', 'Badkamer': ' Onbekend ', 'Toilet': ' Onbekend ', 'Internet': ' Onbekend ', 'Energielabel': ' Onbekend ', 'Huisdieren': ' Nee '}",
Bleijenburg,in Den Haag,54 m,Totaal 2 kamers (1 slaapkamer) ,â‚¬ 790,p/m | excl. g/w/e,Gestoffeerd,01-10-2021,3 dagen geleden geplaatst,https://kamernet.nl/huren/appartement-den-haag/bleijenburg/appartement-1983840,"{'Woonkamer': ' Eigen ', 'Keuken': ' Eigen ', 'Badkamer': ' Eigen ', 'Toilet': ' Eigen ', 'Internet': ' Ja ', 'Energielabel': ' Onbekend ', 'Huisdieren': ' Nee '}",
Julianastraat,in Boekel,35 m,Totaal 1 kamer (1 slaapkamer) ,â‚¬ 925,p/m | incl. g/w/e,Gestoffeerd,01-09-2021,3 dagen geleden geplaatst,https://kamernet.nl/huren/appartement-boekel/julianastraat/appartement-1983900,"{'Woonkamer': ' Eigen ', 'Keuken': ' Eigen ', 'Badkamer': ' Eigen ', 'Toilet': ' Eigen ', 'Internet': ' Ja ', 'Energielabel': ' Onbekend ', 'Huisdieren': ' Nee '}",
Oost Havenstraat,in Leiden,45 m,,â‚¬ 750,p/m | incl. g/w/e,Kaal,31-08-2021,3 dagen geleden geplaatst,https://kamernet.nl/huren/kamer-leiden/oost-havenstraat/kamer-1855812,"{'Woonkamer': ' Eigen ', 'Keuken': ' Gedeeld ', 'Badkamer': ' Eigen ', 'Toilet': ' Eigen ', 'Internet': ' Ja ', 'Energielabel': ' Onbekend ', 'Huisgenoten': '  Onbekend  ', 'Geslacht': ' Onbekend ', 'Huisdieren': ' Nee '}",
Haringvliet,in Rotterdam,16 m,Totale oppervlakte: 100 m 2,â‚¬ 650,p/m | incl. g/w/e,Gemeubileerd,30-08-2021,3 dagen geleden geplaatst,https://kamernet.nl/huren/kamer-rotterdam/haringvliet/kamer-1983969,"{'Woonkamer': ' Gedeeld ', 'Keuken': ' Gedeeld ', 'Badkamer': ' Gedeeld ', 'Toilet': ' Eigen ', 'Internet': ' Ja ', 'Energielabel': ' Onbekend ', 'Huisgenoten': '  Onbekend  ', 'Geslacht': ' Onbekend ', 'Huisdieren': ' Nee '}",
Sint Lucasstraat,in Groningen,42 m,Totaal 2 kamers (1 slaapkamer) ,â‚¬ 1150,p/m | incl. g/w/e,Gemeubileerd,01-09-2021,3 dagen geleden geplaatst,https://kamernet.nl/huren/studio-groningen/sint-lucasstraat/studio-1983937,"{'Woonkamer': ' Eigen ', 'Keuken': ' Eigen ', 'Badkamer': ' Eigen ', 'Toilet': ' Eigen ', 'Internet': ' Ja ', 'Energielabel': ' A ', 'Huisdieren': ' Nee '}",
Aquamarijnlaan,in Utrecht,12 m,Totale oppervlakte: 40 m 2,â‚¬ 400,p/m | excl. g/w/e,Gestoffeerd,01-10-2021,3 dagen geleden geplaatst,https://kamernet.nl/huren/kamer-utrecht/aquamarijnlaan/kamer-1983850,"{'Woonkamer': ' Geen ', 'Keuken': ' Gedeeld ', 'Badkamer': ' Gedeeld ', 'Toilet': ' Gedeeld ', 'Internet': ' Ja ', 'Energielabel': ' Onbekend ', 'Huisgenoten': '  2 ', 'Geslacht': ' Vrouw ', 'Huisdieren': ' Nee '}",
Essenburgsingel,in Rotterdam,15 m,,â‚¬ 525,p/m | incl. g/w/e,Gestoffeerd,01-09-2021,3 dagen geleden geplaatst,https://kamernet.nl/huren/kamer-rotterdam/essenburgsingel/kamer-1983961,"{'Woonkamer': ' Geen ', 'Keuken': ' Gedeeld ', 'Badkamer': ' Gedeeld ', 'Toilet': ' Gedeeld ', 'Internet': ' Ja ', 'Energielabel': ' Onbekend ', 'Huisgenoten': '  4  ', 'Geslacht': ' Gemengd ', 'Huisdieren': ' Nee '}",
Batouwestraat,in Gendt,70 m,Totaal 4 kamers (3 slaapkamers) ,â‚¬ 453,p/m | excl. g/w/e,Kaal,30-08-2021,3 dagen geleden geplaatst,https://kamernet.nl/huren/anti-kraak-gendt/batouwestraat/anti-kraak-1983968,"{'Woonkamer': ' Eigen ', 'Keuken': ' Eigen ', 'Badkamer': ' Eigen ', 'Toilet': ' Eigen ', 'Internet': ' Nee ', 'Energielabel': ' Onbekend ', 'Huisdieren': ' Nee '}",
Kasteelstraat,in Vlissingen,18 m,,â‚¬ 360,p/m | incl. g/w/e,Gestoffeerd,01-09-2021,4 dagen geleden geplaatst,https://kamernet.nl/huren/kamer-vlissingen/kasteelstraat/kamer-1983765,"{'Woonkamer': ' Geen ', 'Keuken': ' Gedeeld ', 'Badkamer': ' Gedeeld ', 'Toilet': ' Gedeeld ', 'Internet': ' Ja ', 'Energielabel': ' Onbekend ', 'Huisgenoten': '  7 ', 'Geslacht': ' Gemengd ', 'Huisdieren': ' Nee '}",
Wenckebachstraat,in Den Haag,14 m,,â‚¬ 410,p/m | incl. g/w/e,Gestoffeerd,31-08-2021,3 dagen geleden geplaatst,https://kamernet.nl/huren/kamer-den-haag/wenckebachstraat/kamer-1983982,"{'Woonkamer': ' Geen ', 'Keuken': ' Gedeeld ', 'Badkamer': ' Gedeeld ', 'Toilet': ' Gedeeld ', 'Internet': ' Ja ', 'Energielabel': ' Onbekend ', 'Huisgenoten': '  3 ', 'Geslacht': ' Man ', 'Huisdieren': ' Nee '}",
Bussele,in Eindhoven,36 m,Totaal 2 kamers (1 slaapkamer) ,â‚¬ 810,p/m | incl. g/w/e,Gemeubileerd,01-10-2021,3 dagen geleden geplaatst,https://kamernet.nl/huren/studio-eindhoven/bussele/studio-1983965,"{'Woonkamer': ' Eigen ', 'Keuken': ' Eigen ', 'Badkamer': ' Eigen ', 'Toilet': ' Eigen ', 'Internet': ' Ja ', 'Energielabel': ' Onbekend ', 'Huisdieren': ' Nee '}",
Prof. Kohnstammstraat,in Utrecht,35 m,,â‚¬ 825,p/m | incl. g/w/e,Gestoffeerd,01-10-2021,3 dagen geleden geplaatst,https://kamernet.nl/huren/studio-utrecht/prof.-kohnstammstraat/studio-1983927,"{'Woonkamer': ' Eigen ', 'Keuken': ' Eigen ', 'Badkamer': ' Eigen ', 'Toilet': ' Eigen ', 'Internet': ' Ja ', 'Energielabel': ' Onbekend ', 'Huisdieren': ' Nee '}",
Marco Pololaan,in Utrecht,11 m,,â‚¬ 450,p/m | incl. g/w/e,Gemeubileerd,03-09-2021 tot 28-02-2022,3 dagen geleden geplaatst,https://kamernet.nl/huren/kamer-utrecht/marco-pololaan/kamer-1983935,"{'Woonkamer': ' Onbekend ', 'Keuken': ' Gedeeld ', 'Badkamer': ' Gedeeld ', 'Toilet': ' Gedeeld ', 'Internet': ' Ja ', 'Energielabel': ' Onbekend ', 'Huisgenoten': '  Onbekend  ', 'Geslacht': ' Onbekend ', 'Huisdieren': ' In overleg '}",
Sweder van Zuylenweg,in Utrecht,30 m,,â‚¬ 950,p/m | incl. g/w/e,Gemeubileerd,01-10-2021,3 dagen geleden geplaatst,https://kamernet.nl/huren/studio-utrecht/sweder-van-zuylenweg/studio-1983934,"{'Woonkamer': ' Eigen ', 'Keuken': ' Eigen ', 'Badkamer': ' Eigen ', 'Toilet': ' Eigen ', 'Internet': ' Ja ', 'Energielabel': ' Onbekend ', 'Huisdieren': ' Nee '}",
Hasseltstraat,in Tilburg,32 m,,â‚¬ 750,p/m | incl. g/w/e,Gestoffeerd,01-10-2021,3 dagen geleden geplaatst,https://kamernet.nl/huren/kamer-tilburg/hasseltstraat/kamer-1891202,"{'Woonkamer': ' Eigen ', 'Keuken': ' Eigen ', 'Badkamer': ' Eigen ', 'Toilet': ' Eigen ', 'Internet': ' Ja ', 'Energielabel': ' Onbekend ', 'Huisgenoten': '  Onbekend  ', 'Geslacht': ' Onbekend ', 'Huisdieren': ' Nee '}",
Korte Hengelosestraat,in Enschede,19 m,,â‚¬ 275,p/m | excl. g/w/e,Gestoffeerd,30-08-2021,3 dagen geleden geplaatst,https://kamernet.nl/huren/kamer-enschede/korte-hengelosestraat/kamer-1983993,"{'Woonkamer': ' Gedeeld ', 'Keuken': ' Gedeeld ', 'Badkamer': ' Gedeeld ', 'Toilet': ' Gedeeld ', 'Internet': ' Ja ', 'Energielabel': ' Onbekend ', 'Huisgenoten': '  4  ', 'Geslacht': ' Man ', 'Huisdieren': ' Nee '}",
Herestraat,in Groningen,9 m,Totale oppervlakte: 68 m 2,â‚¬ 600,p/m | incl. g/w/e,Gestoffeerd,01-09-2021,3 dagen geleden geplaatst,https://kamernet.nl/huren/kamer-groningen/herestraat/kamer-1983959,"{'Woonkamer': ' Gedeeld ', 'Keuken': ' Gedeeld ', 'Badkamer': ' Gedeeld ', 'Toilet': ' Gedeeld ', 'Internet': ' Ja ', 'Energielabel': ' Onbekend ', 'Huisgenoten': '  1 ', 'Geslacht': ' Vrouw ', 'Huisdieren': ' Nee '}",
Prins Bernhardstraat,in Noordwijk,18 m,,â‚¬ 575,p/m | incl. g/w/e,Gestoffeerd,05-10-2021,3 dagen geleden geplaatst,https://kamernet.nl/huren/kamer-noordwijk/prins-bernhardstraat/kamer-1983989,"{'Woonkamer': ' Geen ', 'Keuken': ' Gedeeld ', 'Badkamer': ' Gedeeld ', 'Toilet': ' Gedeeld ', 'Internet': ' Ja ', 'Energielabel': ' E ', 'Huisgenoten': '  4  ', 'Geslacht': ' Gemengd ', 'Huisdieren': ' Nee '}",
Gasthuisstraat,in Kampen,32 m,Totaal 1 kamer (1 slaapkamer) ,â‚¬ 710,p/m | incl. g/w/e,Kaal,12-09-2021,3 dagen geleden geplaatst,https://kamernet.nl/huren/studio-kampen/gasthuisstraat/studio-1983992,"{'Woonkamer': ' Eigen ', 'Keuken': ' Eigen ', 'Badkamer': ' Eigen ', 'Toilet': ' Eigen ', 'Internet': ' Nee ', 'Energielabel': ' Onbekend ', 'Huisdieren': ' Nee '}",
Telegraafstraat,in Tilburg,16 m,,â‚¬ 290,p/m | incl. g/w/e,Gestoffeerd,30-08-2021,3 dagen geleden geplaatst,https://kamernet.nl/huren/kamer-tilburg/telegraafstraat/kamer-1983997,"{'Woonkamer': ' Gedeeld ', 'Keuken': ' Gedeeld ', 'Badkamer': ' Gedeeld ', 'Toilet': ' Gedeeld ', 'Internet': ' Ja ', 'Energielabel': ' Onbekend ', 'Huisgenoten': '  Meer dan 8 ', 'Geslacht': ' Man ', 'Huisdieren': ' Nee '}",
Hogewoerd,in Leiden,11 m,,â‚¬ 270,p/m | incl. g/w/e,Gestoffeerd,16-09-2021,3 dagen geleden geplaatst,https://kamernet.nl/huren/kamer-leiden/hogewoerd/kamer-1984004,"{'Woonkamer': ' Gedeeld ', 'Keuken': ' Gedeeld ', 'Badkamer': ' Eigen ', 'Toilet': ' Gedeeld ', 'Internet': ' Ja ', 'Energielabel': ' Onbekend ', 'Huisgenoten': '  Meer dan 8 ', 'Geslacht': ' Gemengd ', 'Huisdieren': ' In overleg '}",
Graan voor Visch,in Hoofddorp,35 m,,â‚¬ 600,p/m | incl. g/w/e,Gemeubileerd,10-09-2021,3 dagen geleden geplaatst,https://kamernet.nl/huren/studio-hoofddorp/graan-voor-visch/studio-1983912,"{'Woonkamer': ' Eigen ', 'Keuken': ' Gedeeld ', 'Badkamer': ' Gedeeld ', 'Toilet': ' Gedeeld ', 'Internet': ' Ja ', 'Energielabel': ' Onbekend ', 'Huisdieren': ' Nee '}",
Heinsiuslaan,in Amersfoort,21 m,Totale oppervlakte: 21 m 2,â‚¬ 400,p/m | incl. g/w/e,Gemeubileerd,01-09-2021 tot 04-06-2022,3 dagen geleden geplaatst,https://kamernet.nl/huren/kamer-amersfoort/heinsiuslaan/kamer-1984062,"{'Woonkamer': ' Eigen ', 'Keuken': ' Eigen ', 'Badkamer': ' Eigen ', 'Toilet': ' Eigen ', 'Internet': ' Onbekend ', 'Energielabel': ' Onbekend ', 'Huisgenoten': '  1 ', 'Geslacht': ' Vrouw ', 'Huisdieren': ' Nee '}",
G.J. van Heekstraat,in Enschede,14 m,,â‚¬ 207,p/m | excl. g/w/e,Gestoffeerd,29-08-2021,3 dagen geleden geplaatst,https://kamernet.nl/huren/kamer-enschede/g.j.-van-heekstraat/kamer-1983829,"{'Woonkamer': ' Geen ', 'Keuken': ' Gedeeld ', 'Badkamer': ' Gedeeld ', 'Toilet': ' Gedeeld ', 'Internet': ' Ja ', 'Energielabel': ' Onbekend ', 'Huisgenoten': '  3 ', 'Geslacht': ' Gemengd ', 'Huisdieren': ' Nee '}",
Holendrechtstraat,in Amsterdam,36 m,Totaal 2 kamers (1 slaapkamer) ,â‚¬ 1280,p/m | excl. g/w/e,Gestoffeerd,01-10-2021,3 dagen geleden geplaatst,https://kamernet.nl/huren/appartement-amsterdam/holendrechtstraat/appartement-1983893,"{'Woonkamer': ' Eigen ', 'Keuken': ' Eigen ', 'Badkamer': ' Eigen ', 'Toilet': ' Eigen ', 'Internet': ' Ja ', 'Energielabel': ' A ', 'Huisdieren': ' Nee '}",
Engelsestraat,in Rotterdam,15 m,,â‚¬ 440,p/m | incl. g/w/e,Gestoffeerd,03-09-2021,3 dagen geleden geplaatst,https://kamernet.nl/huren/kamer-rotterdam/engelsestraat/kamer-1983990,"{'Woonkamer': ' Geen ', 'Keuken': ' Gedeeld ', 'Badkamer': ' Gedeeld ', 'Toilet': ' Gedeeld ', 'Internet': ' Ja ', 'Energielabel': ' Onbekend ', 'Huisgenoten': '  Onbekend  ', 'Geslacht': ' Onbekend ', 'Huisdieren': ' Nee '}",
Engelsestraat,in Rotterdam,27 m,,â‚¬ 460,p/m | incl. g/w/e,Gestoffeerd,03-09-2021,3 dagen geleden geplaatst,https://kamernet.nl/huren/kamer-rotterdam/engelsestraat/kamer-1983998,"{'Woonkamer': ' Geen ', 'Keuken': ' Gedeeld ', 'Badkamer': ' Gedeeld ', 'Toilet': ' Gedeeld ', 'Internet': ' Ja ', 'Energielabel': ' Onbekend ', 'Huisgenoten': '  2 ', 'Geslacht': ' Gemengd ', 'Huisdieren': ' Nee '}",
Vondellaan,in IJsselstein,6 m,,â‚¬ 599,p/m | incl. g/w/e,Gemeubileerd,30-08-2021 tot 31-08-2022,3 dagen geleden geplaatst,https://kamernet.nl/huren/kamer-ijsselstein/vondellaan/kamer-1984002,"{'Woonkamer': ' Gedeeld ', 'Keuken': ' Gedeeld ', 'Badkamer': ' Gedeeld ', 'Toilet': ' Gedeeld ', 'Internet': ' Ja ', 'Energielabel': ' Onbekend ', 'Huisgenoten': '  3 ', 'Geslacht': ' Gemengd ', 'Huisdieren': ' Nee '}",
Strevelsweg,in Rotterdam,15 m,Totale oppervlakte: 60 m 2,â‚¬ 650,p/m | incl. g/w/e,Gemeubileerd,14-11-2021 tot 04-09-2022,3 dagen geleden geplaatst,https://kamernet.nl/huren/kamer-rotterdam/strevelsweg/kamer-1984003,"{'Woonkamer': ' Gedeeld ', 'Keuken': ' Gedeeld ', 'Badkamer': ' Gedeeld ', 'Toilet': ' Gedeeld ', 'Internet': ' Ja ', 'Energielabel': ' D ', 'Huisgenoten': '  1 ', 'Geslacht': ' Vrouw ', 'Huisdieren': ' Nee '}",
Vlasstraat,in Groningen,20 m,,â‚¬ 415,p/m | incl. g/w/e,Gestoffeerd,01-10-2021,3 dagen geleden geplaatst,https://kamernet.nl/huren/kamer-groningen/vlasstraat/kamer-1984009,"{'Woonkamer': ' Geen ', 'Keuken': ' Eigen ', 'Badkamer': ' Gedeeld ', 'Toilet': ' Gedeeld ', 'Internet': ' Ja ', 'Energielabel': ' Onbekend ', 'Huisgenoten': '  4  ', 'Geslacht': ' Vrouw ', 'Huisdieren': ' Nee '}",
Granidastraat,in Amsterdam,12 m,Totale oppervlakte: 62 m 2,â‚¬ 750,p/m | incl. g/w/e,Gemeubileerd,01-09-2021,3 dagen geleden geplaatst,https://kamernet.nl/huren/kamer-amsterdam/granidastraat/kamer-1984005,"{'Woonkamer': ' Gedeeld ', 'Keuken': ' Gedeeld ', 'Badkamer': ' Gedeeld ', 'Toilet': ' Gedeeld ', 'Internet': ' Ja ', 'Energielabel': ' Onbekend ', 'Huisgenoten': '  2 ', 'Geslacht': ' Gemengd ', 'Huisdieren': ' Nee '}",
Hertogstraat,in Almere,15 m,,â‚¬ 550,p/m | incl. g/w/e,Gemeubileerd,01-09-2021,5 dagen geleden geplaatst,https://kamernet.nl/huren/kamer-almere/hertogstraat/kamer-1983511,"{'Woonkamer': ' Gedeeld ', 'Keuken': ' Gedeeld ', 'Badkamer': ' Gedeeld ', 'Toilet': ' Gedeeld ', 'Internet': ' Ja ', 'Energielabel': ' C ', 'Huisgenoten': '  3 ', 'Geslacht': ' Gemengd ', 'Huisdieren': ' Nee '}",
Gorechtkade,in Groningen,20 m,Totale oppervlakte: 30 m 2,â‚¬ 425,p/m | incl. g/w/e,Gestoffeerd,15-11-2021,3 dagen geleden geplaatst,https://kamernet.nl/huren/kamer-groningen/gorechtkade/kamer-1983896,"{'Woonkamer': ' Eigen ', 'Keuken': ' Gedeeld ', 'Badkamer': ' Gedeeld ', 'Toilet': ' Gedeeld ', 'Internet': ' Ja ', 'Energielabel': ' Onbekend ', 'Huisgenoten': '  2 ', 'Geslacht': ' Man ', 'Huisdieren': ' Nee '}",
Noordewierweg,in Amersfoort,16 m,,â‚¬ 435,p/m | incl. g/w/e,Gestoffeerd,01-10-2021,16 uur geleden geplaatst,https://kamernet.nl/huren/kamer-amersfoort/noordewierweg/kamer-1984675,"{'Woonkamer': ' Geen ', 'Keuken': ' Gedeeld ', 'Badkamer': ' Gedeeld ', 'Toilet': ' Gedeeld ', 'Internet': ' Ja ', 'Energielabel': ' C ', 'Huisgenoten': '  4  ', 'Geslacht': ' Gemengd ', 'Huisdieren': ' Nee '}",
Heemraadstraat,in Rotterdam,15 m,Totale oppervlakte: 100 m 2,â‚¬ 690,p/m | incl. g/w/e,Gemeubileerd,01-10-2021,17 uur geleden geplaatst,https://kamernet.nl/huren/kamer-rotterdam/heemraadstraat/kamer-1984655,"{'Woonkamer': ' Gedeeld ', 'Keuken': ' Gedeeld ', 'Badkamer': ' Gedeeld ', 'Toilet': ' Gedeeld ', 'Internet': ' Ja ', 'Energielabel': ' Onbekend ', 'Huisgenoten': '  1 ', 'Geslacht': ' Vrouw ', 'Huisdieren': ' Nee '}",
Graaf Janstraat,in Beverwijk,59 m,Totaal 2 kamers (1 slaapkamer) ,â‚¬ 1125,p/m | excl. g/w/e,Gestoffeerd,01-10-2021,14 uur geleden geplaatst,https://kamernet.nl/huren/appartement-beverwijk/graaf-janstraat/appartement-1984530,"{'Woonkamer': ' Eigen ', 'Keuken': ' Eigen ', 'Badkamer': ' Eigen ', 'Toilet': ' Eigen ', 'Internet': ' Ja ', 'Energielabel': ' Onbekend ', 'Huisdieren': ' Nee '}",
Turfmarkt,in Leeuwarden,90 m,Totaal 3 kamers (2 slaapkamers) ,â‚¬ 950,p/m | excl. g/w/e,Gemeubileerd,01-09-2021,3 dagen geleden geplaatst,https://kamernet.nl/huren/appartement-leeuwarden/turfmarkt/appartement-1983988,"{'Woonkamer': ' Eigen ', 'Keuken': ' Eigen ', 'Badkamer': ' Eigen ', 'Toilet': ' Eigen ', 'Internet': ' Nee ', 'Energielabel': ' Onbekend ', 'Huisdieren': ' In overleg '}",
Pluimerstraat,in Groningen,48 m,Totaal 2 kamers (1 slaapkamer) ,â‚¬ 1195,p/m | incl. g/w/e,Gemeubileerd,01-09-2021,3 dagen geleden geplaatst,https://kamernet.nl/huren/studio-groningen/pluimerstraat/studio-1983948,"{'Woonkamer': ' Eigen ', 'Keuken': ' Eigen ', 'Badkamer': ' Eigen ', 'Toilet': ' Eigen ', 'Internet': ' Ja ', 'Energielabel': ' C ', 'Huisdieren': ' Nee '}",
Morsweg,in Leiden,14 m,,â‚¬ 400,p/m | incl. g/w/e,Gestoffeerd,01-09-2021,3 dagen geleden geplaatst,https://kamernet.nl/huren/kamer-leiden/morsweg/kamer-1876897,"{'Woonkamer': ' Gedeeld ', 'Keuken': ' Gedeeld ', 'Badkamer': ' Gedeeld ', 'Toilet': ' Gedeeld ', 'Internet': ' Ja ', 'Energielabel': ' Onbekend ', 'Huisgenoten': '  6 ', 'Geslacht': ' Gemengd ', 'Huisdieren': ' Nee '}",
Kostverlorenstraat,in Amsterdam,55 m,Totaal 3 kamers (2 slaapkamers) ,â‚¬ 1600,p/m | excl. g/w/e,Gemeubileerd,01-10-2021 tot 30-09-2022,3 dagen geleden geplaatst,https://kamernet.nl/huren/appartement-amsterdam/kostverlorenstraat/appartement-1983815,"{'Woonkamer': ' Eigen ', 'Keuken': ' Eigen ', 'Badkamer': ' Eigen ', 'Toilet': ' Eigen ', 'Internet': ' Ja ', 'Energielabel': ' Onbekend ', 'Huisdieren': ' Nee '}",
Vondelweg,in Haarlem,12 m,,â‚¬ 675,p/m | excl. g/w/e,Kaal,27-08-2021,6 dagen geleden geplaatst,https://kamernet.nl/huren/kamer-haarlem/vondelweg/kamer-1983225,"{'Woonkamer': ' Gedeeld ', 'Keuken': ' Gedeeld ', 'Badkamer': ' Gedeeld ', 'Toilet': ' Gedeeld ', 'Internet': ' Ja ', 'Energielabel': ' Onbekend ', 'Huisgenoten': '  1 ', 'Geslacht': ' Man ', 'Huisdieren': ' Nee '}",
Verwersstraat,in Den Bosch,60 m,,â‚¬ 950,p/m | excl. g/w/e,Gestoffeerd,30-08-2021,3 dagen geleden geplaatst,https://kamernet.nl/huren/appartement-den-bosch/verwersstraat/appartement-1984106,"{'Woonkamer': ' Eigen ', 'Keuken': ' Eigen ', 'Badkamer': ' Eigen ', 'Toilet': ' Eigen ', 'Internet': ' Nee ', 'Energielabel': ' Onbekend ', 'Huisdieren': ' Ja '}",
Leeuweriklaan,in IJmuiden,6 m,Totale oppervlakte: 20 m 2,â‚¬ 350,p/m | incl. g/w/e,Gestoffeerd,01-09-2021,1 week geleden geplaatst,https://kamernet.nl/huren/kamer-ijmuiden/leeuweriklaan/kamer-1983094,"{'Woonkamer': ' Gedeeld ', 'Keuken': ' Gedeeld ', 'Badkamer': ' Gedeeld ', 'Toilet': ' Gedeeld ', 'Internet': ' Ja ', 'Energielabel': ' Onbekend ', 'Huisgenoten': '  6 ', 'Geslacht': ' Gemengd ', 'Huisdieren': ' Nee '}",
Nova Zemblastraat,in Amsterdam,58 m,Totaal 2 kamers,â‚¬ 1550,p/m | excl. g/w/e,Gemeubileerd,14-09-2021 tot 30-08-2022,1 week geleden geplaatst,https://kamernet.nl/huren/appartement-amsterdam/nova-zemblastraat/appartement-1983024,"{'Woonkamer': ' Onbekend ', 'Keuken': ' Onbekend ', 'Badkamer': ' Onbekend ', 'Toilet': ' Onbekend ', 'Internet': ' Onbekend ', 'Energielabel': ' Onbekend ', 'Huisdieren': ' In overleg '}",
IJselstraat,in Assen,25 m,,â‚¬ 425,p/m | incl. g/w/e,Gestoffeerd,27-08-2021,6 dagen geleden geplaatst,https://kamernet.nl/huren/kamer-assen/ijselstraat/kamer-1983391,"{'Woonkamer': ' Eigen ', 'Keuken': ' Eigen ', 'Badkamer': ' Gedeeld ', 'Toilet': ' Gedeeld ', 'Internet': ' Ja ', 'Energielabel': ' Onbekend ', 'Huisgenoten': '  2 ', 'Geslacht': ' Gemengd ', 'Huisdieren': ' Nee '}",
Jacoba van Beierenlaan,in Delft,11 m,,â‚¬ 310,p/m | incl. g/w/e,Kaal,13-09-2021,1 week geleden geplaatst,https://kamernet.nl/huren/kamer-delft/jacoba-van-beierenlaan/kamer-1982939,"{'Woonkamer': ' Gedeeld ', 'Keuken': ' Gedeeld ', 'Badkamer': ' Gedeeld ', 'Toilet': ' Gedeeld ', 'Internet': ' Ja ', 'Energielabel': ' Onbekend ', 'Huisgenoten': '  Meer dan 8 ', 'Geslacht': ' Gemengd ', 'Huisdieren': ' Nee '}",
Mathenesserlaan,in Rotterdam,19 m,Totale oppervlakte: 106 m 2,â‚¬ 560,p/m | incl. g/w/e,Kaal,04-09-2021 tot 01-03-2022,6 dagen geleden geplaatst,https://kamernet.nl/huren/kamer-rotterdam/mathenesserlaan/kamer-1983240,"{'Woonkamer': ' Gedeeld ', 'Keuken': ' Gedeeld ', 'Badkamer': ' Gedeeld ', 'Toilet': ' Gedeeld ', 'Internet': ' Ja ', 'Energielabel': ' Onbekend ', 'Huisgenoten': '  3 ', 'Geslacht': ' Man ', 'Huisdieren': ' Nee '}",
Narcislaan,in Wassenaar,26 m,Totale oppervlakte: 145 m 2,â‚¬ 600,p/m | incl. g/w/e,Gemeubileerd,30-08-2021,1 week geleden geplaatst,https://kamernet.nl/huren/kamer-wassenaar/narcislaan/kamer-1784765,"{'Woonkamer': ' Gedeeld ', 'Keuken': ' Gedeeld ', 'Badkamer': ' Gedeeld ', 'Toilet': ' Eigen ', 'Internet': ' Ja ', 'Energielabel': ' B ', 'Huisgenoten': '  3 ', 'Geslacht': ' Gemengd ', 'Huisdieren': ' Nee '}",
Braamweg,in Soest,35 m,Totaal 2 kamers (1 slaapkamer) ,â‚¬ 760,p/m | incl. g/w/e,Gemeubileerd,30-08-2021,1 week geleden geplaatst,https://kamernet.nl/huren/studio-soest/braamweg/studio-1983151,"{'Woonkamer': ' Eigen ', 'Keuken': ' Eigen ', 'Badkamer': ' Eigen ', 'Toilet': ' Eigen ', 'Internet': ' Ja ', 'Energielabel': ' Onbekend ', 'Huisdieren': ' Nee '}",
Eosstraat,in Amsterdam,18 m,Totale oppervlakte: 100 m 2,â‚¬ 950,p/m | incl. g/w/e,Gemeubileerd,24-09-2021 tot 31-03-2022,1 week geleden geplaatst,https://kamernet.nl/huren/kamer-amsterdam/eosstraat/kamer-1983178,"{'Woonkamer': ' Gedeeld ', 'Keuken': ' Gedeeld ', 'Badkamer': ' Gedeeld ', 'Toilet': ' Gedeeld ', 'Internet': ' Ja ', 'Energielabel': ' A ', 'Huisgenoten': '  2 ', 'Geslacht': ' Gemengd ', 'Huisdieren': ' Nee '}",
Forsythiastraat,in Lisserbroek,14 m,Totale oppervlakte: 60 m 2,â‚¬ 450,p/m | incl. g/w/e,Gemeubileerd,02-10-2021,1 week geleden geplaatst,https://kamernet.nl/huren/kamer-lisserbroek/forsythiastraat/kamer-1982943,"{'Woonkamer': ' Gedeeld ', 'Keuken': ' Gedeeld ', 'Badkamer': ' Gedeeld ', 'Toilet': ' Gedeeld ', 'Internet': ' Ja ', 'Energielabel': ' A ', 'Huisgenoten': '  2 ', 'Geslacht': ' Gemengd ', 'Huisdieren': ' Nee '}",
's-Gravelandseweg,in Hilversum,48 m,Totaal 1 kamer (1 slaapkamer) ,â‚¬ 900,p/m | incl. g/w/e,Gestoffeerd,01-10-2021,6 dagen geleden geplaatst,https://kamernet.nl/huren/studio-hilversum/'s-gravelandseweg/studio-1983222,"{'Woonkamer': ' Eigen ', 'Keuken': ' Eigen ', 'Badkamer': ' Eigen ', 'Toilet': ' Eigen ', 'Internet': ' Ja ', 'Energielabel': ' Onbekend ', 'Huisdieren': ' Nee '}",
Warmoezierstraat,in Delft,13 m,,â‚¬ 280,p/m | incl. g/w/e,Gestoffeerd,18-09-2021,1 week geleden geplaatst,https://kamernet.nl/huren/kamer-delft/warmoezierstraat/kamer-1983200,"{'Woonkamer': ' Gedeeld ', 'Keuken': ' Gedeeld ', 'Badkamer': ' Gedeeld ', 'Toilet': ' Gedeeld ', 'Internet': ' Ja ', 'Energielabel': ' Onbekend ', 'Huisgenoten': '  3 ', 'Geslacht': ' Gemengd ', 'Huisdieren': ' Nee '}",
de Jonghlaan,in Nieuwegein,42 m,Totaal 2 kamers (1 slaapkamer) ,â‚¬ 800,p/m | excl. g/w/e,Gestoffeerd,01-10-2021,1 week geleden geplaatst,https://kamernet.nl/huren/studio-nieuwegein/de-jonghlaan/studio-1982886,"{'Woonkamer': ' Eigen ', 'Keuken': ' Eigen ', 'Badkamer': ' Eigen ', 'Toilet': ' Eigen ', 'Internet': ' Ja ', 'Energielabel': ' Onbekend ', 'Huisdieren': ' Nee '}",
Madurastraat,in Amsterdam,26 m,Totaal 1 kamer (1 slaapkamer) ,â‚¬ 1100,p/m | excl. g/w/e,Gemeubileerd,01-11-2021,1 week geleden geplaatst,https://kamernet.nl/huren/studio-amsterdam/madurastraat/studio-1983190,"{'Woonkamer': ' Eigen ', 'Keuken': ' Eigen ', 'Badkamer': ' Eigen ', 'Toilet': ' Eigen ', 'Internet': ' Ja ', 'Energielabel': ' A ', 'Huisdieren': ' Nee '}",
Cornelis Trompstraat,in Delft,16 m,Totale oppervlakte: 80 m 2,â‚¬ 600,p/m | incl. g/w/e,Gemeubileerd,15-09-2021 tot 24-12-2021,1 week geleden geplaatst,https://kamernet.nl/huren/kamer-delft/cornelis-trompstraat/kamer-1982898,"{'Woonkamer': ' Gedeeld ', 'Keuken': ' Gedeeld ', 'Badkamer': ' Gedeeld ', 'Toilet': ' Gedeeld ', 'Internet': ' Ja ', 'Energielabel': ' A ', 'Huisgenoten': '  2 ', 'Geslacht': ' Man ', 'Huisdieren': ' Nee '}",
Comeniusstraat,in Amsterdam,8 m,Totale oppervlakte: 50 m 2,â‚¬ 508,p/m | incl. g/w/e,Kaal,31-08-2021,1 week geleden geplaatst,https://kamernet.nl/huren/kamer-amsterdam/comeniusstraat/kamer-1982929,"{'Woonkamer': ' Gedeeld ', 'Keuken': ' Gedeeld ', 'Badkamer': ' Gedeeld ', 'Toilet': ' Gedeeld ', 'Internet': ' Ja ', 'Energielabel': ' Onbekend ', 'Huisgenoten': '  2 ', 'Geslacht': ' Man ', 'Huisdieren': ' Nee '}",
Beukelaarsstraat,in Rotterdam,52 m,Totaal 2 kamers (1 slaapkamer) ,â‚¬ 750,p/m | excl. g/w/e,Gemeubileerd,31-08-2021,1 week geleden geplaatst,https://kamernet.nl/huren/appartement-rotterdam/beukelaarsstraat/appartement-1982926,"{'Woonkamer': ' Eigen ', 'Keuken': ' Eigen ', 'Badkamer': ' Eigen ', 'Toilet': ' Eigen ', 'Internet': ' Ja ', 'Energielabel': ' A ', 'Huisdieren': ' Nee '}",
Boris Pasternakstraat,in Amsterdam,12 m,,â‚¬ 600,p/m | incl. g/w/e,Gemeubileerd,25-08-2021,1 week geleden geplaatst,https://kamernet.nl/huren/kamer-amsterdam/boris-pasternakstraat/kamer-1982902,"{'Woonkamer': ' Gedeeld ', 'Keuken': ' Gedeeld ', 'Badkamer': ' Gedeeld ', 'Toilet': ' Gedeeld ', 'Internet': ' Ja ', 'Energielabel': ' Onbekend ', 'Huisgenoten': '  Onbekend  ', 'Geslacht': ' Onbekend ', 'Huisdieren': ' Nee '}",
Schepen Ketelhoethof,in Arnhem,75 m,Totaal 3 kamers,â‚¬ 840,p/m | excl. g/w/e,Gestoffeerd,01-10-2021,1 week geleden geplaatst,https://kamernet.nl/huren/appartement-arnhem/schepen-ketelhoethof/appartement-1982709,"{'Woonkamer': ' Onbekend ', 'Keuken': ' Onbekend ', 'Badkamer': ' Onbekend ', 'Toilet': ' Onbekend ', 'Internet': ' Onbekend ', 'Energielabel': ' Onbekend ', 'Huisdieren': ' In overleg '}",
Loolaan,in Apeldoorn,38 m,Totaal 2 kamers,â‚¬ 730,p/m | excl. g/w/e,Gestoffeerd,01-09-2021,1 week geleden geplaatst,https://kamernet.nl/huren/appartement-apeldoorn/loolaan/appartement-1982706,"{'Woonkamer': ' Onbekend ', 'Keuken': ' Onbekend ', 'Badkamer': ' Onbekend ', 'Toilet': ' Onbekend ', 'Internet': ' Onbekend ', 'Energielabel': ' Onbekend ', 'Huisdieren': ' In overleg '}",
Nieuwstraat,in Apeldoorn,52 m,Totaal 3 kamers,â‚¬ 775,p/m | excl. g/w/e,Gestoffeerd,01-09-2021,1 week geleden geplaatst,https://kamernet.nl/huren/appartement-apeldoorn/nieuwstraat/appartement-1982705,"{'Woonkamer': ' Onbekend ', 'Keuken': ' Onbekend ', 'Badkamer': ' Onbekend ', 'Toilet': ' Onbekend ', 'Internet': ' Onbekend ', 'Energielabel': ' Onbekend ', 'Huisdieren': ' In overleg '}",
Pannesheiderstraat,in Kerkrade,18 m,,â‚¬ 300,p/m | excl. g/w/e,Gestoffeerd,25-08-2021,1 week geleden geplaatst,https://kamernet.nl/huren/kamer-kerkrade/pannesheiderstraat/kamer-1982703,"{'Woonkamer': ' Onbekend ', 'Keuken': ' Onbekend ', 'Badkamer': ' Onbekend ', 'Toilet': ' Onbekend ', 'Internet': ' Onbekend ', 'Energielabel': ' Onbekend ', 'Huisgenoten': '  Onbekend  ', 'Geslacht': ' Onbekend ', 'Huisdieren': ' In overleg '}",
E. du Perronlaan,in Delft,16 m,,â‚¬ 330,p/m | incl. g/w/e,Kaal,01-10-2021,6 dagen geleden geplaatst,https://kamernet.nl/huren/kamer-delft/e.-du-perronlaan/kamer-1983183,"{'Woonkamer': ' Gedeeld ', 'Keuken': ' Gedeeld ', 'Badkamer': ' Gedeeld ', 'Toilet': ' Gedeeld ', 'Internet': ' Ja ', 'Energielabel': ' Onbekend ', 'Huisgenoten': '  2 ', 'Geslacht': ' Onbekend ', 'Huisdieren': ' Nee '}",
Leonardusplein,in Beek en Donk,50 m,Totaal 1 kamer,â‚¬ 317,p/m | excl. g/w/e,Kaal,25-08-2021,1 week geleden geplaatst,https://kamernet.nl/huren/appartement-beek-en-donk/leonardusplein/appartement-1982666,"{'Woonkamer': ' Onbekend ', 'Keuken': ' Onbekend ', 'Badkamer': ' Onbekend ', 'Toilet': ' Onbekend ', 'Internet': ' Onbekend ', 'Energielabel': ' Onbekend ', 'Huisdieren': ' In overleg '}",
Oppenheimstraat,in Groningen,11 m,Totale oppervlakte: 37 m 2,â‚¬ 354,p/m | excl. g/w/e,Gestoffeerd,01-09-2021,1 week geleden geplaatst,https://kamernet.nl/huren/kamer-groningen/oppenheimstraat/kamer-1856846,"{'Woonkamer': ' Gedeeld ', 'Keuken': ' Gedeeld ', 'Badkamer': ' Gedeeld ', 'Toilet': ' Gedeeld ', 'Internet': ' Ja ', 'Energielabel': ' Onbekend ', 'Huisgenoten': '  2 ', 'Geslacht': ' Vrouw ', 'Huisdieren': ' Nee '}",
Achterberghstraat,in Boxtel,20 m,,â‚¬ 355,p/m | incl. g/w/e,Kaal,25-08-2021,1 week geleden geplaatst,https://kamernet.nl/huren/kamer-boxtel/achterberghstraat/kamer-1982663,"{'Woonkamer': ' Onbekend ', 'Keuken': ' Onbekend ', 'Badkamer': ' Onbekend ', 'Toilet': ' Onbekend ', 'Internet': ' Onbekend ', 'Energielabel': ' Onbekend ', 'Huisgenoten': '  Onbekend  ', 'Geslacht': ' Onbekend ', 'Huisdieren': ' In overleg '}",
Jan Stevensstraat,in Helmond,90 m,Totaal 3 kamers,â‚¬ 105,p/m | excl. g/w/e,Kaal,25-08-2021,1 week geleden geplaatst,https://kamernet.nl/huren/appartement-helmond/jan-stevensstraat/appartement-1982659,"{'Woonkamer': ' Onbekend ', 'Keuken': ' Onbekend ', 'Badkamer': ' Onbekend ', 'Toilet': ' Onbekend ', 'Internet': ' Onbekend ', 'Energielabel': ' Onbekend ', 'Huisdieren': ' In overleg '}",
Bakelsedijk,in Helmond,14 m,,â‚¬ 298,p/m | incl. g/w/e,Kaal,25-08-2021,1 week geleden geplaatst,https://kamernet.nl/huren/kamer-helmond/bakelsedijk/kamer-1982658,"{'Woonkamer': ' Onbekend ', 'Keuken': ' Onbekend ', 'Badkamer': ' Onbekend ', 'Toilet': ' Onbekend ', 'Internet': ' Onbekend ', 'Energielabel': ' Onbekend ', 'Huisgenoten': '  Onbekend  ', 'Geslacht': ' Onbekend ', 'Huisdieren': ' In overleg '}",
Westerstraat,in Sassenheim,77 m,,â‚¬ 105,p/m | excl. g/w/e,Kaal,25-08-2021,1 week geleden geplaatst,https://kamernet.nl/huren/kamer-sassenheim/westerstraat/kamer-1982664,"{'Woonkamer': ' Onbekend ', 'Keuken': ' Onbekend ', 'Badkamer': ' Onbekend ', 'Toilet': ' Onbekend ', 'Internet': ' Onbekend ', 'Energielabel': ' Onbekend ', 'Huisgenoten': '  Onbekend  ', 'Geslacht': ' Onbekend ', 'Huisdieren': ' In overleg '}",
G.J. van Heekstraat,in Enschede,15 m,,â‚¬ 221,p/m | excl. g/w/e,Gestoffeerd,15-09-2021,1 week geleden geplaatst,https://kamernet.nl/huren/kamer-enschede/g.j.-van-heekstraat/kamer-1982646,"{'Woonkamer': ' Geen ', 'Keuken': ' Gedeeld ', 'Badkamer': ' Gedeeld ', 'Toilet': ' Gedeeld ', 'Internet': ' Ja ', 'Energielabel': ' Onbekend ', 'Huisgenoten': '  3 ', 'Geslacht': ' Gemengd ', 'Huisdieren': ' Nee '}",
Lijnbaansgracht,in Amsterdam,45 m,Totaal 2 kamers (1 slaapkamer) ,â‚¬ 1600,p/m | excl. g/w/e,Gestoffeerd,01-09-2021,1 week geleden geplaatst,https://kamernet.nl/huren/appartement-amsterdam/lijnbaansgracht/appartement-1982798,"{'Woonkamer': ' Eigen ', 'Keuken': ' Eigen ', 'Badkamer': ' Eigen ', 'Toilet': ' Eigen ', 'Internet': ' Onbekend ', 'Energielabel': ' Onbekend ', 'Huisdieren': ' Nee '}",
Deurningerstraat,in Enschede,15 m,Totale oppervlakte: 75 m 2,â‚¬ 350,p/m | incl. g/w/e,Gestoffeerd,01-10-2021,1 week geleden geplaatst,https://kamernet.nl/huren/kamer-enschede/deurningerstraat/kamer-1982806,"{'Woonkamer': ' Gedeeld ', 'Keuken': ' Gedeeld ', 'Badkamer': ' Gedeeld ', 'Toilet': ' Gedeeld ', 'Internet': ' Ja ', 'Energielabel': ' Onbekend ', 'Huisgenoten': '  5 ', 'Geslacht': ' Gemengd ', 'Huisdieren': ' Nee '}",
Copernicusstraat,in Den Haag,57 m,,â‚¬ 895,p/m | excl. g/w/e,Gestoffeerd,25-08-2021,1 week geleden geplaatst,https://kamernet.nl/huren/kamer-den-haag/copernicusstraat/kamer-1982817,"{'Woonkamer': ' Eigen ', 'Keuken': ' Eigen ', 'Badkamer': ' Eigen ', 'Toilet': ' Eigen ', 'Internet': ' Nee ', 'Energielabel': ' Onbekend ', 'Huisgenoten': '  1 ', 'Geslacht': ' Vrouw ', 'Huisdieren': ' Nee '}",
Rosendaalsestraat,in Arnhem,17 m,,â‚¬ 386,p/m | incl. g/w/e,Gestoffeerd,01-09-2021,1 week geleden geplaatst,https://kamernet.nl/huren/kamer-arnhem/rosendaalsestraat/kamer-1982849,"{'Woonkamer': ' Geen ', 'Keuken': ' Gedeeld ', 'Badkamer': ' Gedeeld ', 'Toilet': ' Gedeeld ', 'Internet': ' Ja ', 'Energielabel': ' D ', 'Huisgenoten': '  4  ', 'Geslacht': ' Man ', 'Huisdieren': ' Nee '}",
Stationsplein,in Roosendaal,57 m,Totaal 1 kamer,â‚¬ 775,p/m | excl. g/w/e,Gestoffeerd,01-09-2021,1 week geleden geplaatst,https://kamernet.nl/huren/appartement-roosendaal/stationsplein/appartement-1982655,"{'Woonkamer': ' Onbekend ', 'Keuken': ' Onbekend ', 'Badkamer': ' Onbekend ', 'Toilet': ' Onbekend ', 'Internet': ' Onbekend ', 'Energielabel': ' Onbekend ', 'Huisdieren': ' In overleg '}",
Bos en Lommerplantsoen,in Amsterdam,35 m,,â‚¬ 1100,p/m | excl. g/w/e,Gestoffeerd,25-08-2021,1 week geleden geplaatst,https://kamernet.nl/huren/studio-amsterdam/bos-en-lommerplantsoen/studio-1982739,"{'Woonkamer': ' Onbekend ', 'Keuken': ' Onbekend ', 'Badkamer': ' Onbekend ', 'Toilet': ' Onbekend ', 'Internet': ' Ja ', 'Energielabel': ' Onbekend ', 'Huisdieren': ' In overleg '}",
Vaartdreef,in Zoetermeer,24 m,,â‚¬ 264,p/m | incl. g/w/e,Kaal,25-08-2021,1 week geleden geplaatst,https://kamernet.nl/huren/appartement-zoetermeer/vaartdreef/appartement-1982662,"{'Woonkamer': ' Onbekend ', 'Keuken': ' Onbekend ', 'Badkamer': ' Onbekend ', 'Toilet': ' Onbekend ', 'Internet': ' Ja ', 'Energielabel': ' Onbekend ', 'Huisdieren': ' In overleg '}",
Spaanse Aakstraat,in Groningen,10 m,,â‚¬ 307,p/m | incl. g/w/e,Gestoffeerd,01-10-2021 tot 31-03-2022,1 week geleden geplaatst,https://kamernet.nl/huren/kamer-groningen/spaanse-aakstraat/kamer-1982820,"{'Woonkamer': ' Gedeeld ', 'Keuken': ' Gedeeld ', 'Badkamer': ' Gedeeld ', 'Toilet': ' Gedeeld ', 'Internet': ' Ja ', 'Energielabel': ' Onbekend ', 'Huisgenoten': '  2 ', 'Geslacht': ' Vrouw ', 'Huisdieren': ' Nee '}",
Bogortuin,in Amsterdam,103 m,,â‚¬ 1950,p/m | excl. g/w/e,Gestoffeerd,01-09-2021,1 week geleden geplaatst,https://kamernet.nl/huren/appartement-amsterdam/bogortuin/appartement-1982736,"{'Woonkamer': ' Onbekend ', 'Keuken': ' Onbekend ', 'Badkamer': ' Onbekend ', 'Toilet': ' Onbekend ', 'Internet': ' Ja ', 'Energielabel': ' Onbekend ', 'Huisdieren': ' In overleg '}",
Overtoom,in Amsterdam,175 m,,â‚¬ 3500,p/m | excl. g/w/e,Gemeubileerd,25-08-2021,1 week geleden geplaatst,https://kamernet.nl/huren/appartement-amsterdam/overtoom/appartement-1982732,"{'Woonkamer': ' Onbekend ', 'Keuken': ' Onbekend ', 'Badkamer': ' Onbekend ', 'Toilet': ' Onbekend ', 'Internet': ' Ja ', 'Energielabel': ' Onbekend ', 'Huisdieren': ' In overleg '}",
Ruigeweg,in Sint Maartensbrug,65 m,,â‚¬ 900,p/m | excl. g/w/e,Gemeubileerd,01-10-2021,1 week geleden geplaatst,https://kamernet.nl/huren/appartement-sint-maartensbrug/ruigeweg/appartement-1982731,"{'Woonkamer': ' Onbekend ', 'Keuken': ' Onbekend ', 'Badkamer': ' Onbekend ', 'Toilet': ' Onbekend ', 'Internet': ' Onbekend ', 'Energielabel': ' Onbekend ', 'Huisdieren': ' In overleg '}",
Fien de la Marstraat,in Castricum,71 m,,â‚¬ 1250,p/m | excl. g/w/e,Gemeubileerd,01-09-2021,1 week geleden geplaatst,https://kamernet.nl/huren/appartement-castricum/fien-de-la-marstraat/appartement-1982730,"{'Woonkamer': ' Onbekend ', 'Keuken': ' Onbekend ', 'Badkamer': ' Onbekend ', 'Toilet': ' Onbekend ', 'Internet': ' Onbekend ', 'Energielabel': ' Onbekend ', 'Huisdieren': ' In overleg '}",
Rechtestraat,in De Rijp,80 m,,â‚¬ 1395,p/m | excl. g/w/e,Gestoffeerd,15-10-2021,1 week geleden geplaatst,https://kamernet.nl/huren/appartement-de-rijp/rechtestraat/appartement-1982729,"{'Woonkamer': ' Onbekend ', 'Keuken': ' Onbekend ', 'Badkamer': ' Onbekend ', 'Toilet': ' Onbekend ', 'Internet': ' Onbekend ', 'Energielabel': ' Onbekend ', 'Huisdieren': ' In overleg '}",
Advocaatpeer,in Winkel,121 m,,â‚¬ 1650,p/m | excl. g/w/e,Gemeubileerd,25-08-2021,1 week geleden geplaatst,https://kamernet.nl/huren/appartement-winkel/advocaatpeer/appartement-1982728,"{'Woonkamer': ' Onbekend ', 'Keuken': ' Onbekend ', 'Badkamer': ' Onbekend ', 'Toilet': ' Onbekend ', 'Internet': ' Onbekend ', 'Energielabel': ' Onbekend ', 'Huisdieren': ' In overleg '}",
Willem Dudokhof,in Diemen,61 m,,â‚¬ 1475,p/m | excl. g/w/e,Gestoffeerd,01-10-2021,1 week geleden geplaatst,https://kamernet.nl/huren/appartement-diemen/willem-dudokhof/appartement-1982734,"{'Woonkamer': ' Onbekend ', 'Keuken': ' Onbekend ', 'Badkamer': ' Onbekend ', 'Toilet': ' Onbekend ', 'Internet': ' Ja ', 'Energielabel': ' Onbekend ', 'Huisdieren': ' In overleg '}",
Raadhuisstraat,in Oudorp,21 m,,â‚¬ 875,p/m | incl. g/w/e,Gemeubileerd,01-10-2021,1 week geleden geplaatst,https://kamernet.nl/huren/appartement-oudorp/raadhuisstraat/appartement-1982726,"{'Woonkamer': ' Onbekend ', 'Keuken': ' Onbekend ', 'Badkamer': ' Onbekend ', 'Toilet': ' Onbekend ', 'Internet': ' Onbekend ', 'Energielabel': ' Onbekend ', 'Huisdieren': ' In overleg '}",
Archimedesweg,in Amsterdam,195 m,,â‚¬ 4500,p/m | excl. g/w/e,Gestoffeerd,01-10-2021,1 week geleden geplaatst,https://kamernet.nl/huren/appartement-amsterdam/archimedesweg/appartement-1982737,"{'Woonkamer': ' Onbekend ', 'Keuken': ' Onbekend ', 'Badkamer': ' Onbekend ', 'Toilet': ' Onbekend ', 'Internet': ' Onbekend ', 'Energielabel': ' Onbekend ', 'Huisdieren': ' In overleg '}",
Oude Ebbingestraat,in Groningen,10 m,,â‚¬ 330,p/m | incl. g/w/e,Gestoffeerd,01-12-2021,1 week geleden geplaatst,https://kamernet.nl/huren/kamer-groningen/oude-ebbingestraat/kamer-1983006,"{'Woonkamer': ' Geen ', 'Keuken': ' Gedeeld ', 'Badkamer': ' Gedeeld ', 'Toilet': ' Gedeeld ', 'Internet': ' Ja ', 'Energielabel': ' Onbekend ', 'Huisgenoten': '  5 ', 'Geslacht': ' Gemengd ', 'Huisdieren': ' Nee '}",
Lange Putstraat,in Den Bosch,90 m,Totaal 2 kamers,â‚¬ 1295,p/m | excl. g/w/e,Gestoffeerd,25-08-2021,1 week geleden geplaatst,https://kamernet.nl/huren/appartement-den-bosch/lange-putstraat/appartement-1982716,"{'Woonkamer': ' Onbekend ', 'Keuken': ' Onbekend ', 'Badkamer': ' Onbekend ', 'Toilet': ' Onbekend ', 'Internet': ' Onbekend ', 'Energielabel': ' Onbekend ', 'Huisdieren': ' In overleg '}",
Westfriesedijk,in Warmenhuizen,90 m,,â‚¬ 1500,p/m | excl. g/w/e,Gemeubileerd,01-09-2021,1 week geleden geplaatst,https://kamernet.nl/huren/appartement-warmenhuizen/westfriesedijk/appartement-1982727,"{'Woonkamer': ' Onbekend ', 'Keuken': ' Onbekend ', 'Badkamer': ' Onbekend ', 'Toilet': ' Onbekend ', 'Internet': ' Onbekend ', 'Energielabel': ' Onbekend ', 'Huisdieren': ' In overleg '}",
Geertsemastraat,in Rotterdam,15 m,Totale oppervlakte: 20 m 2,â‚¬ 375,p/m | incl. g/w/e,Kaal,01-09-2021,1 week geleden geplaatst,https://kamernet.nl/huren/kamer-rotterdam/geertsemastraat/kamer-1982648,"{'Woonkamer': ' Gedeeld ', 'Keuken': ' Gedeeld ', 'Badkamer': ' Gedeeld ', 'Toilet': ' Gedeeld ', 'Internet': ' Ja ', 'Energielabel': ' Onbekend ', 'Huisgenoten': '  2 ', 'Geslacht': ' Man ', 'Huisdieren': ' Nee '}",
Lipperkerkstraat,in Enschede,17 m,,â‚¬ 305,p/m | incl. g/w/e,Gestoffeerd,25-08-2021,1 week geleden geplaatst,https://kamernet.nl/huren/kamer-enschede/lipperkerkstraat/kamer-1982832,"{'Woonkamer': ' Gedeeld ', 'Keuken': ' Gedeeld ', 'Badkamer': ' Gedeeld ', 'Toilet': ' Gedeeld ', 'Internet': ' Ja ', 'Energielabel': ' G ', 'Huisgenoten': '  4  ', 'Geslacht': ' Man ', 'Huisdieren': ' In overleg '}",
2e Atjehstraat,in Utrecht,35 m,Totaal 2 kamers (1 slaapkamer) ,â‚¬ 875,p/m | excl. g/w/e,Gestoffeerd,01-09-2021,1 week geleden geplaatst,https://kamernet.nl/huren/appartement-utrecht/2e-atjehstraat/appartement-1982837,"{'Woonkamer': ' Eigen ', 'Keuken': ' Eigen ', 'Badkamer': ' Eigen ', 'Toilet': ' Eigen ', 'Internet': ' Ja ', 'Energielabel': ' Onbekend ', 'Huisdieren': ' In overleg '}",
G.J. van Heekstraat,in Enschede,8 m,,â‚¬ 285,p/m | incl. g/w/e,Gestoffeerd,01-09-2021,1 week geleden geplaatst,https://kamernet.nl/huren/kamer-enschede/g.j.-van-heekstraat/kamer-1982822,"{'Woonkamer': ' Gedeeld ', 'Keuken': ' Gedeeld ', 'Badkamer': ' Gedeeld ', 'Toilet': ' Gedeeld ', 'Internet': ' Ja ', 'Energielabel': ' Onbekend ', 'Huisgenoten': '  4  ', 'Geslacht': ' Onbekend ', 'Huisdieren': ' Nee '}",
Dordtse Straat,in St.-Annaparochie,50 m,Totaal 2 kamers (1 slaapkamer) ,â‚¬ 700,p/m | excl. g/w/e,Gestoffeerd,01-09-2021,1 week geleden geplaatst,https://kamernet.nl/huren/appartement-st.-annaparochie/dordtse-straat/appartement-1982845,"{'Woonkamer': ' Eigen ', 'Keuken': ' Eigen ', 'Badkamer': ' Eigen ', 'Toilet': ' Eigen ', 'Internet': ' Onbekend ', 'Energielabel': ' Onbekend ', 'Huisdieren': ' Nee '}",
Hastelweg,in Eindhoven,25 m,,â‚¬ 650,p/m | incl. g/w/e,Gestoffeerd,25-08-2021,1 week geleden geplaatst,https://kamernet.nl/huren/studio-eindhoven/hastelweg/studio-1982852,"{'Woonkamer': ' Gedeeld ', 'Keuken': ' Gedeeld ', 'Badkamer': ' Gedeeld ', 'Toilet': ' Gedeeld ', 'Internet': ' Ja ', 'Energielabel': ' Onbekend ', 'Huisdieren': ' Nee '}",
Smildestraat,in Almere,20 m,Totale oppervlakte: 150 m 2,â‚¬ 675,p/m | incl. g/w/e,Gemeubileerd,25-08-2021,1 week geleden geplaatst,https://kamernet.nl/huren/kamer-almere/smildestraat/kamer-1982856,"{'Woonkamer': ' Gedeeld ', 'Keuken': ' Gedeeld ', 'Badkamer': ' Gedeeld ', 'Toilet': ' Gedeeld ', 'Internet': ' Ja ', 'Energielabel': ' Onbekend ', 'Huisgenoten': '  2 ', 'Geslacht': ' Gemengd ', 'Huisdieren': ' In overleg '}",
Rosendaalsestraat,in Arnhem,20 m,,â‚¬ 399,p/m | incl. g/w/e,Gestoffeerd,01-09-2021,1 week geleden geplaatst,https://kamernet.nl/huren/kamer-arnhem/rosendaalsestraat/kamer-1982858,"{'Woonkamer': ' Geen ', 'Keuken': ' Gedeeld ', 'Badkamer': ' Gedeeld ', 'Toilet': ' Gedeeld ', 'Internet': ' Ja ', 'Energielabel': ' D ', 'Huisgenoten': '  4  ', 'Geslacht': ' Man ', 'Huisdieren': ' Nee '}",
Sonoystraat,in Arnhem,12 m,Totale oppervlakte: 100 m 2,â‚¬ 380,p/m | incl. g/w/e,Gemeubileerd,20-09-2021,1 week geleden geplaatst,https://kamernet.nl/huren/kamer-arnhem/sonoystraat/kamer-1982860,"{'Woonkamer': ' Geen ', 'Keuken': ' Gedeeld ', 'Badkamer': ' Gedeeld ', 'Toilet': ' Gedeeld ', 'Internet': ' Ja ', 'Energielabel': ' Onbekend ', 'Huisgenoten': '  5 ', 'Geslacht': ' Gemengd ', 'Huisdieren': ' Nee '}",
Graaf Florisstraat,in Rotterdam,24 m,,â‚¬ 380,p/m | incl. g/w/e,Gestoffeerd,16-09-2021,1 week geleden geplaatst,https://kamernet.nl/huren/kamer-rotterdam/graaf-florisstraat/kamer-1982847,"{'Woonkamer': ' Geen ', 'Keuken': ' Gedeeld ', 'Badkamer': ' Gedeeld ', 'Toilet': ' Gedeeld ', 'Internet': ' Ja ', 'Energielabel': ' Onbekend ', 'Huisgenoten': '  Meer dan 8 ', 'Geslacht': ' Gemengd ', 'Huisdieren': ' Nee '}",
Siriusstraat,in Groningen,12 m,,â‚¬ 300,p/m | incl. g/w/e,Gestoffeerd,01-09-2021,1 week geleden geplaatst,https://kamernet.nl/huren/kamer-groningen/siriusstraat/kamer-1982859,"{'Woonkamer': ' Gedeeld ', 'Keuken': ' Gedeeld ', 'Badkamer': ' Gedeeld ', 'Toilet': ' Gedeeld ', 'Internet': ' Ja ', 'Energielabel': ' Onbekend ', 'Huisgenoten': '  3 ', 'Geslacht': ' Gemengd ', 'Huisdieren': ' Nee '}",
Bosboom-Toussaintplein,in Delft,10 m,,â‚¬ 350,p/m | incl. g/w/e,Gestoffeerd,30-08-2021,1 week geleden geplaatst,https://kamernet.nl/huren/kamer-delft/bosboom-toussaintplein/kamer-1982853,"{'Woonkamer': ' Gedeeld ', 'Keuken': ' Gedeeld ', 'Badkamer': ' Gedeeld ', 'Toilet': ' Gedeeld ', 'Internet': ' Ja ', 'Energielabel': ' Onbekend ', 'Huisgenoten': '  2 ', 'Geslacht': ' Man ', 'Huisdieren': ' Nee '}",
Kortekade,in Rotterdam,45 m,Totaal 2 kamers (1 slaapkamer) ,â‚¬ 995,p/m | excl. g/w/e,Gestoffeerd,01-10-2021,1 week geleden geplaatst,https://kamernet.nl/huren/appartement-rotterdam/kortekade/appartement-1982862,"{'Woonkamer': ' Eigen ', 'Keuken': ' Eigen ', 'Badkamer': ' Eigen ', 'Toilet': ' Eigen ', 'Internet': ' Nee ', 'Energielabel': ' Onbekend ', 'Huisdieren': ' Nee '}",
Hudsonlaan,in Den Bosch,73 m,Totaal 3 kamers,â‚¬ 1195,p/m | excl. g/w/e,Gestoffeerd,06-09-2021,1 week geleden geplaatst,https://kamernet.nl/huren/appartement-den-bosch/hudsonlaan/appartement-1982717,"{'Woonkamer': ' Onbekend ', 'Keuken': ' Onbekend ', 'Badkamer': ' Onbekend ', 'Toilet': ' Onbekend ', 'Internet': ' Onbekend ', 'Energielabel': ' Onbekend ', 'Huisdieren': ' In overleg '}",
Lange Bogaardstraat,in Haarlem,114 m,Totaal 3 kamers (2 slaapkamers) ,â‚¬ 1595,p/m | excl. g/w/e,Gestoffeerd,25-08-2021,1 week geleden geplaatst,https://kamernet.nl/huren/appartement-haarlem/lange-bogaardstraat/appartement-1982875,"{'Woonkamer': ' Eigen ', 'Keuken': ' Eigen ', 'Badkamer': ' Eigen ', 'Toilet': ' Eigen ', 'Internet': ' Nee ', 'Energielabel': ' D ', 'Huisdieren': ' Nee '}",
Steenhouwerskade,in Groningen,26 m,Totaal 1 kamer (1 slaapkamer) ,â‚¬ 825,p/m | incl. g/w/e,Gestoffeerd,01-09-2021,1 week geleden geplaatst,https://kamernet.nl/huren/studio-groningen/steenhouwerskade/studio-1982873,"{'Woonkamer': ' Eigen ', 'Keuken': ' Eigen ', 'Badkamer': ' Eigen ', 'Toilet': ' Eigen ', 'Internet': ' Onbekend ', 'Energielabel': ' A ', 'Huisdieren': ' Nee '}",
Oude Vlijmenseweg,in Den Bosch,90 m,Totaal 3 kamers,â‚¬ 1250,p/m | excl. g/w/e,Gestoffeerd,25-08-2021,1 week geleden geplaatst,https://kamernet.nl/huren/appartement-den-bosch/oude-vlijmenseweg/appartement-1982715,"{'Woonkamer': ' Onbekend ', 'Keuken': ' Onbekend ', 'Badkamer': ' Onbekend ', 'Toilet': ' Onbekend ', 'Internet': ' Onbekend ', 'Energielabel': ' Onbekend ', 'Huisdieren': ' In overleg '}",
Orthenstraat,in Den Bosch,51 m,Totaal 2 kamers,â‚¬ 1195,p/m | excl. g/w/e,Gestoffeerd,01-09-2021,1 week geleden geplaatst,https://kamernet.nl/huren/appartement-den-bosch/orthenstraat/appartement-1982714,"{'Woonkamer': ' Onbekend ', 'Keuken': ' Onbekend ', 'Badkamer': ' Onbekend ', 'Toilet': ' Onbekend ', 'Internet': ' Onbekend ', 'Energielabel': ' Onbekend ', 'Huisdieren': ' In overleg '}",
Eekbrouwersweg,in Den Bosch,100 m,Totaal 3 kamers,â‚¬ 1395,p/m | excl. g/w/e,Gestoffeerd,01-10-2021,1 week geleden geplaatst,https://kamernet.nl/huren/appartement-den-bosch/eekbrouwersweg/appartement-1982713,"{'Woonkamer': ' Onbekend ', 'Keuken': ' Onbekend ', 'Badkamer': ' Onbekend ', 'Toilet': ' Onbekend ', 'Internet': ' Onbekend ', 'Energielabel': ' Onbekend ', 'Huisdieren': ' In overleg '}",
St. Antonielaan,in Arnhem,60 m,Totaal 2 kamers,â‚¬ 800,p/m | excl. g/w/e,Gestoffeerd,15-09-2021,1 week geleden geplaatst,https://kamernet.nl/huren/appartement-arnhem/st.-antonielaan/appartement-1982712,"{'Woonkamer': ' Onbekend ', 'Keuken': ' Onbekend ', 'Badkamer': ' Onbekend ', 'Toilet': ' Onbekend ', 'Internet': ' Onbekend ', 'Energielabel': ' Onbekend ', 'Huisdieren': ' In overleg '}",
Javakade,in Amsterdam,114 m,,â‚¬ 2150,p/m | excl. g/w/e,Gestoffeerd,25-08-2021,1 week geleden geplaatst,https://kamernet.nl/huren/appartement-amsterdam/javakade/appartement-1982738,"{'Woonkamer': ' Onbekend ', 'Keuken': ' Onbekend ', 'Badkamer': ' Onbekend ', 'Toilet': ' Onbekend ', 'Internet': ' Ja ', 'Energielabel': ' Onbekend ', 'Huisdieren': ' In overleg '}",
Doornenburg,in Deventer,16 m,,â‚¬ 285,p/m | excl. g/w/e,Gestoffeerd,01-09-2021,1 week geleden geplaatst,https://kamernet.nl/huren/kamer-deventer/doornenburg/kamer-1982864,"{'Woonkamer': ' Eigen ', 'Keuken': ' Gedeeld ', 'Badkamer': ' Gedeeld ', 'Toilet': ' Gedeeld ', 'Internet': ' Ja ', 'Energielabel': ' C ', 'Huisgenoten': '  3 ', 'Geslacht': ' Gemengd ', 'Huisdieren': ' Nee '}",
Persijnlaan,in Delft,8 m,Totale oppervlakte: 54 m 2,â‚¬ 300,p/m | incl. g/w/e,Gestoffeerd,01-09-2021 tot 01-09-2022,1 week geleden geplaatst,https://kamernet.nl/huren/kamer-delft/persijnlaan/kamer-1982921,"{'Woonkamer': ' Gedeeld ', 'Keuken': ' Gedeeld ', 'Badkamer': ' Gedeeld ', 'Toilet': ' Gedeeld ', 'Internet': ' Ja ', 'Energielabel': ' Onbekend ', 'Huisgenoten': '  Onbekend  ', 'Geslacht': ' Onbekend ', 'Huisdieren': ' Nee '}",
Willem II-straat,in Tilburg,45 m,Totaal 2 kamers (1 slaapkamer) ,â‚¬ 925,p/m | excl. g/w/e,Gestoffeerd,01-09-2021,1 week geleden geplaatst,https://kamernet.nl/huren/appartement-tilburg/willem-ii-straat/appartement-1982887,"{'Woonkamer': ' Eigen ', 'Keuken': ' Eigen ', 'Badkamer': ' Eigen ', 'Toilet': ' Eigen ', 'Internet': ' Ja ', 'Energielabel': ' Onbekend ', 'Huisdieren': ' Nee '}",
Theresiastraat,in Delft,9 m,,â‚¬ 400,p/m | incl. g/w/e,Gemeubileerd,01-09-2021 tot 31-12-2021,1 week geleden geplaatst,https://kamernet.nl/huren/kamer-delft/theresiastraat/kamer-1982830,"{'Woonkamer': ' Geen ', 'Keuken': ' Gedeeld ', 'Badkamer': ' Gedeeld ', 'Toilet': ' Gedeeld ', 'Internet': ' Ja ', 'Energielabel': ' Onbekend ', 'Huisgenoten': '  1 ', 'Geslacht': ' Man ', 'Huisdieren': ' Nee '}",
Sint-Agathastraat,in Rotterdam,16 m,,â‚¬ 525,p/m | incl. g/w/e,Gestoffeerd,25-08-2021,1 week geleden geplaatst,https://kamernet.nl/huren/kamer-rotterdam/sint-agathastraat/kamer-1982917,"{'Woonkamer': ' Geen ', 'Keuken': ' Gedeeld ', 'Badkamer': ' Gedeeld ', 'Toilet': ' Gedeeld ', 'Internet': ' Ja ', 'Energielabel': ' Onbekend ', 'Huisgenoten': '  3 ', 'Geslacht': ' Gemengd ', 'Huisdieren': ' Nee '}",
Hofgeest,in Amsterdam,14 m,,â‚¬ 600,p/m | incl. g/w/e,Gemeubileerd,01-10-2021,1 week geleden geplaatst,https://kamernet.nl/huren/kamer-amsterdam/hofgeest/kamer-1982927,"{'Woonkamer': ' Gedeeld ', 'Keuken': ' Gedeeld ', 'Badkamer': ' Gedeeld ', 'Toilet': ' Gedeeld ', 'Internet': ' Ja ', 'Energielabel': ' D ', 'Huisgenoten': '  4  ', 'Geslacht': ' Gemengd ', 'Huisdieren': ' Nee '}",
Schimmelpenninckstraat,in Delft,8 m,Totale oppervlakte: 60 m 2,â‚¬ 365,p/m | incl. g/w/e,Kaal,05-09-2021,1 week geleden geplaatst,https://kamernet.nl/huren/kamer-delft/schimmelpenninckstraat/kamer-1982897,"{'Woonkamer': ' Gedeeld ', 'Keuken': ' Gedeeld ', 'Badkamer': ' Gedeeld ', 'Toilet': ' Gedeeld ', 'Internet': ' Ja ', 'Energielabel': ' B ', 'Huisgenoten': '  2 ', 'Geslacht': ' Man ', 'Huisdieren': ' Nee '}",
Venuslaan,in Groningen,16 m,,â‚¬ 380,p/m | incl. g/w/e,Gestoffeerd,01-09-2021,1 week geleden geplaatst,https://kamernet.nl/huren/kamer-groningen/venuslaan/kamer-1982863,"{'Woonkamer': ' Eigen ', 'Keuken': ' Gedeeld ', 'Badkamer': ' Gedeeld ', 'Toilet': ' Gedeeld ', 'Internet': ' Ja ', 'Energielabel': ' Onbekend ', 'Huisgenoten': '  4  ', 'Geslacht': ' Gemengd ', 'Huisdieren': ' Nee '}",
Linnaeuslaan,in Aalsmeer,8 m,,â‚¬ 425,p/m | incl. g/w/e,Gemeubileerd,01-10-2021 tot 01-08-2022,1 week geleden geplaatst,https://kamernet.nl/huren/kamer-aalsmeer/linnaeuslaan/kamer-1982911,"{'Woonkamer': ' Gedeeld ', 'Keuken': ' Gedeeld ', 'Badkamer': ' Gedeeld ', 'Toilet': ' Gedeeld ', 'Internet': ' Ja ', 'Energielabel': ' Onbekend ', 'Huisgenoten': '  2 ', 'Geslacht': ' Gemengd ', 'Huisdieren': ' Nee '}",
Paul Krugerstraat,in Arnhem,17 m,,â‚¬ 395,p/m | incl. g/w/e,Gestoffeerd,01-10-2021,1 week geleden geplaatst,https://kamernet.nl/huren/kamer-arnhem/paul-krugerstraat/kamer-1982930,"{'Woonkamer': ' Eigen ', 'Keuken': ' Gedeeld ', 'Badkamer': ' Gedeeld ', 'Toilet': ' Gedeeld ', 'Internet': ' Ja ', 'Energielabel': ' Onbekend ', 'Huisgenoten': '  5 ', 'Geslacht': ' Man ', 'Huisdieren': ' Nee '}",
Vloeddijk,in Kampen,14 m,Totale oppervlakte: 40 m 2,â‚¬ 255,p/m | excl. g/w/e,Gestoffeerd,01-09-2021,1 week geleden geplaatst,https://kamernet.nl/huren/kamer-kampen/vloeddijk/kamer-1982991,"{'Woonkamer': ' Eigen ', 'Keuken': ' Gedeeld ', 'Badkamer': ' Gedeeld ', 'Toilet': ' Gedeeld ', 'Internet': ' Ja ', 'Energielabel': ' Onbekend ', 'Huisgenoten': '  4  ', 'Geslacht': ' Vrouw ', 'Huisdieren': ' Nee '}",
Eef Kamerbeekstraat,in Amsterdam,37 m,,â‚¬ 1450,p/m | excl. g/w/e,Gestoffeerd,27-08-2021,6 dagen geleden geplaatst,https://kamernet.nl/huren/studio-amsterdam/eef-kamerbeekstraat/studio-1983234,"{'Woonkamer': ' Onbekend ', 'Keuken': ' Onbekend ', 'Badkamer': ' Onbekend ', 'Toilet': ' Onbekend ', 'Internet': ' Ja ', 'Energielabel': ' Onbekend ', 'Huisdieren': ' Nee '}",
Maassluisstraat,in Amsterdam,68 m,Totaal 4 kamers (2 slaapkamers) ,â‚¬ 1400,p/m | incl. g/w/e,Gemeubileerd,01-09-2021 tot 01-03-2022,1 week geleden geplaatst,https://kamernet.nl/huren/appartement-amsterdam/maassluisstraat/appartement-1982909,"{'Woonkamer': ' Eigen ', 'Keuken': ' Eigen ', 'Badkamer': ' Eigen ', 'Toilet': ' Eigen ', 'Internet': ' Ja ', 'Energielabel': ' A ', 'Huisdieren': ' Nee '}",
Boterbloemstraat,in Amsterdam,85 m,,â‚¬ 1750,p/m | excl. g/w/e,Gestoffeerd,27-08-2021,6 dagen geleden geplaatst,https://kamernet.nl/huren/appartement-amsterdam/boterbloemstraat/appartement-1983236,"{'Woonkamer': ' Onbekend ', 'Keuken': ' Onbekend ', 'Badkamer': ' Onbekend ', 'Toilet': ' Onbekend ', 'Internet': ' Ja ', 'Energielabel': ' Onbekend ', 'Huisdieren': ' Nee '}",
Arent Janszoon Ernststraat,in Amsterdam,30 m,,â‚¬ 2000,p/m | excl. g/w/e,Gemeubileerd,27-08-2021,6 dagen geleden geplaatst,https://kamernet.nl/huren/studio-amsterdam/arent-janszoon-ernststraat/studio-1983239,"{'Woonkamer': ' Onbekend ', 'Keuken': ' Onbekend ', 'Badkamer': ' Onbekend ', 'Toilet': ' Onbekend ', 'Internet': ' Onbekend ', 'Energielabel': ' Onbekend ', 'Huisdieren': ' Nee '}",
Dommeringdreef,in Utrecht,18 m,,â‚¬ 494,p/m | incl. g/w/e,Gestoffeerd,29-08-2021,6 dagen geleden geplaatst,https://kamernet.nl/huren/kamer-utrecht/dommeringdreef/kamer-1983247,"{'Woonkamer': ' Gedeeld ', 'Keuken': ' Gedeeld ', 'Badkamer': ' Gedeeld ', 'Toilet': ' Gedeeld ', 'Internet': ' Ja ', 'Energielabel': ' Onbekend ', 'Huisgenoten': '  4  ', 'Geslacht': ' Gemengd ', 'Huisdieren': ' Nee '}",
M.P. Lindostraat,in Utrecht,30 m,Totaal 2 kamers (1 slaapkamer) ,â‚¬ 850,p/m | incl. g/w/e,Kaal,01-09-2021,6 dagen geleden geplaatst,https://kamernet.nl/huren/studio-utrecht/m.p.-lindostraat/studio-1983208,"{'Woonkamer': ' Geen ', 'Keuken': ' Eigen ', 'Badkamer': ' Eigen ', 'Toilet': ' Eigen ', 'Internet': ' Ja ', 'Energielabel': ' Onbekend ', 'Huisdieren': ' Nee '}",
Jupiterstraat,in Enschede,12 m,,â‚¬ 515,p/m | incl. g/w/e,Kaal,05-09-2021,6 dagen geleden geplaatst,https://kamernet.nl/huren/kamer-enschede/jupiterstraat/kamer-1983211,"{'Woonkamer': ' Gedeeld ', 'Keuken': ' Gedeeld ', 'Badkamer': ' Gedeeld ', 'Toilet': ' Gedeeld ', 'Internet': ' Ja ', 'Energielabel': ' Onbekend ', 'Huisgenoten': '  1 ', 'Geslacht': ' Man ', 'Huisdieren': ' Nee '}",
Kanaaldijk-Zuid,in Eindhoven,75 m,Totaal 2 kamers,â‚¬ 1650,p/m | excl. g/w/e,Gestoffeerd,01-10-2021,1 week geleden geplaatst,https://kamernet.nl/huren/appartement-eindhoven/kanaaldijk-zuid/appartement-1982978,"{'Woonkamer': ' Onbekend ', 'Keuken': ' Onbekend ', 'Badkamer': ' Onbekend ', 'Toilet': ' Onbekend ', 'Internet': ' Onbekend ', 'Energielabel': ' Onbekend ', 'Huisdieren': ' Nee '}",
Rechterstraat,in Boxtel,15 m,,â‚¬ 264,p/m | incl. g/w/e,Kaal,25-08-2021,1 week geleden geplaatst,https://kamernet.nl/huren/kamer-boxtel/rechterstraat/kamer-1982668,"{'Woonkamer': ' Onbekend ', 'Keuken': ' Onbekend ', 'Badkamer': ' Onbekend ', 'Toilet': ' Onbekend ', 'Internet': ' Onbekend ', 'Energielabel': ' Onbekend ', 'Huisgenoten': '  Onbekend  ', 'Geslacht': ' Onbekend ', 'Huisdieren': ' In overleg '}",
Oliemolensingel,in Enschede,20 m,,â‚¬ 260,p/m | incl. g/w/e,Gestoffeerd,27-08-2021,6 dagen geleden geplaatst,https://kamernet.nl/huren/kamer-enschede/oliemolensingel/kamer-1983220,"{'Woonkamer': ' Gedeeld ', 'Keuken': ' Gedeeld ', 'Badkamer': ' Gedeeld ', 'Toilet': ' Gedeeld ', 'Internet': ' Ja ', 'Energielabel': ' Onbekend ', 'Huisgenoten': '  5 ', 'Geslacht': ' Man ', 'Huisdieren': ' Nee '}",
Saffierlaan,in Utrecht,34 m,Totaal 1 kamer (1 slaapkamer) ,â‚¬ 600,p/m | incl. g/w/e,Gestoffeerd,26-08-2021 tot 01-02-2022,6 dagen geleden geplaatst,https://kamernet.nl/huren/studio-utrecht/saffierlaan/studio-1983204,"{'Woonkamer': ' Eigen ', 'Keuken': ' Eigen ', 'Badkamer': ' Eigen ', 'Toilet': ' Eigen ', 'Internet': ' Ja ', 'Energielabel': ' Onbekend ', 'Huisdieren': ' Ja '}",
Zandweg,in De Meern,16 m,Totale oppervlakte: 50 m 2,â‚¬ 700,p/m | incl. g/w/e,Gestoffeerd,31-08-2021 tot 01-08-2026,1 week geleden geplaatst,https://kamernet.nl/huren/kamer-de-meern/zandweg/kamer-1982966,"{'Woonkamer': ' Geen ', 'Keuken': ' Gedeeld ', 'Badkamer': ' Gedeeld ', 'Toilet': ' Gedeeld ', 'Internet': ' Ja ', 'Energielabel': ' D ', 'Huisgenoten': '  4  ', 'Geslacht': ' Gemengd ', 'Huisdieren': ' Nee '}",
Oude Bergerweg,in Bergen (NH),303 m,,â‚¬ 2500,p/m | excl. g/w/e,Gestoffeerd,26-08-2021,1 week geleden geplaatst,https://kamernet.nl/huren/appartement-bergen-(nh)/oude-bergerweg/appartement-1982979,"{'Woonkamer': ' Onbekend ', 'Keuken': ' Onbekend ', 'Badkamer': ' Onbekend ', 'Toilet': ' Onbekend ', 'Internet': ' Onbekend ', 'Energielabel': ' Onbekend ', 'Huisdieren': ' Nee '}",
Professor Kamerlingh Onneslaan,in Schiedam,85 m,Totaal 4 kamers (2 slaapkamers) ,â‚¬ 1250,p/m | excl. g/w/e,Gestoffeerd,01-09-2021,1 week geleden geplaatst,https://kamernet.nl/huren/appartement-schiedam/professor-kamerlingh-onneslaan/appartement-1983014,"{'Woonkamer': ' Eigen ', 'Keuken': ' Eigen ', 'Badkamer': ' Eigen ', 'Toilet': ' Eigen ', 'Internet': ' Ja ', 'Energielabel': ' Onbekend ', 'Huisdieren': ' Nee '}",
Noordeind,in Emmen,18 m,,â‚¬ 350,p/m | incl. g/w/e,Kaal,10-09-2021,1 week geleden geplaatst,https://kamernet.nl/huren/kamer-emmen/noordeind/kamer-1982970,"{'Woonkamer': ' Eigen ', 'Keuken': ' Gedeeld ', 'Badkamer': ' Gedeeld ', 'Toilet': ' Gedeeld ', 'Internet': ' Ja ', 'Energielabel': ' Onbekend ', 'Huisgenoten': '  2 ', 'Geslacht': ' Man ', 'Huisdieren': ' Nee '}",
Koningin Astrid Boulevard,in Noordwijk,50 m,,â‚¬ 995,p/m | excl. g/w/e,Gemeubileerd,26-08-2021,1 week geleden geplaatst,https://kamernet.nl/huren/appartement-noordwijk/koningin-astrid-boulevard/appartement-1982981,"{'Woonkamer': ' Onbekend ', 'Keuken': ' Onbekend ', 'Badkamer': ' Onbekend ', 'Toilet': ' Onbekend ', 'Internet': ' Onbekend ', 'Energielabel': ' Onbekend ', 'Huisdieren': ' Nee '}",
Zandkreekstraat,in Deventer,15 m,,â‚¬ 360,p/m | incl. g/w/e,Gestoffeerd,01-09-2021,1 week geleden geplaatst,https://kamernet.nl/huren/kamer-deventer/zandkreekstraat/kamer-1983003,"{'Woonkamer': ' Geen ', 'Keuken': ' Gedeeld ', 'Badkamer': ' Gedeeld ', 'Toilet': ' Gedeeld ', 'Internet': ' Ja ', 'Energielabel': ' Onbekend ', 'Huisgenoten': '  4  ', 'Geslacht': ' Gemengd ', 'Huisdieren': ' Nee '}",
Sint Jorisstraat,in Den Bosch,45 m,,â‚¬ 865,p/m | incl. g/w/e,Gestoffeerd,01-10-2021,1 week geleden geplaatst,https://kamernet.nl/huren/appartement-den-bosch/sint-jorisstraat/appartement-1983002,"{'Woonkamer': ' Eigen ', 'Keuken': ' Eigen ', 'Badkamer': ' Eigen ', 'Toilet': ' Eigen ', 'Internet': ' Ja ', 'Energielabel': ' G ', 'Huisdieren': ' Nee '}",
Koningstraat,in Beverwijk,13 m,Totaal 1 kamer,â‚¬ 475,p/m | excl. g/w/e,Gestoffeerd,26-08-2021,1 week geleden geplaatst,https://kamernet.nl/huren/appartement-beverwijk/koningstraat/appartement-1983016,"{'Woonkamer': ' Onbekend ', 'Keuken': ' Onbekend ', 'Badkamer': ' Onbekend ', 'Toilet': ' Onbekend ', 'Internet': ' Onbekend ', 'Energielabel': ' Onbekend ', 'Huisdieren': ' In overleg '}",
Molenkade,in Vinkeveen,70 m,Totaal 3 kamers,â‚¬ 1650,p/m | excl. g/w/e,Gemeubileerd,26-08-2021,1 week geleden geplaatst,https://kamernet.nl/huren/appartement-vinkeveen/molenkade/appartement-1983018,"{'Woonkamer': ' Onbekend ', 'Keuken': ' Onbekend ', 'Badkamer': ' Onbekend ', 'Toilet': ' Onbekend ', 'Internet': ' Onbekend ', 'Energielabel': ' Onbekend ', 'Huisdieren': ' Nee '}",
Jacques Veltmanstraat,in Amsterdam,83 m,Totaal 3 kamers,â‚¬ 1650,p/m | excl. g/w/e,Gemeubileerd,30-08-2021,1 week geleden geplaatst,https://kamernet.nl/huren/appartement-amsterdam/jacques-veltmanstraat/appartement-1983019,"{'Woonkamer': ' Onbekend ', 'Keuken': ' Onbekend ', 'Badkamer': ' Onbekend ', 'Toilet': ' Onbekend ', 'Internet': ' Onbekend ', 'Energielabel': ' Onbekend ', 'Huisdieren': ' In overleg '}",
Sint-Janstraat,in Rotterdam,12 m,,â‚¬ 750,p/m | incl. g/w/e,Gemeubileerd,27-08-2021,6 dagen geleden geplaatst,https://kamernet.nl/huren/kamer-rotterdam/sint-janstraat/kamer-1983216,"{'Woonkamer': ' Gedeeld ', 'Keuken': ' Gedeeld ', 'Badkamer': ' Gedeeld ', 'Toilet': ' Gedeeld ', 'Internet': ' Ja ', 'Energielabel': ' A ', 'Huisgenoten': '  3 ', 'Geslacht': ' Gemengd ', 'Huisdieren': ' Nee '}",
Drieerweg,in Ermelo,45 m,Totaal 2 kamers,â‚¬ 750,p/m | excl. g/w/e,Gestoffeerd,30-09-2021,1 week geleden geplaatst,https://kamernet.nl/huren/appartement-ermelo/drieerweg/appartement-1983021,"{'Woonkamer': ' Onbekend ', 'Keuken': ' Onbekend ', 'Badkamer': ' Onbekend ', 'Toilet': ' Onbekend ', 'Internet': ' Onbekend ', 'Energielabel': ' Onbekend ', 'Huisdieren': ' In overleg '}",
Palmbosweg,in Ermelo,66 m,Totaal 3 kamers,â‚¬ 850,p/m | excl. g/w/e,Gestoffeerd,26-08-2021,1 week geleden geplaatst,https://kamernet.nl/huren/appartement-ermelo/palmbosweg/appartement-1983020,"{'Woonkamer': ' Onbekend ', 'Keuken': ' Onbekend ', 'Badkamer': ' Onbekend ', 'Toilet': ' Onbekend ', 'Internet': ' Onbekend ', 'Energielabel': ' Onbekend ', 'Huisdieren': ' Nee '}",
Livingstonelaan,in Utrecht,85 m,Totaal 3 kamers,â‚¬ 2000,p/m | excl. g/w/e,Gemeubileerd,01-09-2021,1 week geleden geplaatst,https://kamernet.nl/huren/appartement-utrecht/livingstonelaan/appartement-1983023,"{'Woonkamer': ' Onbekend ', 'Keuken': ' Onbekend ', 'Badkamer': ' Onbekend ', 'Toilet': ' Onbekend ', 'Internet': ' Onbekend ', 'Energielabel': ' Onbekend ', 'Huisdieren': ' In overleg '}",
Van Musschenbroekstraat,in Den Haag,45 m,Totaal 2 kamers (1 slaapkamer) ,â‚¬ 990,p/m | excl. g/w/e,Gestoffeerd,01-09-2021,6 dagen geleden geplaatst,https://kamernet.nl/huren/appartement-den-haag/van-musschenbroekstraat/appartement-1983409,"{'Woonkamer': ' Eigen ', 'Keuken': ' Eigen ', 'Badkamer': ' Eigen ', 'Toilet': ' Eigen ', 'Internet': ' Nee ', 'Energielabel': ' B ', 'Huisdieren': ' Nee '}",
Ir G Friedhoffplein,in Zandvoort,75 m,Totaal 2 kamers (1 slaapkamer) ,â‚¬ 1500,p/m | excl. g/w/e,Gemeubileerd,01-11-2021 tot 01-03-2022,6 dagen geleden geplaatst,https://kamernet.nl/huren/appartement-zandvoort/ir-g-friedhoffplein/appartement-1983388,"{'Woonkamer': ' Eigen ', 'Keuken': ' Eigen ', 'Badkamer': ' Eigen ', 'Toilet': ' Eigen ', 'Internet': ' Ja ', 'Energielabel': ' Onbekend ', 'Huisdieren': ' Nee '}",
Jan Theuniszhof,in Amsterdam,9 m,,â‚¬ 450,p/m | incl. g/w/e,Gemeubileerd,27-08-2021,6 dagen geleden geplaatst,https://kamernet.nl/huren/kamer-amsterdam/jan-theuniszhof/kamer-1983385,"{'Woonkamer': ' Gedeeld ', 'Keuken': ' Gedeeld ', 'Badkamer': ' Gedeeld ', 'Toilet': ' Gedeeld ', 'Internet': ' Ja ', 'Energielabel': ' A ', 'Huisgenoten': '  2 ', 'Geslacht': ' Gemengd ', 'Huisdieren': ' Nee '}",
Luxemburglaan,in Beverwijk,25 m,,â‚¬ 499,p/m | incl. g/w/e,Gemeubileerd,01-09-2021 tot 28-02-2022,6 dagen geleden geplaatst,https://kamernet.nl/huren/kamer-beverwijk/luxemburglaan/kamer-1983403,"{'Woonkamer': ' Eigen ', 'Keuken': ' Eigen ', 'Badkamer': ' Gedeeld ', 'Toilet': ' Gedeeld ', 'Internet': ' Ja ', 'Energielabel': ' B ', 'Huisgenoten': '  3 ', 'Geslacht': ' Gemengd ', 'Huisdieren': ' In overleg '}",
Vrouwenlaan,in Zwolle,22 m,,â‚¬ 625,p/m | incl. g/w/e,Kaal,15-09-2021,6 dagen geleden geplaatst,https://kamernet.nl/huren/kamer-zwolle/vrouwenlaan/kamer-1983408,"{'Woonkamer': ' Eigen ', 'Keuken': ' Eigen ', 'Badkamer': ' Eigen ', 'Toilet': ' Gedeeld ', 'Internet': ' Ja ', 'Energielabel': ' Onbekend ', 'Huisgenoten': '  Onbekend  ', 'Geslacht': ' Vrouw ', 'Huisdieren': ' Nee '}",
Vrouwenlaan,in Zwolle,20 m,Totale oppervlakte: 2 m 2,â‚¬ 595,p/m | incl. g/w/e,Kaal,15-10-2021,6 dagen geleden geplaatst,https://kamernet.nl/huren/kamer-zwolle/vrouwenlaan/kamer-1983406,"{'Woonkamer': ' Eigen ', 'Keuken': ' Eigen ', 'Badkamer': ' Eigen ', 'Toilet': ' Gedeeld ', 'Internet': ' Ja ', 'Energielabel': ' Onbekend ', 'Huisgenoten': '  Onbekend  ', 'Geslacht': ' Onbekend ', 'Huisdieren': ' Nee '}",
Balkstreek,in Visvliet,25 m,,â‚¬ 600,p/m | excl. g/w/e,Gestoffeerd,01-10-2021 tot 31-08-2022,6 dagen geleden geplaatst,https://kamernet.nl/huren/kamer-visvliet/balkstreek/kamer-1983394,"{'Woonkamer': ' Gedeeld ', 'Keuken': ' Gedeeld ', 'Badkamer': ' Gedeeld ', 'Toilet': ' Gedeeld ', 'Internet': ' Ja ', 'Energielabel': ' Onbekend ', 'Huisgenoten': '  3 ', 'Geslacht': ' Vrouw ', 'Huisdieren': ' Nee '}",
Van Hasseltlaan,in Delft,20 m,,â‚¬ 330,p/m | incl. g/w/e,Kaal,27-09-2021,6 dagen geleden geplaatst,https://kamernet.nl/huren/kamer-delft/van-hasseltlaan/kamer-1983381,"{'Woonkamer': ' Gedeeld ', 'Keuken': ' Gedeeld ', 'Badkamer': ' Eigen ', 'Toilet': ' Eigen ', 'Internet': ' Ja ', 'Energielabel': ' Onbekend ', 'Huisgenoten': '  Meer dan 8 ', 'Geslacht': ' Gemengd ', 'Huisdieren': ' Nee '}",
Aletta Jacobsdreef,in Hoofddorp,18 m,,â‚¬ 520,p/m | incl. g/w/e,Gemeubileerd,01-10-2021,5 dagen geleden geplaatst,https://kamernet.nl/huren/kamer-hoofddorp/aletta-jacobsdreef/kamer-1983433,"{'Woonkamer': ' Geen ', 'Keuken': ' Gedeeld ', 'Badkamer': ' Gedeeld ', 'Toilet': ' Gedeeld ', 'Internet': ' Ja ', 'Energielabel': ' Onbekend ', 'Huisgenoten': '  4  ', 'Geslacht': ' Vrouw ', 'Huisdieren': ' Nee '}",
Haspengouw,in Geleen,64 m,Totaal 2 kamers,â‚¬ 955,p/m | excl. g/w/e,Kaal,01-10-2021,5 dagen geleden geplaatst,https://kamernet.nl/huren/appartement-geleen/haspengouw/appartement-1983446,"{'Woonkamer': ' Onbekend ', 'Keuken': ' Onbekend ', 'Badkamer': ' Onbekend ', 'Toilet': ' Onbekend ', 'Internet': ' Ja ', 'Energielabel': ' Onbekend ', 'Huisdieren': ' Nee '}",
Pastoor Smitsstraat,in Tilburg,70 m,Totaal 2 kamers,â‚¬ 1050,p/m | excl. g/w/e,Onbekend,28-08-2021,5 dagen geleden geplaatst,https://kamernet.nl/huren/appartement-tilburg/pastoor-smitsstraat/appartement-1983447,"{'Woonkamer': ' Onbekend ', 'Keuken': ' Onbekend ', 'Badkamer': ' Onbekend ', 'Toilet': ' Onbekend ', 'Internet': ' Onbekend ', 'Energielabel': ' Onbekend ', 'Huisdieren': ' Nee '}",
Pleinweg,in Rotterdam,60 m,Totaal 2 kamers (1 slaapkamer) ,â‚¬ 1000,p/m | incl. g/w/e,Gestoffeerd,25-08-2021,5 dagen geleden geplaatst,https://kamernet.nl/huren/studio-rotterdam/pleinweg/studio-1983441,"{'Woonkamer': ' Eigen ', 'Keuken': ' Eigen ', 'Badkamer': ' Eigen ', 'Toilet': ' Eigen ', 'Internet': ' Ja ', 'Energielabel': ' Onbekend ', 'Huisdieren': ' Ja '}",
Krelagestraat,in Haarlem,20 m,,â‚¬ 550,p/m | incl. g/w/e,Gestoffeerd,30-08-2021,5 dagen geleden geplaatst,https://kamernet.nl/huren/kamer-haarlem/krelagestraat/kamer-1983444,"{'Woonkamer': ' Geen ', 'Keuken': ' Gedeeld ', 'Badkamer': ' Gedeeld ', 'Toilet': ' Gedeeld ', 'Internet': ' Nee ', 'Energielabel': ' Onbekend ', 'Huisgenoten': '  1 ', 'Geslacht': ' Man ', 'Huisdieren': ' Nee '}",
Kerkstraat,in Riel,75 m,Totaal 1 kamer,â‚¬ 1049,p/m | excl. g/w/e,Gestoffeerd,01-09-2021,5 dagen geleden geplaatst,https://kamernet.nl/huren/appartement-riel/kerkstraat/appartement-1983454,"{'Woonkamer': ' Onbekend ', 'Keuken': ' Onbekend ', 'Badkamer': ' Onbekend ', 'Toilet': ' Onbekend ', 'Internet': ' Onbekend ', 'Energielabel': ' Onbekend ', 'Huisdieren': ' In overleg '}",
Akropolishof,in Delft,12 m,,â‚¬ 440,p/m | incl. g/w/e,Gestoffeerd,01-10-2021,5 dagen geleden geplaatst,https://kamernet.nl/huren/kamer-delft/akropolishof/kamer-1982908,"{'Woonkamer': ' Gedeeld ', 'Keuken': ' Gedeeld ', 'Badkamer': ' Gedeeld ', 'Toilet': ' Gedeeld ', 'Internet': ' Ja ', 'Energielabel': ' Onbekend ', 'Huisgenoten': '  Onbekend  ', 'Geslacht': ' Onbekend ', 'Huisdieren': ' In overleg '}",
Steenrietweg,in Hengelo,20 m,Totale oppervlakte: 20 m 2,â‚¬ 200,p/m | incl. g/w/e,Gemeubileerd,30-08-2021 tot 30-11-2021,5 dagen geleden geplaatst,https://kamernet.nl/huren/kamer-hengelo/steenrietweg/kamer-1983462,"{'Woonkamer': ' Geen ', 'Keuken': ' Gedeeld ', 'Badkamer': ' Gedeeld ', 'Toilet': ' Eigen ', 'Internet': ' Ja ', 'Energielabel': ' Onbekend ', 'Huisgenoten': '  1 ', 'Geslacht': ' Man ', 'Huisdieren': ' Nee '}",
E. du Perronlaan,in Delft,20 m,,â‚¬ 405,p/m | incl. g/w/e,Kaal,24-09-2021,1 week geleden geplaatst,https://kamernet.nl/huren/kamer-delft/e.-du-perronlaan/kamer-1983026,"{'Woonkamer': ' Gedeeld ', 'Keuken': ' Gedeeld ', 'Badkamer': ' Gedeeld ', 'Toilet': ' Gedeeld ', 'Internet': ' Ja ', 'Energielabel': ' Onbekend ', 'Huisgenoten': '  5 ', 'Geslacht': ' Gemengd ', 'Huisdieren': ' Nee '}",
Obrechtstraat,in Zwolle,15 m,Totale oppervlakte: 10 m 2,â‚¬ 450,p/m | incl. g/w/e,Gestoffeerd,05-09-2021,1 week geleden geplaatst,https://kamernet.nl/huren/kamer-zwolle/obrechtstraat/kamer-1983025,"{'Woonkamer': ' Geen ', 'Keuken': ' Gedeeld ', 'Badkamer': ' Gedeeld ', 'Toilet': ' Gedeeld ', 'Internet': ' Ja ', 'Energielabel': ' B ', 'Huisgenoten': '  2 ', 'Geslacht': ' Man ', 'Huisdieren': ' Nee '}",
Indigostraat,in Den Haag,24 m,Totaal 1 kamer (1 slaapkamer) ,â‚¬ 1045,p/m | incl. g/w/e,Gemeubileerd,01-10-2021,1 week geleden geplaatst,https://kamernet.nl/huren/studio-den-haag/indigostraat/studio-1983080,"{'Woonkamer': ' Eigen ', 'Keuken': ' Eigen ', 'Badkamer': ' Eigen ', 'Toilet': ' Eigen ', 'Internet': ' Ja ', 'Energielabel': ' Onbekend ', 'Huisdieren': ' Nee '}",
Hoge Steenweg,in Breda,25 m,Totaal 1 kamer (1 slaapkamer) ,â‚¬ 695,p/m | incl. g/w/e,Gestoffeerd,26-08-2021,1 week geleden geplaatst,https://kamernet.nl/huren/studio-breda/hoge-steenweg/studio-1983060,"{'Woonkamer': ' Eigen ', 'Keuken': ' Eigen ', 'Badkamer': ' Gedeeld ', 'Toilet': ' Gedeeld ', 'Internet': ' Ja ', 'Energielabel': ' Onbekend ', 'Huisdieren': ' Nee '}",
Dr. Nolensstraat,in Tilburg,11 m,,â‚¬ 445,p/m | incl. g/w/e,Gestoffeerd,01-10-2021,1 week geleden geplaatst,https://kamernet.nl/huren/kamer-tilburg/dr.-nolensstraat/kamer-1983034,"{'Woonkamer': ' Eigen ', 'Keuken': ' Gedeeld ', 'Badkamer': ' Gedeeld ', 'Toilet': ' Gedeeld ', 'Internet': ' Ja ', 'Energielabel': ' Onbekend ', 'Huisgenoten': '  4  ', 'Geslacht': ' Gemengd ', 'Huisdieren': ' Nee '}",
Dr. Nolensstraat,in Tilburg,20 m,,â‚¬ 475,p/m | incl. g/w/e,Gestoffeerd,01-11-2021,1 week geleden geplaatst,https://kamernet.nl/huren/kamer-tilburg/dr.-nolensstraat/kamer-1983033,"{'Woonkamer': ' Eigen ', 'Keuken': ' Gedeeld ', 'Badkamer': ' Gedeeld ', 'Toilet': ' Gedeeld ', 'Internet': ' Ja ', 'Energielabel': ' Onbekend ', 'Huisgenoten': '  Onbekend  ', 'Geslacht': ' Onbekend ', 'Huisdieren': ' Nee '}",
Uilenstede,in Amstelveen,18 m,,â‚¬ 359,p/m | incl. g/w/e,Gestoffeerd,26-09-2021,1 week geleden geplaatst,https://kamernet.nl/huren/kamer-amstelveen/uilenstede/kamer-1983082,"{'Woonkamer': ' Gedeeld ', 'Keuken': ' Gedeeld ', 'Badkamer': ' Eigen ', 'Toilet': ' Eigen ', 'Internet': ' Ja ', 'Energielabel': ' Onbekend ', 'Huisgenoten': '  Meer dan 8 ', 'Geslacht': ' Gemengd ', 'Huisdieren': ' In overleg '}",
Balistraat,in Groningen,14 m,,â‚¬ 400,p/m | incl. g/w/e,Gestoffeerd,15-09-2021,1 week geleden geplaatst,https://kamernet.nl/huren/kamer-groningen/balistraat/kamer-1982650,"{'Woonkamer': ' Gedeeld ', 'Keuken': ' Gedeeld ', 'Badkamer': ' Gedeeld ', 'Toilet': ' Gedeeld ', 'Internet': ' Ja ', 'Energielabel': ' A ', 'Huisgenoten': '  Meer dan 8 ', 'Geslacht': ' Gemengd ', 'Huisdieren': ' Nee '}",
Rijsoordstraat,in Rotterdam,51 m,,â‚¬ 710,p/m | excl. g/w/e,Gemeubileerd,30-08-2021 tot 30-07-2022,1 week geleden geplaatst,https://kamernet.nl/huren/appartement-rotterdam/rijsoordstraat/appartement-1983044,"{'Woonkamer': ' Eigen ', 'Keuken': ' Eigen ', 'Badkamer': ' Eigen ', 'Toilet': ' Eigen ', 'Internet': ' Ja ', 'Energielabel': ' Onbekend ', 'Huisdieren': ' Nee '}",
Tweede Hugo de Grootstraat,in Amsterdam,12 m,,â‚¬ 250,p/m | incl. g/w/e,Gemeubileerd,27-08-2021,5 dagen geleden geplaatst,https://kamernet.nl/huren/kamer-amsterdam/tweede-hugo-de-grootstraat/kamer-1983425,"{'Woonkamer': ' Geen ', 'Keuken': ' Gedeeld ', 'Badkamer': ' Gedeeld ', 'Toilet': ' Gedeeld ', 'Internet': ' Ja ', 'Energielabel': ' Onbekend ', 'Huisgenoten': '  1 ', 'Geslacht': ' Man ', 'Huisdieren': ' Nee '}",
Nico Jessekade,in Amsterdam,18 m,Totale oppervlakte: 150 m 2,â‚¬ 675,p/m | incl. g/w/e,Gemeubileerd,01-09-2021,1 week geleden geplaatst,https://kamernet.nl/huren/kamer-amsterdam/nico-jessekade/kamer-1983087,"{'Woonkamer': ' Geen ', 'Keuken': ' Gedeeld ', 'Badkamer': ' Gedeeld ', 'Toilet': ' Gedeeld ', 'Internet': ' Ja ', 'Energielabel': ' A ', 'Huisgenoten': '  2 ', 'Geslacht': ' Gemengd ', 'Huisdieren': ' Nee '}",
Pretorialaan,in Rotterdam,15 m,Totale oppervlakte: 42 m 2,â‚¬ 410,p/m | incl. g/w/e,Kaal,01-09-2021,1 week geleden geplaatst,https://kamernet.nl/huren/kamer-rotterdam/pretorialaan/kamer-1983074,"{'Woonkamer': ' Geen ', 'Keuken': ' Gedeeld ', 'Badkamer': ' Gedeeld ', 'Toilet': ' Gedeeld ', 'Internet': ' Ja ', 'Energielabel': ' B ', 'Huisgenoten': '  1 ', 'Geslacht': ' Gemengd ', 'Huisdieren': ' Nee '}",
Van Bleyswijckstraat,in Delft,9 m,,â‚¬ 290,p/m | incl. g/w/e,Gestoffeerd,04-09-2021,1 week geleden geplaatst,https://kamernet.nl/huren/kamer-delft/van-bleyswijckstraat/kamer-1983093,"{'Woonkamer': ' Geen ', 'Keuken': ' Gedeeld ', 'Badkamer': ' Gedeeld ', 'Toilet': ' Gedeeld ', 'Internet': ' Ja ', 'Energielabel': ' Onbekend ', 'Huisgenoten': '  3 ', 'Geslacht': ' Man ', 'Huisdieren': ' Nee '}",
Langebrug,in Leiden,15 m,,â‚¬ 360,p/m | excl. g/w/e,Gestoffeerd,26-08-2021,1 week geleden geplaatst,https://kamernet.nl/huren/kamer-leiden/langebrug/kamer-1983011,"{'Woonkamer': ' Gedeeld ', 'Keuken': ' Gedeeld ', 'Badkamer': ' Gedeeld ', 'Toilet': ' Gedeeld ', 'Internet': ' Ja ', 'Energielabel': ' Onbekend ', 'Huisgenoten': '  4  ', 'Geslacht': ' Gemengd ', 'Huisdieren': ' Nee '}",
Nassaulaan,in Harderwijk,11 m,Totaal 2 kamers,â‚¬ 400,p/m | incl. g/w/e,Gestoffeerd,26-08-2021,1 week geleden geplaatst,https://kamernet.nl/huren/appartement-harderwijk/nassaulaan/appartement-1983022,"{'Woonkamer': ' Onbekend ', 'Keuken': ' Onbekend ', 'Badkamer': ' Onbekend ', 'Toilet': ' Onbekend ', 'Internet': ' Onbekend ', 'Energielabel': ' Onbekend ', 'Huisdieren': ' Nee '}",
de Koppele,in Eindhoven,18 m,Totale oppervlakte: 30 m 2,â‚¬ 350,p/m | incl. g/w/e,Gemeubileerd,01-09-2021,1 week geleden geplaatst,https://kamernet.nl/huren/kamer-eindhoven/de-koppele/kamer-1983077,"{'Woonkamer': ' Geen ', 'Keuken': ' Eigen ', 'Badkamer': ' Gedeeld ', 'Toilet': ' Gedeeld ', 'Internet': ' Ja ', 'Energielabel': ' Onbekend ', 'Huisgenoten': '  1 ', 'Geslacht': ' Vrouw ', 'Huisdieren': ' Nee '}",
Buys Ballotsingel,in Schiedam,15 m,Totale oppervlakte: 150 m 2,â‚¬ 750,p/m | incl. g/w/e,Gemeubileerd,01-09-2021,1 week geleden geplaatst,https://kamernet.nl/huren/kamer-schiedam/buys-ballotsingel/kamer-1983035,"{'Woonkamer': ' Eigen ', 'Keuken': ' Gedeeld ', 'Badkamer': ' Gedeeld ', 'Toilet': ' Gedeeld ', 'Internet': ' Onbekend ', 'Energielabel': ' Onbekend ', 'Huisgenoten': '  1 ', 'Geslacht': ' Vrouw ', 'Huisdieren': ' Nee '}",
Ridderspoorweg,in Amsterdam,45 m,Totaal 1 kamer (1 slaapkamer) ,â‚¬ 1350,p/m | excl. g/w/e,Gemeubileerd,05-09-2021,1 week geleden geplaatst,https://kamernet.nl/huren/studio-amsterdam/ridderspoorweg/studio-1983101,"{'Woonkamer': ' Eigen ', 'Keuken': ' Eigen ', 'Badkamer': ' Eigen ', 'Toilet': ' Eigen ', 'Internet': ' Ja ', 'Energielabel': ' Onbekend ', 'Huisdieren': ' Nee '}",
Andersensingel,in Amsterdam,16 m,Totale oppervlakte: 70 m 2,â‚¬ 500,p/m | excl. g/w/e,Gemeubileerd,01-09-2021,1 week geleden geplaatst,https://kamernet.nl/huren/kamer-amsterdam/andersensingel/kamer-1983129,"{'Woonkamer': ' Geen ', 'Keuken': ' Gedeeld ', 'Badkamer': ' Gedeeld ', 'Toilet': ' Gedeeld ', 'Internet': ' Ja ', 'Energielabel': ' Onbekend ', 'Huisgenoten': '  2 ', 'Geslacht': ' Man ', 'Huisdieren': ' Nee '}",
Lassusstraat,in Amsterdam,12 m,,â‚¬ 715,p/m | incl. g/w/e,Gemeubileerd,26-08-2021,1 week geleden geplaatst,https://kamernet.nl/huren/kamer-amsterdam/lassusstraat/kamer-1983142,"{'Woonkamer': ' Onbekend ', 'Keuken': ' Gedeeld ', 'Badkamer': ' Gedeeld ', 'Toilet': ' Gedeeld ', 'Internet': ' Ja ', 'Energielabel': ' Onbekend ', 'Huisgenoten': '  1 ', 'Geslacht': ' Vrouw ', 'Huisdieren': ' Ja '}",
Pijlenburg,in Nieuwegein,44 m,Totaal 2 kamers (1 slaapkamer) ,â‚¬ 650,p/m | excl. g/w/e,Gestoffeerd,01-10-2021,1 week geleden geplaatst,https://kamernet.nl/huren/appartement-nieuwegein/pijlenburg/appartement-1983140,"{'Woonkamer': ' Eigen ', 'Keuken': ' Eigen ', 'Badkamer': ' Eigen ', 'Toilet': ' Eigen ', 'Internet': ' Ja ', 'Energielabel': ' Onbekend ', 'Huisdieren': ' Nee '}",
J.C. Kapteynlaan,in Groningen,20 m,Totale oppervlakte: 20 m 2,â‚¬ 414,p/m | incl. g/w/e,Gestoffeerd,01-10-2021,1 week geleden geplaatst,https://kamernet.nl/huren/kamer-groningen/j.c.-kapteynlaan/kamer-1983150,"{'Woonkamer': ' Geen ', 'Keuken': ' Gedeeld ', 'Badkamer': ' Gedeeld ', 'Toilet': ' Gedeeld ', 'Internet': ' Ja ', 'Energielabel': ' C ', 'Huisgenoten': '  3 ', 'Geslacht': ' Gemengd ', 'Huisdieren': ' Nee '}",
Boutenslaan,in Eindhoven,18 m,,â‚¬ 470,p/m | incl. g/w/e,Gemeubileerd,01-09-2021 tot 01-02-2022,1 week geleden geplaatst,https://kamernet.nl/huren/kamer-eindhoven/boutenslaan/kamer-1983114,"{'Woonkamer': ' Gedeeld ', 'Keuken': ' Gedeeld ', 'Badkamer': ' Gedeeld ', 'Toilet': ' Gedeeld ', 'Internet': ' Ja ', 'Energielabel': ' Onbekend ', 'Huisgenoten': '  4  ', 'Geslacht': ' Man ', 'Huisdieren': ' In overleg '}",
Croeselaan,in Utrecht,20 m,,â‚¬ 475,p/m | incl. g/w/e,Kaal,01-10-2021,1 week geleden geplaatst,https://kamernet.nl/huren/kamer-utrecht/croeselaan/kamer-1983154,"{'Woonkamer': ' Geen ', 'Keuken': ' Gedeeld ', 'Badkamer': ' Gedeeld ', 'Toilet': ' Gedeeld ', 'Internet': ' Ja ', 'Energielabel': ' Onbekend ', 'Huisgenoten': '  1 ', 'Geslacht': ' Man ', 'Huisdieren': ' Nee '}",
Beukelaarsstraat,in Rotterdam,50 m,Totaal 2 kamers (1 slaapkamer) ,â‚¬ 755,p/m | excl. g/w/e,Gemeubileerd,30-08-2021,1 week geleden geplaatst,https://kamernet.nl/huren/appartement-rotterdam/beukelaarsstraat/appartement-1983148,"{'Woonkamer': ' Eigen ', 'Keuken': ' Eigen ', 'Badkamer': ' Eigen ', 'Toilet': ' Eigen ', 'Internet': ' Ja ', 'Energielabel': ' A ', 'Huisdieren': ' Nee '}",
Safariweg,in Maarssen,9 m,Totale oppervlakte: 78 m 2,â‚¬ 750,p/m | excl. g/w/e,Gemeubileerd,01-09-2021,1 week geleden geplaatst,https://kamernet.nl/huren/kamer-maarssen/safariweg/kamer-1983037,"{'Woonkamer': ' Gedeeld ', 'Keuken': ' Gedeeld ', 'Badkamer': ' Gedeeld ', 'Toilet': ' Gedeeld ', 'Internet': ' Ja ', 'Energielabel': ' Onbekend ', 'Huisgenoten': '  Onbekend  ', 'Geslacht': ' Onbekend ', 'Huisdieren': ' Nee '}",
Suikerland,in Arnhem,16 m,Totale oppervlakte: 18 m 2,â‚¬ 390,p/m | incl. g/w/e,Gestoffeerd,06-09-2021,1 week geleden geplaatst,https://kamernet.nl/huren/kamer-arnhem/suikerland/kamer-1983138,"{'Woonkamer': ' Geen ', 'Keuken': ' Gedeeld ', 'Badkamer': ' Gedeeld ', 'Toilet': ' Gedeeld ', 'Internet': ' Ja ', 'Energielabel': ' A ', 'Huisgenoten': '  2 ', 'Geslacht': ' Vrouw ', 'Huisdieren': ' Nee '}",
Valentijnkade,in Amsterdam,15 m,Totale oppervlakte: 20 m 2,â‚¬ 680,p/m | incl. g/w/e,Gemeubileerd,02-09-2021 tot 01-01-2022,1 week geleden geplaatst,https://kamernet.nl/huren/kamer-amsterdam/valentijnkade/kamer-1983115,"{'Woonkamer': ' Geen ', 'Keuken': ' Gedeeld ', 'Badkamer': ' Gedeeld ', 'Toilet': ' Gedeeld ', 'Internet': ' Ja ', 'Energielabel': ' A ', 'Huisgenoten': '  1 ', 'Geslacht': ' Gemengd ', 'Huisdieren': ' Nee '}",
Generaal Eisenhowerstraat,in Maastricht,35 m,,â‚¬ 455,p/m | incl. g/w/e,Gestoffeerd,01-10-2021,1 week geleden geplaatst,https://kamernet.nl/huren/kamer-maastricht/generaal-eisenhowerstraat/kamer-1983121,"{'Woonkamer': ' Geen ', 'Keuken': ' Eigen ', 'Badkamer': ' Gedeeld ', 'Toilet': ' Gedeeld ', 'Internet': ' Ja ', 'Energielabel': ' Onbekend ', 'Huisgenoten': '  4  ', 'Geslacht': ' Gemengd ', 'Huisdieren': ' Nee '}",
De Kommert,in Heerlen,95 m,Totaal 4 kamers (2 slaapkamers) ,â‚¬ 750,p/m | incl. g/w/e,Gestoffeerd,01-10-2021,1 week geleden geplaatst,https://kamernet.nl/huren/appartement-heerlen/de-kommert/appartement-1983167,"{'Woonkamer': ' Eigen ', 'Keuken': ' Eigen ', 'Badkamer': ' Eigen ', 'Toilet': ' Eigen ', 'Internet': ' Ja ', 'Energielabel': ' Onbekend ', 'Huisdieren': ' Nee '}",
Herman Oolbekkinkstraat,in Nijmegen,21 m,Totale oppervlakte: 35 m 2,â‚¬ 470,p/m | incl. g/w/e,Gestoffeerd,01-10-2021,1 week geleden geplaatst,https://kamernet.nl/huren/kamer-nijmegen/herman-oolbekkinkstraat/kamer-1983158,"{'Woonkamer': ' Gedeeld ', 'Keuken': ' Gedeeld ', 'Badkamer': ' Gedeeld ', 'Toilet': ' Gedeeld ', 'Internet': ' Ja ', 'Energielabel': ' B ', 'Huisgenoten': '  6 ', 'Geslacht': ' Gemengd ', 'Huisdieren': ' Nee '}",
Campuslaan,in Enschede,14 m,,â‚¬ 291,p/m | incl. g/w/e,Gemeubileerd,05-09-2021 tot 31-10-2021,1 week geleden geplaatst,https://kamernet.nl/huren/kamer-enschede/campuslaan/kamer-1983152,"{'Woonkamer': ' Gedeeld ', 'Keuken': ' Gedeeld ', 'Badkamer': ' Gedeeld ', 'Toilet': ' Gedeeld ', 'Internet': ' Ja ', 'Energielabel': ' Onbekend ', 'Huisgenoten': '  Meer dan 8 ', 'Geslacht': ' Gemengd ', 'Huisdieren': ' Nee '}",
Dirk Hartoghstraat,in Amsterdam,8 m,Totale oppervlakte: 76 m 2,â‚¬ 850,p/m | excl. g/w/e,Kaal,01-10-2021 tot 01-10-2023,1 week geleden geplaatst,https://kamernet.nl/huren/kamer-amsterdam/dirk-hartoghstraat/kamer-1983147,"{'Woonkamer': ' Gedeeld ', 'Keuken': ' Gedeeld ', 'Badkamer': ' Gedeeld ', 'Toilet': ' Gedeeld ', 'Internet': ' Ja ', 'Energielabel': ' Onbekend ', 'Huisgenoten': '  1 ', 'Geslacht': ' Vrouw ', 'Huisdieren': ' Nee '}",
de Koppele,in Eindhoven,18 m,Totale oppervlakte: 30 m 2,â‚¬ 350,p/m | incl. g/w/e,Gemeubileerd,01-09-2021,1 week geleden geplaatst,https://kamernet.nl/huren/kamer-eindhoven/de-koppele/kamer-1983120,"{'Woonkamer': ' Geen ', 'Keuken': ' Eigen ', 'Badkamer': ' Gedeeld ', 'Toilet': ' Gedeeld ', 'Internet': ' Ja ', 'Energielabel': ' Onbekend ', 'Huisgenoten': '  1 ', 'Geslacht': ' Vrouw ', 'Huisdieren': ' Nee '}",
Cornelis Houtmanstraat,in Den Haag,67 m,,â‚¬ 994,p/m | incl. g/w/e,Gemeubileerd,01-10-2021 tot 30-11-2021,6 dagen geleden geplaatst,https://kamernet.nl/huren/appartement-den-haag/cornelis-houtmanstraat/appartement-1983260,"{'Woonkamer': ' Gedeeld ', 'Keuken': ' Gedeeld ', 'Badkamer': ' Gedeeld ', 'Toilet': ' Gedeeld ', 'Internet': ' Ja ', 'Energielabel': ' Onbekend ', 'Huisdieren': ' Nee '}",
Westerstraat,in Enschede,56 m,Totaal 2 kamers (1 slaapkamer) ,â‚¬ 645,p/m | excl. g/w/e,Gestoffeerd,01-01-2022,6 dagen geleden geplaatst,https://kamernet.nl/huren/appartement-enschede/westerstraat/appartement-1983263,"{'Woonkamer': ' Eigen ', 'Keuken': ' Eigen ', 'Badkamer': ' Eigen ', 'Toilet': ' Eigen ', 'Internet': ' Ja ', 'Energielabel': ' Onbekend ', 'Huisdieren': ' Nee '}",
Gladiolusstraat,in Rotterdam,14 m,Totale oppervlakte: 65 m 2,â‚¬ 517,p/m | excl. g/w/e,Gestoffeerd,01-09-2021,6 dagen geleden geplaatst,https://kamernet.nl/huren/kamer-rotterdam/gladiolusstraat/kamer-1983253,"{'Woonkamer': ' Gedeeld ', 'Keuken': ' Gedeeld ', 'Badkamer': ' Gedeeld ', 'Toilet': ' Gedeeld ', 'Internet': ' Ja ', 'Energielabel': ' Onbekend ', 'Huisgenoten': '  2 ', 'Geslacht': ' Man ', 'Huisdieren': ' Nee '}",
Van Oldenbarneveldtstraat,in Amsterdam,27 m,,â‚¬ 1250,p/m | excl. g/w/e,Gemeubileerd,01-10-2021,6 dagen geleden geplaatst,https://kamernet.nl/huren/kamer-amsterdam/van-oldenbarneveldtstraat/kamer-1979716,"{'Woonkamer': ' Geen ', 'Keuken': ' Eigen ', 'Badkamer': ' Eigen ', 'Toilet': ' Eigen ', 'Internet': ' Ja ', 'Energielabel': ' Onbekend ', 'Huisgenoten': '  Onbekend  ', 'Geslacht': ' Onbekend ', 'Huisdieren': ' Nee '}",
Romerkerkweg,in Beverwijk,22 m,Totaal 2 kamers,â‚¬ 550,p/m | excl. g/w/e,Gestoffeerd,28-08-2021,6 dagen geleden geplaatst,https://kamernet.nl/huren/appartement-beverwijk/romerkerkweg/appartement-1983272,"{'Woonkamer': ' Onbekend ', 'Keuken': ' Onbekend ', 'Badkamer': ' Onbekend ', 'Toilet': ' Onbekend ', 'Internet': ' Onbekend ', 'Energielabel': ' Onbekend ', 'Huisdieren': ' In overleg '}",
Molenkade,in Vinkeveen,75 m,Totaal 3 kamers,â‚¬ 1650,p/m | excl. g/w/e,Gemeubileerd,27-08-2021,6 dagen geleden geplaatst,https://kamernet.nl/huren/appartement-vinkeveen/molenkade/appartement-1983273,"{'Woonkamer': ' Onbekend ', 'Keuken': ' Onbekend ', 'Badkamer': ' Onbekend ', 'Toilet': ' Onbekend ', 'Internet': ' Onbekend ', 'Energielabel': ' Onbekend ', 'Huisdieren': ' Nee '}",
Langekerkstraat,in Huissen,22 m,Totaal 1 kamer,â‚¬ 495,p/m | incl. g/w/e,Gestoffeerd,27-08-2021,6 dagen geleden geplaatst,https://kamernet.nl/huren/appartement-huissen/langekerkstraat/appartement-1983274,"{'Woonkamer': ' Onbekend ', 'Keuken': ' Onbekend ', 'Badkamer': ' Onbekend ', 'Toilet': ' Onbekend ', 'Internet': ' Onbekend ', 'Energielabel': ' Onbekend ', 'Huisdieren': ' Nee '}",
Van Oldenbarneveldtstraat,in Arnhem,13 m,Totaal 1 kamer,â‚¬ 425,p/m | incl. g/w/e,Gemeubileerd,28-08-2021,6 dagen geleden geplaatst,https://kamernet.nl/huren/appartement-arnhem/van-oldenbarneveldtstraat/appartement-1983275,"{'Woonkamer': ' Onbekend ', 'Keuken': ' Onbekend ', 'Badkamer': ' Onbekend ', 'Toilet': ' Onbekend ', 'Internet': ' Onbekend ', 'Energielabel': ' Onbekend ', 'Huisdieren': ' In overleg '}",
Victor Rutgersstraat,in Amsterdam,80 m,Totaal 4 kamers,â‚¬ 1650,p/m | excl. g/w/e,Gestoffeerd,31-08-2021,6 dagen geleden geplaatst,https://kamernet.nl/huren/appartement-amsterdam/victor-rutgersstraat/appartement-1983276,"{'Woonkamer': ' Onbekend ', 'Keuken': ' Onbekend ', 'Badkamer': ' Onbekend ', 'Toilet': ' Onbekend ', 'Internet': ' Onbekend ', 'Energielabel': ' Onbekend ', 'Huisdieren': ' In overleg '}",
Schoolstraat,in Voorschoten,38 m,Totaal 2 kamers (1 slaapkamer) ,â‚¬ 695,p/m | excl. g/w/e,Kaal,01-09-2021,6 dagen geleden geplaatst,https://kamernet.nl/huren/appartement-voorschoten/schoolstraat/appartement-1983277,"{'Woonkamer': ' Eigen ', 'Keuken': ' Eigen ', 'Badkamer': ' Eigen ', 'Toilet': ' Eigen ', 'Internet': ' Onbekend ', 'Energielabel': ' Onbekend ', 'Huisdieren': ' Nee '}",
Hoogstraat,in Eindhoven,17 m,Totale oppervlakte: 40 m 2,â‚¬ 400,p/m | incl. g/w/e,Gestoffeerd,01-09-2021 tot 31-08-2026,6 dagen geleden geplaatst,https://kamernet.nl/huren/kamer-eindhoven/hoogstraat/kamer-1983266,"{'Woonkamer': ' Geen ', 'Keuken': ' Gedeeld ', 'Badkamer': ' Gedeeld ', 'Toilet': ' Gedeeld ', 'Internet': ' Ja ', 'Energielabel': ' Onbekend ', 'Huisgenoten': '  3 ', 'Geslacht': ' Man ', 'Huisdieren': ' Nee '}",
Oosterengweg,in Hilversum,13 m,,â‚¬ 475,p/m | incl. g/w/e,Gemeubileerd,01-10-2021,6 dagen geleden geplaatst,https://kamernet.nl/huren/kamer-hilversum/oosterengweg/kamer-1909019,"{'Woonkamer': ' Gedeeld ', 'Keuken': ' Gedeeld ', 'Badkamer': ' Gedeeld ', 'Toilet': ' Gedeeld ', 'Internet': ' Ja ', 'Energielabel': ' Onbekend ', 'Huisgenoten': '  3 ', 'Geslacht': ' Man ', 'Huisdieren': ' Nee '}",
Kuipersdijk,in Enschede,15 m,,â‚¬ 300,p/m | incl. g/w/e,Kaal,02-09-2021,6 dagen geleden geplaatst,https://kamernet.nl/huren/kamer-enschede/kuipersdijk/kamer-1983318,"{'Woonkamer': ' Gedeeld ', 'Keuken': ' Gedeeld ', 'Badkamer': ' Gedeeld ', 'Toilet': ' Gedeeld ', 'Internet': ' Ja ', 'Energielabel': ' Onbekend ', 'Huisgenoten': '  Meer dan 8 ', 'Geslacht': ' Gemengd ', 'Huisdieren': ' Nee '}",
Torenstraat,in Groningen,38 m,Totaal 2 kamers (1 slaapkamer) ,â‚¬ 690,p/m | incl. g/w/e,Gestoffeerd,01-09-2021,6 dagen geleden geplaatst,https://kamernet.nl/huren/studio-groningen/torenstraat/studio-1983286,"{'Woonkamer': ' Eigen ', 'Keuken': ' Eigen ', 'Badkamer': ' Eigen ', 'Toilet': ' Eigen ', 'Internet': ' Nee ', 'Energielabel': ' Onbekend ', 'Huisdieren': ' Nee '}",
Liendenhof,in Amsterdam,10 m,Totale oppervlakte: 120 m 2,â‚¬ 550,p/m | incl. g/w/e,Gemeubileerd,11-09-2021,6 dagen geleden geplaatst,https://kamernet.nl/huren/kamer-amsterdam/liendenhof/kamer-1927535,"{'Woonkamer': ' Gedeeld ', 'Keuken': ' Gedeeld ', 'Badkamer': ' Gedeeld ', 'Toilet': ' Gedeeld ', 'Internet': ' Ja ', 'Energielabel': ' C ', 'Huisgenoten': '  1 ', 'Geslacht': ' Vrouw ', 'Huisdieren': ' Nee '}",
Haverkampweg,in Enschede,72 m,Totaal 1 kamer (3 slaapkamers) ,â‚¬ 850,p/m | excl. g/w/e,Gemeubileerd,01-09-2021,6 dagen geleden geplaatst,https://kamernet.nl/huren/appartement-enschede/haverkampweg/appartement-1983302,"{'Woonkamer': ' Eigen ', 'Keuken': ' Eigen ', 'Badkamer': ' Eigen ', 'Toilet': ' Eigen ', 'Internet': ' Ja ', 'Energielabel': ' Onbekend ', 'Huisdieren': ' Nee '}",
Boltweg,in Heteren,75 m,Totaal 1 kamer (1 slaapkamer) ,â‚¬ 850,p/m | excl. g/w/e,Gemeubileerd,27-09-2021 tot 27-03-2022,6 dagen geleden geplaatst,https://kamernet.nl/huren/appartement-heteren/boltweg/appartement-1983309,"{'Woonkamer': ' Eigen ', 'Keuken': ' Eigen ', 'Badkamer': ' Eigen ', 'Toilet': ' Eigen ', 'Internet': ' Ja ', 'Energielabel': ' C ', 'Huisdieren': ' Nee '}",
Heutzstraat,in Venlo,10 m,,â‚¬ 275,p/m | incl. g/w/e,Gemeubileerd,01-09-2021,6 dagen geleden geplaatst,https://kamernet.nl/huren/kamer-venlo/heutzstraat/kamer-1983316,"{'Woonkamer': ' Onbekend ', 'Keuken': ' Onbekend ', 'Badkamer': ' Onbekend ', 'Toilet': ' Onbekend ', 'Internet': ' Ja ', 'Energielabel': ' Onbekend ', 'Huisgenoten': '  3 ', 'Geslacht': ' Gemengd ', 'Huisdieren': ' Nee '}",
Van Hallstraat,in Amsterdam,35 m,Totale oppervlakte: 20 m 2,â‚¬ 1250,p/m | incl. g/w/e,Gemeubileerd,01-11-2021,6 dagen geleden geplaatst,https://kamernet.nl/huren/kamer-amsterdam/van-hallstraat/kamer-1983317,"{'Woonkamer': ' Eigen ', 'Keuken': ' Gedeeld ', 'Badkamer': ' Gedeeld ', 'Toilet': ' Gedeeld ', 'Internet': ' Ja ', 'Energielabel': ' Onbekend ', 'Huisgenoten': '  3 ', 'Geslacht': ' Vrouw ', 'Huisdieren': ' Nee '}",
Bordineweg,in Leeuwarden,57 m,Totaal 4 kamers (3 slaapkamers) ,â‚¬ 895,p/m | excl. g/w/e,Gestoffeerd,01-10-2021,6 dagen geleden geplaatst,https://kamernet.nl/huren/appartement-leeuwarden/bordineweg/appartement-1983320,"{'Woonkamer': ' Eigen ', 'Keuken': ' Eigen ', 'Badkamer': ' Eigen ', 'Toilet': ' Eigen ', 'Internet': ' Onbekend ', 'Energielabel': ' Onbekend ', 'Huisdieren': ' Nee '}",
Nijmeegseweg,in Gennep,20 m,Totale oppervlakte: 35 m 2,â‚¬ 400,p/m | excl. g/w/e,Gestoffeerd,10-09-2021,6 dagen geleden geplaatst,https://kamernet.nl/huren/kamer-gennep/nijmeegseweg/kamer-1983333,"{'Woonkamer': ' Eigen ', 'Keuken': ' Onbekend ', 'Badkamer': ' Eigen ', 'Toilet': ' Eigen ', 'Internet': ' Ja ', 'Energielabel': ' B ', 'Huisgenoten': '  Onbekend  ', 'Geslacht': ' Onbekend ', 'Huisdieren': ' Nee '}",
Kloosterkade,in Delft,14 m,,â‚¬ 440,p/m | incl. g/w/e,Kaal,27-08-2021,6 dagen geleden geplaatst,https://kamernet.nl/huren/kamer-delft/kloosterkade/kamer-1983338,"{'Woonkamer': ' Geen ', 'Keuken': ' Gedeeld ', 'Badkamer': ' Gedeeld ', 'Toilet': ' Gedeeld ', 'Internet': ' Ja ', 'Energielabel': ' Onbekend ', 'Huisgenoten': '  Geen ', 'Geslacht': ' Onbekend ', 'Huisdieren': ' Nee '}",
Arnodreef,in Utrecht,10 m,Totale oppervlakte: 80 m 2,â‚¬ 600,p/m | incl. g/w/e,Gestoffeerd,31-08-2021,6 dagen geleden geplaatst,https://kamernet.nl/huren/kamer-utrecht/arnodreef/kamer-1983332,"{'Woonkamer': ' Gedeeld ', 'Keuken': ' Gedeeld ', 'Badkamer': ' Gedeeld ', 'Toilet': ' Gedeeld ', 'Internet': ' Ja ', 'Energielabel': ' B ', 'Huisgenoten': '  Onbekend  ', 'Geslacht': ' Onbekend ', 'Huisdieren': ' Nee '}",
Valckenierstraat,in Amsterdam,20 m,,â‚¬ 1100,p/m | incl. g/w/e,Gemeubileerd,27-08-2021,6 dagen geleden geplaatst,https://kamernet.nl/huren/studio-amsterdam/valckenierstraat/studio-1951635,"{'Woonkamer': ' Eigen ', 'Keuken': ' Eigen ', 'Badkamer': ' Eigen ', 'Toilet': ' Eigen ', 'Internet': ' Ja ', 'Energielabel': ' Onbekend ', 'Huisdieren': ' Nee '}",
Jan Gijzenkade,in Haarlem,68 m,Totaal 5 kamers (4 slaapkamers) ,â‚¬ 1400,p/m | excl. g/w/e,Kaal,18-09-2021,6 dagen geleden geplaatst,https://kamernet.nl/huren/appartement-haarlem/jan-gijzenkade/appartement-1983319,"{'Woonkamer': ' Eigen ', 'Keuken': ' Eigen ', 'Badkamer': ' Eigen ', 'Toilet': ' Eigen ', 'Internet': ' Nee ', 'Energielabel': ' C ', 'Huisdieren': ' Nee '}",
Nieuwpoortstraat,in Amsterdam,50 m,Totaal 2 kamers (1 slaapkamer) ,â‚¬ 1450,p/m | excl. g/w/e,Gemeubileerd,05-09-2021,6 dagen geleden geplaatst,https://kamernet.nl/huren/appartement-amsterdam/nieuwpoortstraat/appartement-1983261,"{'Woonkamer': ' Eigen ', 'Keuken': ' Eigen ', 'Badkamer': ' Eigen ', 'Toilet': ' Eigen ', 'Internet': ' Ja ', 'Energielabel': ' A ', 'Huisdieren': ' In overleg '}",
Van Hasseltlaan,in Delft,17 m,,â‚¬ 340,p/m | incl. g/w/e,Gestoffeerd,01-09-2021,6 dagen geleden geplaatst,https://kamernet.nl/huren/kamer-delft/van-hasseltlaan/kamer-1983340,"{'Woonkamer': ' Geen ', 'Keuken': ' Gedeeld ', 'Badkamer': ' Gedeeld ', 'Toilet': ' Gedeeld ', 'Internet': ' Ja ', 'Energielabel': ' Onbekend ', 'Huisgenoten': '  1 ', 'Geslacht': ' Man ', 'Huisdieren': ' Nee '}",
Jephtastraat,in Amsterdam,20 m,,â‚¬ 799,p/m | incl. g/w/e,Gestoffeerd,05-08-2021,6 dagen geleden geplaatst,https://kamernet.nl/huren/kamer-amsterdam/jephtastraat/kamer-1983365,"{'Woonkamer': ' Geen ', 'Keuken': ' Gedeeld ', 'Badkamer': ' Gedeeld ', 'Toilet': ' Gedeeld ', 'Internet': ' Ja ', 'Energielabel': ' Onbekend ', 'Huisgenoten': '  2 ', 'Geslacht': ' Onbekend ', 'Huisdieren': ' Nee '}",
Pannekoekstraat,in Rotterdam,9 m,Totale oppervlakte: 71 m 2,â‚¬ 500,p/m | incl. g/w/e,Gemeubileerd,15-09-2021 tot 15-01-2022,6 dagen geleden geplaatst,https://kamernet.nl/huren/kamer-rotterdam/pannekoekstraat/kamer-1983362,"{'Woonkamer': ' Gedeeld ', 'Keuken': ' Gedeeld ', 'Badkamer': ' Gedeeld ', 'Toilet': ' Gedeeld ', 'Internet': ' Ja ', 'Energielabel': ' Onbekend ', 'Huisgenoten': '  2 ', 'Geslacht': ' Man ', 'Huisdieren': ' Nee '}",
Jonker Fransstraat,in Rotterdam,7 m,Totale oppervlakte: 85 m 2,â‚¬ 500,p/m | incl. g/w/e,Gestoffeerd,06-09-2021,6 dagen geleden geplaatst,https://kamernet.nl/huren/kamer-rotterdam/jonker-fransstraat/kamer-1983349,"{'Woonkamer': ' Gedeeld ', 'Keuken': ' Gedeeld ', 'Badkamer': ' Gedeeld ', 'Toilet': ' Gedeeld ', 'Internet': ' Ja ', 'Energielabel': ' Onbekend ', 'Huisgenoten': '  2 ', 'Geslacht': ' Man ', 'Huisdieren': ' Nee '}",
Vincent van Goghplein,in Almelo,11 m,Totale oppervlakte: 100 m 2,â‚¬ 300,p/m | incl. g/w/e,Gemeubileerd,27-08-2021,6 dagen geleden geplaatst,https://kamernet.nl/huren/kamer-almelo/vincent-van-goghplein/kamer-1983382,"{'Woonkamer': ' Gedeeld ', 'Keuken': ' Gedeeld ', 'Badkamer': ' Gedeeld ', 'Toilet': ' Gedeeld ', 'Internet': ' Ja ', 'Energielabel': ' Onbekend ', 'Huisgenoten': '  Onbekend  ', 'Geslacht': ' Onbekend ', 'Huisdieren': ' Nee '}",
Langswater,in Amsterdam,60 m,,â‚¬ 1450,p/m | excl. g/w/e,Gemeubileerd,16-10-2021,6 dagen geleden geplaatst,https://kamernet.nl/huren/appartement-amsterdam/langswater/appartement-1983235,"{'Woonkamer': ' Onbekend ', 'Keuken': ' Onbekend ', 'Badkamer': ' Onbekend ', 'Toilet': ' Onbekend ', 'Internet': ' Ja ', 'Energielabel': ' Onbekend ', 'Huisdieren': ' Nee '}",
Balthasar van der Polweg,in Delft,20 m,,â‚¬ 350,p/m | excl. g/w/e,Gemeubileerd,01-10-2021,1 week geleden geplaatst,https://kamernet.nl/huren/kamer-delft/balthasar-van-der-polweg/kamer-1974871,"{'Woonkamer': ' Gedeeld ', 'Keuken': ' Gedeeld ', 'Badkamer': ' Gedeeld ', 'Toilet': ' Gedeeld ', 'Internet': ' Ja ', 'Energielabel': ' Onbekend ', 'Huisgenoten': '  1 ', 'Geslacht': ' Man ', 'Huisdieren': ' Nee '}",
Emmeline Pankhurststraat,in Amsterdam,12 m,,â‚¬ 700,p/m | incl. g/w/e,Gemeubileerd,01-09-2021 tot 31-08-2022,6 dagen geleden geplaatst,https://kamernet.nl/huren/kamer-amsterdam/emmeline-pankhurststraat/kamer-1983298,"{'Woonkamer': ' Gedeeld ', 'Keuken': ' Gedeeld ', 'Badkamer': ' Gedeeld ', 'Toilet': ' Gedeeld ', 'Internet': ' Ja ', 'Energielabel': ' Onbekend ', 'Huisgenoten': '  3 ', 'Geslacht': ' Gemengd ', 'Huisdieren': ' Nee '}",
Engelsestraat,in Rotterdam,16 m,,â‚¬ 440,p/m | incl. g/w/e,Gestoffeerd,03-09-2021,3 dagen geleden geplaatst,https://kamernet.nl/huren/kamer-rotterdam/engelsestraat/kamer-1983984,"{'Woonkamer': ' Geen ', 'Keuken': ' Gedeeld ', 'Badkamer': ' Gedeeld ', 'Toilet': ' Gedeeld ', 'Internet': ' Ja ', 'Energielabel': ' Onbekend ', 'Huisgenoten': '  2 ', 'Geslacht': ' Gemengd ', 'Huisdieren': ' Nee '}",
Plantsoen,in Wageningen,17 m,,â‚¬ 450,p/m | incl. g/w/e,Gemeubileerd,01-09-2021,6 dagen geleden geplaatst,https://kamernet.nl/huren/kamer-wageningen/plantsoen/kamer-1983306,"{'Woonkamer': ' Gedeeld ', 'Keuken': ' Gedeeld ', 'Badkamer': ' Gedeeld ', 'Toilet': ' Gedeeld ', 'Internet': ' Ja ', 'Energielabel': ' Onbekend ', 'Huisgenoten': '  8  ', 'Geslacht': ' Gemengd ', 'Huisdieren': ' Nee '}",
Surinameweg,in Haarlem,50 m,Totaal 2 kamers,â‚¬ 875,p/m | excl. g/w/e,Onbekend,25-08-2021,1 week geleden geplaatst,https://kamernet.nl/huren/appartement-haarlem/surinameweg/appartement-1982777,"{'Woonkamer': ' Onbekend ', 'Keuken': ' Onbekend ', 'Badkamer': ' Onbekend ', 'Toilet': ' Onbekend ', 'Internet': ' Onbekend ', 'Energielabel': ' Onbekend ', 'Huisdieren': ' In overleg '}",
Hoofdweg,in Rotterdam,69 m,Totaal 2 kamers,â‚¬ 970,p/m | excl. g/w/e,Onbekend,25-08-2021,1 week geleden geplaatst,https://kamernet.nl/huren/appartement-rotterdam/hoofdweg/appartement-1982776,"{'Woonkamer': ' Onbekend ', 'Keuken': ' Onbekend ', 'Badkamer': ' Onbekend ', 'Toilet': ' Onbekend ', 'Internet': ' Onbekend ', 'Energielabel': ' Onbekend ', 'Huisdieren': ' In overleg '}",
Rozengracht,in Amsterdam,30 m,Totaal 2 kamers (1 slaapkamer) ,â‚¬ 1200,p/m | excl. g/w/e,Gemeubileerd,24-08-2021,1 week geleden geplaatst,https://kamernet.nl/huren/appartement-amsterdam/rozengracht/appartement-1982575,"{'Woonkamer': ' Eigen ', 'Keuken': ' Eigen ', 'Badkamer': ' Eigen ', 'Toilet': ' Eigen ', 'Internet': ' Nee ', 'Energielabel': ' Onbekend ', 'Huisdieren': ' In overleg '}",
Pieter Calandlaan,in Amsterdam,10 m,,â‚¬ 410,p/m | incl. g/w/e,Gemeubileerd,15-09-2021 tot 15-12-2021,1 week geleden geplaatst,https://kamernet.nl/huren/kamer-amsterdam/pieter-calandlaan/kamer-1982442,"{'Woonkamer': ' Gedeeld ', 'Keuken': ' Gedeeld ', 'Badkamer': ' Gedeeld ', 'Toilet': ' Gedeeld ', 'Internet': ' Ja ', 'Energielabel': ' Onbekend ', 'Huisgenoten': '  6 ', 'Geslacht': ' Gemengd ', 'Huisdieren': ' Nee '}",
Laarderweg,in Bussum,40 m,,â‚¬ 675,p/m | incl. g/w/e,Kaal,01-10-2021,1 week geleden geplaatst,https://kamernet.nl/huren/appartement-bussum/laarderweg/appartement-1982321,"{'Woonkamer': ' Eigen ', 'Keuken': ' Eigen ', 'Badkamer': ' Eigen ', 'Toilet': ' Gedeeld ', 'Internet': ' Nee ', 'Energielabel': ' Onbekend ', 'Huisdieren': ' Nee '}",
Admiraal De Ruijterweg,in Amsterdam,16 m,Totale oppervlakte: 65 m 2,â‚¬ 650,p/m | excl. g/w/e,Gemeubileerd,15-09-2021 tot 15-03-2022,1 week geleden geplaatst,https://kamernet.nl/huren/kamer-amsterdam/admiraal-de-ruijterweg/kamer-1982195,"{'Woonkamer': ' Eigen ', 'Keuken': ' Gedeeld ', 'Badkamer': ' Gedeeld ', 'Toilet': ' Gedeeld ', 'Internet': ' Ja ', 'Energielabel': ' Onbekend ', 'Huisgenoten': '  1 ', 'Geslacht': ' Vrouw ', 'Huisdieren': ' Nee '}",
Nieuwe Nieuwstraat,in Amsterdam,100 m,Totaal 3 kamers (2 slaapkamers) ,â‚¬ 1700,p/m | excl. g/w/e,Gemeubileerd,21-08-2021 tot 31-12-2022,1 week geleden geplaatst,https://kamernet.nl/huren/appartement-amsterdam/nieuwe-nieuwstraat/appartement-1981941,"{'Woonkamer': ' Gedeeld ', 'Keuken': ' Gedeeld ', 'Badkamer': ' Gedeeld ', 'Toilet': ' Gedeeld ', 'Internet': ' Nee ', 'Energielabel': ' Onbekend ', 'Huisdieren': ' In overleg '}",
Ierlandstraat,in Haarlem,9 m,Totale oppervlakte: 75 m 2,â‚¬ 600,p/m | incl. g/w/e,Gemeubileerd,22-08-2021 tot 22-12-2021,1 week geleden geplaatst,https://kamernet.nl/huren/kamer-haarlem/ierlandstraat/kamer-1982042,"{'Woonkamer': ' Geen ', 'Keuken': ' Gedeeld ', 'Badkamer': ' Gedeeld ', 'Toilet': ' Gedeeld ', 'Internet': ' Ja ', 'Energielabel': ' C ', 'Huisgenoten': '  2 ', 'Geslacht': ' Gemengd ', 'Huisdieren': ' Nee '}",
Parkstraat,in Arnhem,30 m,Totale oppervlakte: 50 m 2,â‚¬ 589,p/m | incl. g/w/e,Kaal,01-09-2021,1 week geleden geplaatst,https://kamernet.nl/huren/kamer-arnhem/parkstraat/kamer-1981874,"{'Woonkamer': ' Eigen ', 'Keuken': ' Eigen ', 'Badkamer': ' Gedeeld ', 'Toilet': ' Gedeeld ', 'Internet': ' Ja ', 'Energielabel': ' Onbekend ', 'Huisgenoten': '  Meer dan 8 ', 'Geslacht': ' Gemengd ', 'Huisdieren': ' Nee '}",
Beukelsdijk,in Rotterdam,20 m,,â‚¬ 560,p/m | incl. g/w/e,Gemeubileerd,26-08-2021 tot 25-09-2021,1 week geleden geplaatst,https://kamernet.nl/huren/kamer-rotterdam/beukelsdijk/kamer-1981880,"{'Woonkamer': ' Gedeeld ', 'Keuken': ' Gedeeld ', 'Badkamer': ' Gedeeld ', 'Toilet': ' Gedeeld ', 'Internet': ' Ja ', 'Energielabel': ' A ', 'Huisgenoten': '  4  ', 'Geslacht': ' Vrouw ', 'Huisdieren': ' Nee '}",
Walenburgerweg,in Rotterdam,15 m,,â‚¬ 450,p/m | incl. g/w/e,Gemeubileerd,01-09-2021,1 week geleden geplaatst,https://kamernet.nl/huren/kamer-rotterdam/walenburgerweg/kamer-1982318,"{'Woonkamer': ' Geen ', 'Keuken': ' Gedeeld ', 'Badkamer': ' Gedeeld ', 'Toilet': ' Gedeeld ', 'Internet': ' Ja ', 'Energielabel': ' G ', 'Huisgenoten': '  4  ', 'Geslacht': ' Gemengd ', 'Huisdieren': ' Nee '}",
Spaansehoekstraat,in Tilburg,28 m,,â‚¬ 750,p/m | excl. g/w/e,Onbekend,25-08-2021,1 week geleden geplaatst,https://kamernet.nl/huren/kamer-tilburg/spaansehoekstraat/kamer-1982687,"{'Woonkamer': ' Onbekend ', 'Keuken': ' Onbekend ', 'Badkamer': ' Onbekend ', 'Toilet': ' Onbekend ', 'Internet': ' Onbekend ', 'Energielabel': ' Onbekend ', 'Huisgenoten': '  Onbekend  ', 'Geslacht': ' Onbekend ', 'Huisdieren': ' Nee '}",
Kardinaal Vaughanstraat,in Tilburg,25 m,,â‚¬ 600,p/m | excl. g/w/e,Onbekend,25-08-2021,1 week geleden geplaatst,https://kamernet.nl/huren/kamer-tilburg/kardinaal-vaughanstraat/kamer-1982688,"{'Woonkamer': ' Onbekend ', 'Keuken': ' Onbekend ', 'Badkamer': ' Onbekend ', 'Toilet': ' Onbekend ', 'Internet': ' Onbekend ', 'Energielabel': ' Onbekend ', 'Huisgenoten': '  Onbekend  ', 'Geslacht': ' Onbekend ', 'Huisdieren': ' Nee '}",
Anna van Eekerenstraat,in Helmond,49 m,Totaal 1 kamer,â‚¬ 875,p/m | excl. g/w/e,Gestoffeerd,01-02-2022,1 week geleden geplaatst,https://kamernet.nl/huren/appartement-helmond/anna-van-eekerenstraat/appartement-1982719,"{'Woonkamer': ' Onbekend ', 'Keuken': ' Onbekend ', 'Badkamer': ' Onbekend ', 'Toilet': ' Onbekend ', 'Internet': ' Onbekend ', 'Energielabel': ' Onbekend ', 'Huisdieren': ' Nee '}",
Amandelstraat,in Den Haag,14 m,Totale oppervlakte: 90 m 2,â‚¬ 540,p/m | excl. g/w/e,Gestoffeerd,01-11-2021,6 dagen geleden geplaatst,https://kamernet.nl/huren/kamer-den-haag/amandelstraat/kamer-1983289,"{'Woonkamer': ' Gedeeld ', 'Keuken': ' Gedeeld ', 'Badkamer': ' Gedeeld ', 'Toilet': ' Gedeeld ', 'Internet': ' Ja ', 'Energielabel': ' Onbekend ', 'Huisgenoten': '  2 ', 'Geslacht': ' Vrouw ', 'Huisdieren': ' Nee '}",
Anna van Eekerenstraat,in Helmond,49 m,Totaal 1 kamer,â‚¬ 875,p/m | excl. g/w/e,Gestoffeerd,01-02-2022,1 week geleden geplaatst,https://kamernet.nl/huren/appartement-helmond/anna-van-eekerenstraat/appartement-1982721,"{'Woonkamer': ' Onbekend ', 'Keuken': ' Onbekend ', 'Badkamer': ' Onbekend ', 'Toilet': ' Onbekend ', 'Internet': ' Onbekend ', 'Energielabel': ' Onbekend ', 'Huisdieren': ' Nee '}",
Mosselweg,in Biddinghuizen,56 m,,â‚¬ 1525,p/m | incl. g/w/e,Gemeubileerd,01-09-2021,1 week geleden geplaatst,https://kamernet.nl/huren/appartement-biddinghuizen/mosselweg/appartement-1982763,"{'Woonkamer': ' Onbekend ', 'Keuken': ' Onbekend ', 'Badkamer': ' Onbekend ', 'Toilet': ' Onbekend ', 'Internet': ' Ja ', 'Energielabel': ' Onbekend ', 'Huisdieren': ' Nee '}",
Parvatistraat,in Almere,119 m,,â‚¬ 1750,p/m | excl. g/w/e,Gestoffeerd,25-08-2021,1 week geleden geplaatst,https://kamernet.nl/huren/appartement-almere/parvatistraat/appartement-1982764,"{'Woonkamer': ' Onbekend ', 'Keuken': ' Onbekend ', 'Badkamer': ' Onbekend ', 'Toilet': ' Onbekend ', 'Internet': ' Onbekend ', 'Energielabel': ' Onbekend ', 'Huisdieren': ' Nee '}",
Havenzicht,in Almere,109 m,,â‚¬ 2750,p/m | excl. g/w/e,Gestoffeerd,25-08-2021,1 week geleden geplaatst,https://kamernet.nl/huren/appartement-almere/havenzicht/appartement-1982765,"{'Woonkamer': ' Onbekend ', 'Keuken': ' Onbekend ', 'Badkamer': ' Onbekend ', 'Toilet': ' Onbekend ', 'Internet': ' Ja ', 'Energielabel': ' Onbekend ', 'Huisdieren': ' Nee '}",
Beethovenlaan,in Arnhem,16 m,Totale oppervlakte: 12 m 2,â‚¬ 443,p/m | incl. g/w/e,Gestoffeerd,21-08-2021,1 week geleden geplaatst,https://kamernet.nl/huren/kamer-arnhem/beethovenlaan/kamer-1981868,"{'Woonkamer': ' Eigen ', 'Keuken': ' Eigen ', 'Badkamer': ' Gedeeld ', 'Toilet': ' Eigen ', 'Internet': ' Ja ', 'Energielabel': ' Onbekend ', 'Huisgenoten': '  2 ', 'Geslacht': ' Gemengd ', 'Huisdieren': ' Nee '}",
Meesweg,in Almere,235 m,,â‚¬ 2750,p/m | incl. g/w/e,Gestoffeerd,01-09-2021,1 week geleden geplaatst,https://kamernet.nl/huren/appartement-almere/meesweg/appartement-1982767,"{'Woonkamer': ' Onbekend ', 'Keuken': ' Onbekend ', 'Badkamer': ' Onbekend ', 'Toilet': ' Onbekend ', 'Internet': ' Ja ', 'Energielabel': ' Onbekend ', 'Huisdieren': ' Nee '}",
Rietmeent,in Almere,120 m,,â‚¬ 1550,p/m | excl. g/w/e,Gestoffeerd,01-10-2021,1 week geleden geplaatst,https://kamernet.nl/huren/appartement-almere/rietmeent/appartement-1982768,"{'Woonkamer': ' Onbekend ', 'Keuken': ' Onbekend ', 'Badkamer': ' Onbekend ', 'Toilet': ' Onbekend ', 'Internet': ' Onbekend ', 'Energielabel': ' Onbekend ', 'Huisdieren': ' Nee '}",
Oudenoord,in Utrecht,22 m,,â‚¬ 415,p/m | incl. g/w/e,Gestoffeerd,04-10-2021,1 week geleden geplaatst,https://kamernet.nl/huren/kamer-utrecht/oudenoord/kamer-1980687,"{'Woonkamer': ' Gedeeld ', 'Keuken': ' Gedeeld ', 'Badkamer': ' Gedeeld ', 'Toilet': ' Gedeeld ', 'Internet': ' Ja ', 'Energielabel': ' Onbekend ', 'Huisgenoten': '  5 ', 'Geslacht': ' Gemengd ', 'Huisdieren': ' In overleg '}",
Anna van Eekerenstraat,in Helmond,49 m,Totaal 1 kamer,â‚¬ 875,p/m | excl. g/w/e,Gestoffeerd,01-02-2022,1 week geleden geplaatst,https://kamernet.nl/huren/appartement-helmond/anna-van-eekerenstraat/appartement-1982720,"{'Woonkamer': ' Onbekend ', 'Keuken': ' Onbekend ', 'Badkamer': ' Onbekend ', 'Toilet': ' Onbekend ', 'Internet': ' Onbekend ', 'Energielabel': ' Onbekend ', 'Huisdieren': ' Nee '}",
Abraham Kuypersingel,in Zwijndrecht,134 m,,â‚¬ 1425,p/m | excl. g/w/e,Gestoffeerd,01-10-2021,1 week geleden geplaatst,https://kamernet.nl/huren/appartement-zwijndrecht/abraham-kuypersingel/appartement-1982791,"{'Woonkamer': ' Onbekend ', 'Keuken': ' Onbekend ', 'Badkamer': ' Onbekend ', 'Toilet': ' Onbekend ', 'Internet': ' Onbekend ', 'Energielabel': ' Onbekend ', 'Huisdieren': ' In overleg '}",
Meerstraat,in Almere,77 m,,â‚¬ 1350,p/m | excl. g/w/e,Gestoffeerd,01-09-2021,1 week geleden geplaatst,https://kamernet.nl/huren/appartement-almere/meerstraat/appartement-1982766,"{'Woonkamer': ' Onbekend ', 'Keuken': ' Onbekend ', 'Badkamer': ' Onbekend ', 'Toilet': ' Onbekend ', 'Internet': ' Onbekend ', 'Energielabel': ' Onbekend ', 'Huisdieren': ' Nee '}",
Stationsweg,in Dordrecht,45 m,Totaal 1 kamer,â‚¬ 790,p/m | excl. g/w/e,Onbekend,25-08-2021,1 week geleden geplaatst,https://kamernet.nl/huren/appartement-dordrecht/stationsweg/appartement-1982786,"{'Woonkamer': ' Onbekend ', 'Keuken': ' Onbekend ', 'Badkamer': ' Onbekend ', 'Toilet': ' Onbekend ', 'Internet': ' Onbekend ', 'Energielabel': ' Onbekend ', 'Huisdieren': ' In overleg '}",
Stationsweg,in Dordrecht,45 m,Totaal 1 kamer,â‚¬ 790,p/m | excl. g/w/e,Onbekend,25-08-2021,1 week geleden geplaatst,https://kamernet.nl/huren/appartement-dordrecht/stationsweg/appartement-1982785,"{'Woonkamer': ' Onbekend ', 'Keuken': ' Onbekend ', 'Badkamer': ' Onbekend ', 'Toilet': ' Onbekend ', 'Internet': ' Onbekend ', 'Energielabel': ' Onbekend ', 'Huisdieren': ' In overleg '}",
Rhonestraat,in Lelystad,18 m,Totale oppervlakte: 110 m 2,â‚¬ 450,p/m | incl. g/w/e,Gemeubileerd,17-09-2021 tot 01-04-2022,1 week geleden geplaatst,https://kamernet.nl/huren/kamer-lelystad/rhonestraat/kamer-1981835,"{'Woonkamer': ' Gedeeld ', 'Keuken': ' Gedeeld ', 'Badkamer': ' Gedeeld ', 'Toilet': ' Gedeeld ', 'Internet': ' Ja ', 'Energielabel': ' B ', 'Huisgenoten': '  2 ', 'Geslacht': ' Gemengd ', 'Huisdieren': ' Nee '}",
Standhasenstraat,in Dordrecht,80 m,,â‚¬ 1250,p/m | excl. g/w/e,Gemeubileerd,01-10-2021,1 week geleden geplaatst,https://kamernet.nl/huren/appartement-dordrecht/standhasenstraat/appartement-1982790,"{'Woonkamer': ' Onbekend ', 'Keuken': ' Onbekend ', 'Badkamer': ' Onbekend ', 'Toilet': ' Onbekend ', 'Internet': ' Onbekend ', 'Energielabel': ' Onbekend ', 'Huisdieren': ' In overleg '}",
Linnaeusstraat,in Utrecht,50 m,Totaal 2 kamers (1 slaapkamer) ,â‚¬ 1349,p/m | excl. g/w/e,Gestoffeerd,21-08-2021,1 week geleden geplaatst,https://kamernet.nl/huren/appartement-utrecht/linnaeusstraat/appartement-1981879,"{'Woonkamer': ' Eigen ', 'Keuken': ' Eigen ', 'Badkamer': ' Eigen ', 'Toilet': ' Eigen ', 'Internet': ' Ja ', 'Energielabel': ' Onbekend ', 'Huisdieren': ' Ja '}",
Prinses Julianalaan,in Rotterdam,17 m,,â‚¬ 350,p/m | excl. g/w/e,Gemeubileerd,01-09-2021,1 week geleden geplaatst,https://kamernet.nl/huren/kamer-rotterdam/prinses-julianalaan/kamer-1981834,"{'Woonkamer': ' Geen ', 'Keuken': ' Gedeeld ', 'Badkamer': ' Gedeeld ', 'Toilet': ' Gedeeld ', 'Internet': ' Ja ', 'Energielabel': ' Onbekend ', 'Huisgenoten': '  1 ', 'Geslacht': ' Man ', 'Huisdieren': ' Nee '}",
Lodewijk Napoleonplein,in Eindhoven,17 m,Totale oppervlakte: 50 m 2,â‚¬ 400,p/m | incl. g/w/e,Gestoffeerd,01-09-2021,1 week geleden geplaatst,https://kamernet.nl/huren/kamer-eindhoven/lodewijk-napoleonplein/kamer-1981896,"{'Woonkamer': ' Gedeeld ', 'Keuken': ' Gedeeld ', 'Badkamer': ' Gedeeld ', 'Toilet': ' Gedeeld ', 'Internet': ' Onbekend ', 'Energielabel': ' Onbekend ', 'Huisgenoten': '  5 ', 'Geslacht': ' Gemengd ', 'Huisdieren': ' Nee '}",
Orthenseweg,in Den Bosch,50 m,Totaal 1 kamer (1 slaapkamer) ,â‚¬ 875,p/m | excl. g/w/e,Gestoffeerd,01-10-2021,1 week geleden geplaatst,https://kamernet.nl/huren/studio-den-bosch/orthenseweg/studio-1982106,"{'Woonkamer': ' Eigen ', 'Keuken': ' Eigen ', 'Badkamer': ' Eigen ', 'Toilet': ' Eigen ', 'Internet': ' Ja ', 'Energielabel': ' Onbekend ', 'Huisdieren': ' Nee '}",
Koningin Wilhelminaplein,in Amsterdam,12 m,Totale oppervlakte: 90 m 2,â‚¬ 775,p/m | incl. g/w/e,Gestoffeerd,01-09-2021,1 week geleden geplaatst,https://kamernet.nl/huren/kamer-amsterdam/koningin-wilhelminaplein/kamer-1982115,"{'Woonkamer': ' Gedeeld ', 'Keuken': ' Gedeeld ', 'Badkamer': ' Gedeeld ', 'Toilet': ' Gedeeld ', 'Internet': ' Ja ', 'Energielabel': ' Onbekend ', 'Huisgenoten': '  1 ', 'Geslacht': ' Man ', 'Huisdieren': ' In overleg '}",
Agaatlaan,in Leiden,16 m,,â‚¬ 400,p/m | incl. g/w/e,Gemeubileerd,01-10-2021,1 week geleden geplaatst,https://kamernet.nl/huren/kamer-leiden/agaatlaan/kamer-1982119,"{'Woonkamer': ' Geen ', 'Keuken': ' Gedeeld ', 'Badkamer': ' Gedeeld ', 'Toilet': ' Gedeeld ', 'Internet': ' Ja ', 'Energielabel': ' Onbekend ', 'Huisgenoten': '  2 ', 'Geslacht': ' Man ', 'Huisdieren': ' Nee '}",
Professor Poelslaan,in Rotterdam,8 m,Totale oppervlakte: 20 m 2,â‚¬ 450,p/m | incl. g/w/e,Kaal,01-10-2021,1 week geleden geplaatst,https://kamernet.nl/huren/kamer-rotterdam/professor-poelslaan/kamer-1982120,"{'Woonkamer': ' Gedeeld ', 'Keuken': ' Gedeeld ', 'Badkamer': ' Gedeeld ', 'Toilet': ' Gedeeld ', 'Internet': ' Ja ', 'Energielabel': ' Onbekend ', 'Huisgenoten': '  3 ', 'Geslacht': ' Gemengd ', 'Huisdieren': ' Nee '}",
van Heesplein,in Berkel en Rodenrijs,34 m,Totaal 1 kamer (1 slaapkamer) ,â‚¬ 800,p/m | incl. g/w/e,Gemeubileerd,17-09-2021 tot 30-06-2022,1 week geleden geplaatst,https://kamernet.nl/huren/studio-berkel-en-rodenrijs/van-heesplein/studio-1982144,"{'Woonkamer': ' Eigen ', 'Keuken': ' Eigen ', 'Badkamer': ' Eigen ', 'Toilet': ' Eigen ', 'Internet': ' Ja ', 'Energielabel': ' A ', 'Huisdieren': ' Nee '}",
De Schans,in Maassluis,6 m,,â‚¬ 375,p/m | incl. g/w/e,Gemeubileerd,23-09-2021,1 week geleden geplaatst,https://kamernet.nl/huren/kamer-maassluis/de-schans/kamer-1879678,"{'Woonkamer': ' Gedeeld ', 'Keuken': ' Gedeeld ', 'Badkamer': ' Gedeeld ', 'Toilet': ' Gedeeld ', 'Internet': ' Ja ', 'Energielabel': ' Onbekend ', 'Huisgenoten': '  Geen ', 'Geslacht': ' Onbekend ', 'Huisdieren': ' In overleg '}",
Palestrinalaan,in Zwolle,80 m,Totaal 3 kamers,â‚¬ 725,p/m | excl. g/w/e,Gestoffeerd,29-11-2021,1 week geleden geplaatst,https://kamernet.nl/huren/appartement-zwolle/palestrinalaan/appartement-1982793,"{'Woonkamer': ' Onbekend ', 'Keuken': ' Onbekend ', 'Badkamer': ' Onbekend ', 'Toilet': ' Onbekend ', 'Internet': ' Onbekend ', 'Energielabel': ' Onbekend ', 'Huisdieren': ' In overleg '}",
Wijenburglaan,in Arnhem,11 m,,â‚¬ 325,p/m | incl. g/w/e,Gestoffeerd,01-09-2021,1 week geleden geplaatst,https://kamernet.nl/huren/kamer-arnhem/wijenburglaan/kamer-1982167,"{'Woonkamer': ' Geen ', 'Keuken': ' Gedeeld ', 'Badkamer': ' Gedeeld ', 'Toilet': ' Gedeeld ', 'Internet': ' Ja ', 'Energielabel': ' Onbekend ', 'Huisgenoten': '  3 ', 'Geslacht': ' Gemengd ', 'Huisdieren': ' Nee '}",
Goeman Borgesiusstraat,in Winterswijk,12 m,Totale oppervlakte: 100 m 2,â‚¬ 475,p/m | incl. g/w/e,Gemeubileerd,01-09-2021 tot 01-03-2022,1 week geleden geplaatst,https://kamernet.nl/huren/kamer-winterswijk/goeman-borgesiusstraat/kamer-1981893,"{'Woonkamer': ' Gedeeld ', 'Keuken': ' Gedeeld ', 'Badkamer': ' Gedeeld ', 'Toilet': ' Gedeeld ', 'Internet': ' Ja ', 'Energielabel': ' B ', 'Huisgenoten': '  2 ', 'Geslacht': ' Gemengd ', 'Huisdieren': ' Nee '}",
Langshout,in Houten,36 m,,â‚¬ 550,p/m | incl. g/w/e,Gemeubileerd,01-10-2021,1 week geleden geplaatst,https://kamernet.nl/huren/kamer-houten/langshout/kamer-1982171,"{'Woonkamer': ' Eigen ', 'Keuken': ' Eigen ', 'Badkamer': ' Eigen ', 'Toilet': ' Eigen ', 'Internet': ' Ja ', 'Energielabel': ' Onbekend ', 'Huisgenoten': '  2 ', 'Geslacht': ' Gemengd ', 'Huisdieren': ' Nee '}",
Foulkeslaan,in Delft,8 m,,â‚¬ 360,p/m | incl. g/w/e,Gestoffeerd,23-08-2021,1 week geleden geplaatst,https://kamernet.nl/huren/kamer-delft/foulkeslaan/kamer-1982161,"{'Woonkamer': ' Gedeeld ', 'Keuken': ' Gedeeld ', 'Badkamer': ' Gedeeld ', 'Toilet': ' Gedeeld ', 'Internet': ' Ja ', 'Energielabel': ' Onbekend ', 'Huisgenoten': '  5 ', 'Geslacht': ' Man ', 'Huisdieren': ' Nee '}",
Zuiderkade,in Ede,12 m,,â‚¬ 300,p/m | incl. g/w/e,Kaal,01-10-2021,1 week geleden geplaatst,https://kamernet.nl/huren/kamer-ede/zuiderkade/kamer-1982178,"{'Woonkamer': ' Gedeeld ', 'Keuken': ' Gedeeld ', 'Badkamer': ' Gedeeld ', 'Toilet': ' Gedeeld ', 'Internet': ' Ja ', 'Energielabel': ' Onbekend ', 'Huisgenoten': '  4  ', 'Geslacht': ' Onbekend ', 'Huisdieren': ' In overleg '}",
Dorpsweg,in Rotterdam,20 m,Totale oppervlakte: 17 m 2,â‚¬ 550,p/m | incl. g/w/e,Gemeubileerd,12-09-2021 tot 12-09-2022,1 week geleden geplaatst,https://kamernet.nl/huren/kamer-rotterdam/dorpsweg/kamer-1982177,"{'Woonkamer': ' Gedeeld ', 'Keuken': ' Gedeeld ', 'Badkamer': ' Gedeeld ', 'Toilet': ' Gedeeld ', 'Internet': ' Ja ', 'Energielabel': ' Onbekend ', 'Huisgenoten': '  1 ', 'Geslacht': ' Gemengd ', 'Huisdieren': ' Nee '}",
Kasteelstraat,in Vlissingen,14 m,,â‚¬ 320,p/m | incl. g/w/e,Gemeubileerd,01-10-2021,1 week geleden geplaatst,https://kamernet.nl/huren/kamer-vlissingen/kasteelstraat/kamer-1982184,"{'Woonkamer': ' Geen ', 'Keuken': ' Gedeeld ', 'Badkamer': ' Gedeeld ', 'Toilet': ' Gedeeld ', 'Internet': ' Ja ', 'Energielabel': ' Onbekend ', 'Huisgenoten': '  7 ', 'Geslacht': ' Gemengd ', 'Huisdieren': ' Nee '}",
Bart Verhallenplein,in Schiedam,78 m,Totaal 4 kamers (3 slaapkamers) ,â‚¬ 1250,p/m | excl. g/w/e,Gestoffeerd,21-08-2021,1 week geleden geplaatst,https://kamernet.nl/huren/appartement-schiedam/bart-verhallenplein/appartement-1981888,"{'Woonkamer': ' Eigen ', 'Keuken': ' Eigen ', 'Badkamer': ' Eigen ', 'Toilet': ' Eigen ', 'Internet': ' Nee ', 'Energielabel': ' D ', 'Huisdieren': ' Nee '}",
Balkstreek,in Visvliet,10 m,,â‚¬ 400,p/m | excl. g/w/e,Gestoffeerd,23-08-2021 tot 01-09-2022,1 week geleden geplaatst,https://kamernet.nl/huren/kamer-visvliet/balkstreek/kamer-1982242,"{'Woonkamer': ' Gedeeld ', 'Keuken': ' Gedeeld ', 'Badkamer': ' Gedeeld ', 'Toilet': ' Gedeeld ', 'Internet': ' Ja ', 'Energielabel': ' Onbekend ', 'Huisgenoten': '  3 ', 'Geslacht': ' Vrouw ', 'Huisdieren': ' Nee '}",
Bijlmerdreef,in Amsterdam,80 m,,â‚¬ 1750,p/m | excl. g/w/e,Gemeubileerd,15-09-2021,1 week geleden geplaatst,https://kamernet.nl/huren/appartement-amsterdam/bijlmerdreef/appartement-1982245,"{'Woonkamer': ' Eigen ', 'Keuken': ' Eigen ', 'Badkamer': ' Eigen ', 'Toilet': ' Eigen ', 'Internet': ' Nee ', 'Energielabel': ' B ', 'Huisdieren': ' Nee '}",
Ibisdreef,in Utrecht,13 m,,â‚¬ 500,p/m | incl. g/w/e,Gemeubileerd,23-08-2021,1 week geleden geplaatst,https://kamernet.nl/huren/kamer-utrecht/ibisdreef/kamer-1982193,"{'Woonkamer': ' Onbekend ', 'Keuken': ' Gedeeld ', 'Badkamer': ' Gedeeld ', 'Toilet': ' Gedeeld ', 'Internet': ' Ja ', 'Energielabel': ' Onbekend ', 'Huisgenoten': '  Onbekend  ', 'Geslacht': ' Onbekend ', 'Huisdieren': ' Nee '}",
Gloriantstraat,in Amsterdam,56 m,Totaal 3 kamers (2 slaapkamers) ,â‚¬ 1400,p/m | incl. g/w/e,Gemeubileerd,04-09-2021 tot 08-10-2021,1 week geleden geplaatst,https://kamernet.nl/huren/appartement-amsterdam/gloriantstraat/appartement-1981905,"{'Woonkamer': ' Eigen ', 'Keuken': ' Eigen ', 'Badkamer': ' Eigen ', 'Toilet': ' Eigen ', 'Internet': ' Ja ', 'Energielabel': ' Onbekend ', 'Huisdieren': ' Nee '}",
Van Ostadestraat,in Amsterdam,11 m,Totale oppervlakte: 70 m 2,â‚¬ 840,p/m | incl. g/w/e,Gemeubileerd,01-10-2021,1 week geleden geplaatst,https://kamernet.nl/huren/kamer-amsterdam/van-ostadestraat/kamer-1982154,"{'Woonkamer': ' Gedeeld ', 'Keuken': ' Gedeeld ', 'Badkamer': ' Gedeeld ', 'Toilet': ' Gedeeld ', 'Internet': ' Ja ', 'Energielabel': ' Onbekend ', 'Huisgenoten': '  Onbekend  ', 'Geslacht': ' Onbekend ', 'Huisdieren': ' In overleg '}",
Tesselschadestraat,in Leiden,14 m,Totale oppervlakte: 14 m 2,â‚¬ 400,p/m | incl. g/w/e,Gestoffeerd,15-09-2021,1 week geleden geplaatst,https://kamernet.nl/huren/kamer-leiden/tesselschadestraat/kamer-1981910,"{'Woonkamer': ' Geen ', 'Keuken': ' Gedeeld ', 'Badkamer': ' Gedeeld ', 'Toilet': ' Gedeeld ', 'Internet': ' Ja ', 'Energielabel': ' Onbekend ', 'Huisgenoten': '  4  ', 'Geslacht': ' Vrouw ', 'Huisdieren': ' Nee '}",
Prinsesseweg,in Groningen,10 m,,â‚¬ 285,p/m | incl. g/w/e,Gestoffeerd,01-09-2021,1 week geleden geplaatst,https://kamernet.nl/huren/kamer-groningen/prinsesseweg/kamer-1981957,"{'Woonkamer': ' Gedeeld ', 'Keuken': ' Gedeeld ', 'Badkamer': ' Gedeeld ', 'Toilet': ' Gedeeld ', 'Internet': ' Ja ', 'Energielabel': ' Onbekend ', 'Huisgenoten': '  4  ', 'Geslacht': ' Man ', 'Huisdieren': ' In overleg '}",
Bergselaan,in Rotterdam,19 m,,â‚¬ 385,p/m | incl. g/w/e,Gestoffeerd,01-09-2021,1 week geleden geplaatst,https://kamernet.nl/huren/kamer-rotterdam/bergselaan/kamer-1981956,"{'Woonkamer': ' Geen ', 'Keuken': ' Gedeeld ', 'Badkamer': ' Gedeeld ', 'Toilet': ' Gedeeld ', 'Internet': ' Ja ', 'Energielabel': ' Onbekend ', 'Huisgenoten': '  2 ', 'Geslacht': ' Gemengd ', 'Huisdieren': ' Nee '}",
Boerhaavelaan,in Leiden,11 m,,â‚¬ 320,p/m | incl. g/w/e,Gestoffeerd,08-09-2021,1 week geleden geplaatst,https://kamernet.nl/huren/kamer-leiden/boerhaavelaan/kamer-1983126,"{'Woonkamer': ' Gedeeld ', 'Keuken': ' Gedeeld ', 'Badkamer': ' Gedeeld ', 'Toilet': ' Gedeeld ', 'Internet': ' Ja ', 'Energielabel': ' Onbekend ', 'Huisgenoten': '  Meer dan 8 ', 'Geslacht': ' Gemengd ', 'Huisdieren': ' Nee '}",
Magneetveld,in Almere,40 m,,â‚¬ 500,p/m | incl. g/w/e,Gemeubileerd,31-08-2021,1 week geleden geplaatst,https://kamernet.nl/huren/studio-almere/magneetveld/studio-1973830,"{'Woonkamer': ' Eigen ', 'Keuken': ' Eigen ', 'Badkamer': ' Gedeeld ', 'Toilet': ' Eigen ', 'Internet': ' Ja ', 'Energielabel': ' Onbekend ', 'Huisdieren': ' Nee '}",
Rozenstraat,in Enschede,15 m,,â‚¬ 235,p/m | excl. g/w/e,Gestoffeerd,31-08-2021,1 week geleden geplaatst,https://kamernet.nl/huren/kamer-enschede/rozenstraat/kamer-1981923,"{'Woonkamer': ' Gedeeld ', 'Keuken': ' Gedeeld ', 'Badkamer': ' Gedeeld ', 'Toilet': ' Gedeeld ', 'Internet': ' Ja ', 'Energielabel': ' Onbekend ', 'Huisgenoten': '  5 ', 'Geslacht': ' Man ', 'Huisdieren': ' Nee '}",
Voorthuizenstraat,in Amsterdam,12 m,,â‚¬ 575,p/m | incl. g/w/e,Gestoffeerd,01-09-2021,1 week geleden geplaatst,https://kamernet.nl/huren/kamer-amsterdam/voorthuizenstraat/kamer-1981952,"{'Woonkamer': ' Geen ', 'Keuken': ' Gedeeld ', 'Badkamer': ' Gedeeld ', 'Toilet': ' Gedeeld ', 'Internet': ' Ja ', 'Energielabel': ' Onbekend ', 'Huisgenoten': '  2 ', 'Geslacht': ' Gemengd ', 'Huisdieren': ' Nee '}",
Wollinghuizerweg,in Vlagtwedde,32 m,Totale oppervlakte: 175 m 2,â‚¬ 450,p/m | incl. g/w/e,Gemeubileerd,01-11-2021 tot 15-04-2022,1 week geleden geplaatst,https://kamernet.nl/huren/kamer-vlagtwedde/wollinghuizerweg/kamer-1981979,"{'Woonkamer': ' Gedeeld ', 'Keuken': ' Gedeeld ', 'Badkamer': ' Eigen ', 'Toilet': ' Eigen ', 'Internet': ' Ja ', 'Energielabel': ' B ', 'Huisgenoten': '  Onbekend  ', 'Geslacht': ' Gemengd ', 'Huisdieren': ' Nee '}",
Heezerweg,in Eindhoven,19 m,Totale oppervlakte: 122 m 2,â‚¬ 660,p/m | incl. g/w/e,Gestoffeerd,01-10-2021,1 week geleden geplaatst,https://kamernet.nl/huren/kamer-eindhoven/heezerweg/kamer-1981992,"{'Woonkamer': ' Gedeeld ', 'Keuken': ' Gedeeld ', 'Badkamer': ' Gedeeld ', 'Toilet': ' Gedeeld ', 'Internet': ' Ja ', 'Energielabel': ' Onbekend ', 'Huisgenoten': '  Onbekend  ', 'Geslacht': ' Onbekend ', 'Huisdieren': ' Nee '}",
Gestelsestraat,in Eindhoven,10 m,,â‚¬ 315,p/m | incl. g/w/e,Kaal,01-09-2021,1 week geleden geplaatst,https://kamernet.nl/huren/kamer-eindhoven/gestelsestraat/kamer-1982010,"{'Woonkamer': ' Gedeeld ', 'Keuken': ' Gedeeld ', 'Badkamer': ' Gedeeld ', 'Toilet': ' Gedeeld ', 'Internet': ' Ja ', 'Energielabel': ' Onbekend ', 'Huisgenoten': '  8  ', 'Geslacht': ' Man ', 'Huisdieren': ' Nee '}",
Borneoplein,in Groningen,20 m,,â‚¬ 350,p/m | incl. g/w/e,Kaal,01-09-2021,1 week geleden geplaatst,https://kamernet.nl/huren/kamer-groningen/borneoplein/kamer-1982015,"{'Woonkamer': ' Onbekend ', 'Keuken': ' Gedeeld ', 'Badkamer': ' Gedeeld ', 'Toilet': ' Gedeeld ', 'Internet': ' Onbekend ', 'Energielabel': ' Onbekend ', 'Huisgenoten': '  3 ', 'Geslacht': ' Man ', 'Huisdieren': ' Nee '}",
Krispijnseweg,in Dordrecht,30 m,,â‚¬ 950,p/m | incl. g/w/e,Gemeubileerd,01-10-2021 tot 31-03-2022,1 week geleden geplaatst,https://kamernet.nl/huren/kamer-dordrecht/krispijnseweg/kamer-1982172,"{'Woonkamer': ' Eigen ', 'Keuken': ' Eigen ', 'Badkamer': ' Eigen ', 'Toilet': ' Eigen ', 'Internet': ' Ja ', 'Energielabel': ' Onbekend ', 'Huisgenoten': '  Onbekend  ', 'Geslacht': ' Onbekend ', 'Huisdieren': ' Nee '}",
Generaal De Wetstraat,in Haarlem,25 m,Totale oppervlakte: 50 m 2,â‚¬ 550,p/m | incl. g/w/e,Gestoffeerd,23-08-2021,1 week geleden geplaatst,https://kamernet.nl/huren/kamer-haarlem/generaal-de-wetstraat/kamer-1981934,"{'Woonkamer': ' Gedeeld ', 'Keuken': ' Gedeeld ', 'Badkamer': ' Gedeeld ', 'Toilet': ' Gedeeld ', 'Internet': ' Ja ', 'Energielabel': ' Onbekend ', 'Huisgenoten': '  3 ', 'Geslacht': ' Gemengd ', 'Huisdieren': ' Nee '}",
Poststraat,in Tilburg,15 m,,â‚¬ 300,p/m | excl. g/w/e,Kaal,22-08-2021,1 week geleden geplaatst,https://kamernet.nl/huren/kamer-tilburg/poststraat/kamer-1982000,"{'Woonkamer': ' Gedeeld ', 'Keuken': ' Gedeeld ', 'Badkamer': ' Gedeeld ', 'Toilet': ' Gedeeld ', 'Internet': ' Ja ', 'Energielabel': ' Onbekend ', 'Huisgenoten': '  Onbekend  ', 'Geslacht': ' Onbekend ', 'Huisdieren': ' Nee '}",
Kromhoutstraat,in Groningen,25 m,,â‚¬ 250,p/m | incl. g/w/e,Gemeubileerd,01-09-2021 tot 31-08-2022,1 week geleden geplaatst,https://kamernet.nl/huren/kamer-groningen/kromhoutstraat/kamer-1982024,"{'Woonkamer': ' Eigen ', 'Keuken': ' Gedeeld ', 'Badkamer': ' Eigen ', 'Toilet': ' Gedeeld ', 'Internet': ' Ja ', 'Energielabel': ' Onbekend ', 'Huisgenoten': '  5 ', 'Geslacht': ' Gemengd ', 'Huisdieren': ' Nee '}",
Laaressingel,in Enschede,20 m,,â‚¬ 220,p/m | incl. g/w/e,Gestoffeerd,01-09-2021,1 week geleden geplaatst,https://kamernet.nl/huren/kamer-enschede/laaressingel/kamer-1982032,"{'Woonkamer': ' Geen ', 'Keuken': ' Gedeeld ', 'Badkamer': ' Gedeeld ', 'Toilet': ' Gedeeld ', 'Internet': ' Ja ', 'Energielabel': ' Onbekend ', 'Huisgenoten': '  4  ', 'Geslacht': ' Gemengd ', 'Huisdieren': ' Nee '}",
Cruquiusweg,in Amsterdam,40 m,,â‚¬ 1150,p/m | incl. g/w/e,Gestoffeerd,25-08-2021 tot 26-02-2022,1 week geleden geplaatst,https://kamernet.nl/huren/studio-amsterdam/cruquiusweg/studio-1982040,"{'Woonkamer': ' Gedeeld ', 'Keuken': ' Gedeeld ', 'Badkamer': ' Gedeeld ', 'Toilet': ' Gedeeld ', 'Internet': ' Nee ', 'Energielabel': ' A ', 'Huisdieren': ' Ja '}",
Jufferstraat,in Rotterdam,10 m,Totale oppervlakte: 80 m 2,â‚¬ 575,p/m | incl. g/w/e,Gestoffeerd,01-09-2021,1 week geleden geplaatst,https://kamernet.nl/huren/kamer-rotterdam/jufferstraat/kamer-1982001,"{'Woonkamer': ' Gedeeld ', 'Keuken': ' Gedeeld ', 'Badkamer': ' Gedeeld ', 'Toilet': ' Gedeeld ', 'Internet': ' Ja ', 'Energielabel': ' Onbekend ', 'Huisgenoten': '  2 ', 'Geslacht': ' Vrouw ', 'Huisdieren': ' In overleg '}",
Driebergsestraatweg,in Doorn,18 m,Totale oppervlakte: 20 m 2,â‚¬ 650,p/m | incl. g/w/e,Gestoffeerd,22-08-2021,1 week geleden geplaatst,https://kamernet.nl/huren/kamer-doorn/driebergsestraatweg/kamer-1981985,"{'Woonkamer': ' Gedeeld ', 'Keuken': ' Gedeeld ', 'Badkamer': ' Gedeeld ', 'Toilet': ' Gedeeld ', 'Internet': ' Nee ', 'Energielabel': ' Onbekend ', 'Huisgenoten': '  1 ', 'Geslacht': ' Man ', 'Huisdieren': ' Nee '}",
Nicolaas Beetsstraat,in Schiedam,10 m,Totale oppervlakte: 83 m 2,â‚¬ 475,p/m | incl. g/w/e,Gestoffeerd,17-10-2021,1 week geleden geplaatst,https://kamernet.nl/huren/kamer-schiedam/nicolaas-beetsstraat/kamer-1982056,"{'Woonkamer': ' Gedeeld ', 'Keuken': ' Gedeeld ', 'Badkamer': ' Gedeeld ', 'Toilet': ' Gedeeld ', 'Internet': ' Ja ', 'Energielabel': ' Onbekend ', 'Huisgenoten': '  Onbekend  ', 'Geslacht': ' Onbekend ', 'Huisdieren': ' Nee '}",
Amerika H,in Een,80 m,Totaal 4 kamers (2 slaapkamers) ,â‚¬ 800,p/m | excl. g/w/e,Gemeubileerd,23-08-2021 tot 30-06-2022,1 week geleden geplaatst,https://kamernet.nl/huren/studio-een/amerika-h/studio-1982072,"{'Woonkamer': ' Eigen ', 'Keuken': ' Eigen ', 'Badkamer': ' Eigen ', 'Toilet': ' Eigen ', 'Internet': ' Ja ', 'Energielabel': ' Onbekend ', 'Huisdieren': ' Nee '}",
Kaldenkerkerweg,in Venlo,16 m,Totale oppervlakte: 30 m 2,â‚¬ 360,p/m | incl. g/w/e,Gestoffeerd,15-09-2021,1 week geleden geplaatst,https://kamernet.nl/huren/kamer-venlo/kaldenkerkerweg/kamer-1919987,"{'Woonkamer': ' Geen ', 'Keuken': ' Gedeeld ', 'Badkamer': ' Gedeeld ', 'Toilet': ' Gedeeld ', 'Internet': ' Ja ', 'Energielabel': ' D ', 'Huisgenoten': '  3 ', 'Geslacht': ' Gemengd ', 'Huisdieren': ' Nee '}",
Gerdesstraat,in Wageningen,12 m,,â‚¬ 333,p/m | excl. g/w/e,Gestoffeerd,23-07-2021,5 weken geleden geplaatst,https://kamernet.nl/huren/kamer-wageningen/gerdesstraat/kamer-1975387,"{'Woonkamer': ' Gedeeld ', 'Keuken': ' Gedeeld ', 'Badkamer': ' Gedeeld ', 'Toilet': ' Gedeeld ', 'Internet': ' Ja ', 'Energielabel': ' Onbekend ', 'Huisgenoten': '  3 ', 'Geslacht': ' Man ', 'Huisdieren': ' Nee '}",
Noorderhagen,in Enschede,20 m,,â‚¬ 270,p/m | excl. g/w/e,Gestoffeerd,20-08-2021,1 week geleden geplaatst,https://kamernet.nl/huren/kamer-enschede/noorderhagen/kamer-1981767,"{'Woonkamer': ' Gedeeld ', 'Keuken': ' Gedeeld ', 'Badkamer': ' Gedeeld ', 'Toilet': ' Gedeeld ', 'Internet': ' Ja ', 'Energielabel': ' Onbekend ', 'Huisgenoten': '  8  ', 'Geslacht': ' Man ', 'Huisdieren': ' Nee '}",
Jan Evertsenstraat,in Amsterdam,90 m,Totaal 3 kamers (2 slaapkamers) ,â‚¬ 1600,p/m | incl. g/w/e,Gemeubileerd,30-10-2021 tot 16-04-2022,1 week geleden geplaatst,https://kamernet.nl/huren/appartement-amsterdam/jan-evertsenstraat/appartement-1982063,"{'Woonkamer': ' Eigen ', 'Keuken': ' Eigen ', 'Badkamer': ' Eigen ', 'Toilet': ' Eigen ', 'Internet': ' Ja ', 'Energielabel': ' A ', 'Huisdieren': ' Nee '}",
E. du Perronlaan,in Delft,18 m,,â‚¬ 330,p/m | incl. g/w/e,Kaal,01-10-2021,1 week geleden geplaatst,https://kamernet.nl/huren/kamer-delft/e.-du-perronlaan/kamer-1982066,"{'Woonkamer': ' Gedeeld ', 'Keuken': ' Gedeeld ', 'Badkamer': ' Gedeeld ', 'Toilet': ' Gedeeld ', 'Internet': ' Ja ', 'Energielabel': ' Onbekend ', 'Huisgenoten': '  5 ', 'Geslacht': ' Gemengd ', 'Huisdieren': ' Nee '}",
Amsterdamsestraatweg,in Utrecht,50 m,,â‚¬ 975,p/m | excl. g/w/e,Gemeubileerd,01-10-2021 tot 01-04-2022,1 week geleden geplaatst,https://kamernet.nl/huren/appartement-utrecht/amsterdamsestraatweg/appartement-1982044,"{'Woonkamer': ' Eigen ', 'Keuken': ' Eigen ', 'Badkamer': ' Gedeeld ', 'Toilet': ' Eigen ', 'Internet': ' Ja ', 'Energielabel': ' Onbekend ', 'Huisdieren': ' Nee '}",
Pasteurstraat,in Leiden,30 m,,â‚¬ 480,p/m | incl. g/w/e,Gestoffeerd,01-10-2021,1 week geleden geplaatst,https://kamernet.nl/huren/kamer-leiden/pasteurstraat/kamer-1982041,"{'Woonkamer': ' Gedeeld ', 'Keuken': ' Gedeeld ', 'Badkamer': ' Gedeeld ', 'Toilet': ' Gedeeld ', 'Internet': ' Ja ', 'Energielabel': ' Onbekend ', 'Huisgenoten': '  8  ', 'Geslacht': ' Gemengd ', 'Huisdieren': ' Nee '}",
Nieuwezijds Armsteeg,in Amsterdam,55 m,,â‚¬ 1950,p/m | excl. g/w/e,Gemeubileerd,20-08-2021,1 week geleden geplaatst,https://kamernet.nl/huren/appartement-amsterdam/nieuwezijds-armsteeg/appartement-1982053,"{'Woonkamer': ' Eigen ', 'Keuken': ' Eigen ', 'Badkamer': ' Eigen ', 'Toilet': ' Eigen ', 'Internet': ' Ja ', 'Energielabel': ' Onbekend ', 'Huisdieren': ' Nee '}",
Kanaalstraat,in Enschede,13 m,,â‚¬ 300,p/m | incl. g/w/e,Gestoffeerd,22-08-2021,1 week geleden geplaatst,https://kamernet.nl/huren/kamer-enschede/kanaalstraat/kamer-1982055,"{'Woonkamer': ' Gedeeld ', 'Keuken': ' Gedeeld ', 'Badkamer': ' Gedeeld ', 'Toilet': ' Gedeeld ', 'Internet': ' Ja ', 'Energielabel': ' Onbekend ', 'Huisgenoten': '  6 ', 'Geslacht': ' Vrouw ', 'Huisdieren': ' Nee '}",
Amstelvlietstraat,in Amsterdam,14 m,Totale oppervlakte: 84 m 2,â‚¬ 755,p/m | excl. g/w/e,Gemeubileerd,15-10-2021,1 week geleden geplaatst,https://kamernet.nl/huren/kamer-amsterdam/amstelvlietstraat/kamer-1982079,"{'Woonkamer': ' Gedeeld ', 'Keuken': ' Gedeeld ', 'Badkamer': ' Gedeeld ', 'Toilet': ' Gedeeld ', 'Internet': ' Ja ', 'Energielabel': ' Onbekend ', 'Huisgenoten': '  1 ', 'Geslacht': ' Man ', 'Huisdieren': ' Nee '}",
Het Penseel,in Dronten,116 m,,â‚¬ 1475,p/m | excl. g/w/e,Gemeubileerd,01-10-2021,1 week geleden geplaatst,https://kamernet.nl/huren/appartement-dronten/het-penseel/appartement-1982769,"{'Woonkamer': ' Onbekend ', 'Keuken': ' Onbekend ', 'Badkamer': ' Onbekend ', 'Toilet': ' Onbekend ', 'Internet': ' Onbekend ', 'Energielabel': ' Onbekend ', 'Huisdieren': ' Nee '}",
Zuideinde,in Volendam,8 m,Totale oppervlakte: 70 m 2,â‚¬ 300,p/m | incl. g/w/e,Gemeubileerd,22-08-2021,1 week geleden geplaatst,https://kamernet.nl/huren/kamer-volendam/zuideinde/kamer-1982108,"{'Woonkamer': ' Gedeeld ', 'Keuken': ' Gedeeld ', 'Badkamer': ' Gedeeld ', 'Toilet': ' Gedeeld ', 'Internet': ' Ja ', 'Energielabel': ' C ', 'Huisgenoten': '  2 ', 'Geslacht': ' Gemengd ', 'Huisdieren': ' Nee '}",
Mallorcastraat,in Almere,88 m,,â‚¬ 1795,p/m | incl. g/w/e,Gemeubileerd,01-09-2021,1 week geleden geplaatst,https://kamernet.nl/huren/appartement-almere/mallorcastraat/appartement-1982142,"{'Woonkamer': ' Eigen ', 'Keuken': ' Eigen ', 'Badkamer': ' Eigen ', 'Toilet': ' Eigen ', 'Internet': ' Ja ', 'Energielabel': ' A ', 'Huisdieren': ' Nee '}",
Vinkensteynstraat,in Den Haag,15 m,,â‚¬ 585,p/m | incl. g/w/e,Gemeubileerd,01-09-2021,1 week geleden geplaatst,https://kamernet.nl/huren/kamer-den-haag/vinkensteynstraat/kamer-1982147,"{'Woonkamer': ' Geen ', 'Keuken': ' Gedeeld ', 'Badkamer': ' Gedeeld ', 'Toilet': ' Gedeeld ', 'Internet': ' Ja ', 'Energielabel': ' Onbekend ', 'Huisgenoten': '  2 ', 'Geslacht': ' Gemengd ', 'Huisdieren': ' Nee '}",
Hagenkampweg Zuid,in Eindhoven,16 m,Totale oppervlakte: 100 m 2,â‚¬ 725,p/m | incl. g/w/e,Gemeubileerd,22-08-2021,1 week geleden geplaatst,https://kamernet.nl/huren/kamer-eindhoven/hagenkampweg-zuid/kamer-1982080,"{'Woonkamer': ' Gedeeld ', 'Keuken': ' Gedeeld ', 'Badkamer': ' Gedeeld ', 'Toilet': ' Gedeeld ', 'Internet': ' Ja ', 'Energielabel': ' Onbekend ', 'Huisgenoten': '  1 ', 'Geslacht': ' Vrouw ', 'Huisdieren': ' Ja '}",
Dorpstraat,in Maastricht,14 m,,â‚¬ 350,p/m | incl. g/w/e,Kaal,20-09-2021,1 week geleden geplaatst,https://kamernet.nl/huren/kamer-maastricht/dorpstraat/kamer-1982098,"{'Woonkamer': ' Geen ', 'Keuken': ' Gedeeld ', 'Badkamer': ' Gedeeld ', 'Toilet': ' Gedeeld ', 'Internet': ' Ja ', 'Energielabel': ' Onbekend ', 'Huisgenoten': '  7 ', 'Geslacht': ' Gemengd ', 'Huisdieren': ' Nee '}",
1e Terralaan,in Capelle aan den IJssel,12 m,Totale oppervlakte: 100 m 2,â‚¬ 615,p/m | incl. g/w/e,Gemeubileerd,01-09-2021 tot 01-09-2022,1 week geleden geplaatst,https://kamernet.nl/huren/kamer-capelle-aan-den-ijssel/1e-terralaan/kamer-1981309,"{'Woonkamer': ' Gedeeld ', 'Keuken': ' Gedeeld ', 'Badkamer': ' Gedeeld ', 'Toilet': ' Gedeeld ', 'Internet': ' Ja ', 'Energielabel': ' B ', 'Huisgenoten': '  2 ', 'Geslacht': ' Man ', 'Huisdieren': ' Nee '}",
Jan Theuniszhof,in Amsterdam,11 m,,â‚¬ 550,p/m | incl. g/w/e,Gemeubileerd,22-08-2021,1 week geleden geplaatst,https://kamernet.nl/huren/kamer-amsterdam/jan-theuniszhof/kamer-1982051,"{'Woonkamer': ' Gedeeld ', 'Keuken': ' Gedeeld ', 'Badkamer': ' Gedeeld ', 'Toilet': ' Gedeeld ', 'Internet': ' Ja ', 'Energielabel': ' A ', 'Huisgenoten': '  2 ', 'Geslacht': ' Gemengd ', 'Huisdieren': ' Nee '}",
Zeedijk,in Assendelft,25 m,Totaal 1 kamer (1 slaapkamer) ,â‚¬ 725,p/m | incl. g/w/e,Gemeubileerd,12-09-2021 tot 01-07-2022,1 week geleden geplaatst,https://kamernet.nl/huren/studio-assendelft/zeedijk/studio-1982203,"{'Woonkamer': ' Eigen ', 'Keuken': ' Eigen ', 'Badkamer': ' Eigen ', 'Toilet': ' Eigen ', 'Internet': ' Ja ', 'Energielabel': ' A ', 'Huisdieren': ' Nee '}",
Heemraadweg,in Weesp,12 m,,â‚¬ 400,p/m | incl. g/w/e,Gemeubileerd,01-10-2021 tot 01-02-2022,1 week geleden geplaatst,https://kamernet.nl/huren/kamer-weesp/heemraadweg/kamer-1982151,"{'Woonkamer': ' Gedeeld ', 'Keuken': ' Gedeeld ', 'Badkamer': ' Gedeeld ', 'Toilet': ' Gedeeld ', 'Internet': ' Ja ', 'Energielabel': ' Onbekend ', 'Huisgenoten': '  2 ', 'Geslacht': ' Gemengd ', 'Huisdieren': ' Nee '}",
Soendastraat,in Enschede,28 m,,â‚¬ 310,p/m | incl. g/w/e,Gestoffeerd,01-07-2021,1 week geleden geplaatst,https://kamernet.nl/huren/kamer-enschede/soendastraat/kamer-1982214,"{'Woonkamer': ' Gedeeld ', 'Keuken': ' Gedeeld ', 'Badkamer': ' Gedeeld ', 'Toilet': ' Gedeeld ', 'Internet': ' Ja ', 'Energielabel': ' Onbekend ', 'Huisgenoten': '  4  ', 'Geslacht': ' Vrouw ', 'Huisdieren': ' Nee '}",
Burgemeester Knappertlaan,in Schiedam,11 m,,â‚¬ 580,p/m | incl. g/w/e,Gemeubileerd,23-08-2021,1 week geleden geplaatst,https://kamernet.nl/huren/kamer-schiedam/burgemeester-knappertlaan/kamer-1982218,"{'Woonkamer': ' Gedeeld ', 'Keuken': ' Gedeeld ', 'Badkamer': ' Gedeeld ', 'Toilet': ' Gedeeld ', 'Internet': ' Ja ', 'Energielabel': ' Onbekend ', 'Huisgenoten': '  1 ', 'Geslacht': ' Man ', 'Huisdieren': ' Nee '}",
Heilige Geestkerkhof,in Delft,10 m,Totale oppervlakte: 50 m 2,â‚¬ 510,p/m | incl. g/w/e,Kaal,25-08-2021,1 week geleden geplaatst,https://kamernet.nl/huren/kamer-delft/heilige-geestkerkhof/kamer-1982772,"{'Woonkamer': ' Gedeeld ', 'Keuken': ' Gedeeld ', 'Badkamer': ' Gedeeld ', 'Toilet': ' Gedeeld ', 'Internet': ' Ja ', 'Energielabel': ' Onbekend ', 'Huisgenoten': '  4  ', 'Geslacht': ' Man ', 'Huisdieren': ' Nee '}",
Amstelveenseweg,in Amsterdam,35 m,Totaal 2 kamers (1 slaapkamer) ,â‚¬ 900,p/m | incl. g/w/e,Kaal,23-08-2021,1 week geleden geplaatst,https://kamernet.nl/huren/studio-amsterdam/amstelveenseweg/studio-1982213,"{'Woonkamer': ' Eigen ', 'Keuken': ' Eigen ', 'Badkamer': ' Eigen ', 'Toilet': ' Eigen ', 'Internet': ' Ja ', 'Energielabel': ' Onbekend ', 'Huisdieren': ' Nee '}",
Steentilkade,in Groningen,14 m,,â‚¬ 455,p/m | incl. g/w/e,Gemeubileerd,23-08-2021,1 week geleden geplaatst,https://kamernet.nl/huren/kamer-groningen/steentilkade/kamer-1982241,"{'Woonkamer': ' Gedeeld ', 'Keuken': ' Gedeeld ', 'Badkamer': ' Gedeeld ', 'Toilet': ' Gedeeld ', 'Internet': ' Ja ', 'Energielabel': ' B ', 'Huisgenoten': '  4  ', 'Geslacht': ' Man ', 'Huisdieren': ' In overleg '}",
Bedumerweg,in Groningen,12 m,Totale oppervlakte: 60 m 2,â‚¬ 587,p/m | incl. g/w/e,Gemeubileerd,23-08-2021,1 week geleden geplaatst,https://kamernet.nl/huren/kamer-groningen/bedumerweg/kamer-1982233,"{'Woonkamer': ' Gedeeld ', 'Keuken': ' Gedeeld ', 'Badkamer': ' Gedeeld ', 'Toilet': ' Gedeeld ', 'Internet': ' Ja ', 'Energielabel': ' Onbekend ', 'Huisgenoten': '  Onbekend  ', 'Geslacht': ' Onbekend ', 'Huisdieren': ' In overleg '}",
Elzenlaan,in Groningen,12 m,,â‚¬ 440,p/m | incl. g/w/e,Gestoffeerd,01-10-2021,1 week geleden geplaatst,https://kamernet.nl/huren/appartement-groningen/elzenlaan/appartement-1982254,"{'Woonkamer': ' Gedeeld ', 'Keuken': ' Gedeeld ', 'Badkamer': ' Gedeeld ', 'Toilet': ' Gedeeld ', 'Internet': ' Ja ', 'Energielabel': ' Onbekend ', 'Huisdieren': ' Nee '}",
Rotterdamseweg,in Delft,22 m,Totale oppervlakte: 5 m 2,â‚¬ 595,p/m | incl. g/w/e,Gestoffeerd,01-09-2021,1 week geleden geplaatst,https://kamernet.nl/huren/kamer-delft/rotterdamseweg/kamer-1982273,"{'Woonkamer': ' Eigen ', 'Keuken': ' Geen ', 'Badkamer': ' Gedeeld ', 'Toilet': ' Gedeeld ', 'Internet': ' Ja ', 'Energielabel': ' B ', 'Huisgenoten': '  2 ', 'Geslacht': ' Man ', 'Huisdieren': ' Nee '}",
Stationsstraat,in Assen,26 m,,â‚¬ 390,p/m | incl. g/w/e,Kaal,01-10-2021,1 week geleden geplaatst,https://kamernet.nl/huren/kamer-assen/stationsstraat/kamer-1982282,"{'Woonkamer': ' Geen ', 'Keuken': ' Gedeeld ', 'Badkamer': ' Gedeeld ', 'Toilet': ' Gedeeld ', 'Internet': ' Ja ', 'Energielabel': ' Onbekend ', 'Huisgenoten': '  8  ', 'Geslacht': ' Vrouw ', 'Huisdieren': ' Nee '}",
Veestraat,in Tilburg,50 m,,â‚¬ 600,p/m | incl. g/w/e,Kaal,01-09-2021,1 week geleden geplaatst,https://kamernet.nl/huren/appartement-tilburg/veestraat/appartement-1982239,"{'Woonkamer': ' Eigen ', 'Keuken': ' Eigen ', 'Badkamer': ' Gedeeld ', 'Toilet': ' Eigen ', 'Internet': ' Nee ', 'Energielabel': ' Onbekend ', 'Huisdieren': ' Nee '}",
Agnietenstraat,in Arnhem,102 m,Totaal 6 kamers (4 slaapkamers) ,â‚¬ 1700,p/m | excl. g/w/e,Kaal,01-09-2021,1 week geleden geplaatst,https://kamernet.nl/huren/appartement-arnhem/agnietenstraat/appartement-1982286,"{'Woonkamer': ' Gedeeld ', 'Keuken': ' Gedeeld ', 'Badkamer': ' Gedeeld ', 'Toilet': ' Gedeeld ', 'Internet': ' Ja ', 'Energielabel': ' Onbekend ', 'Huisdieren': ' Nee '}",
Laagstraat,in Eindhoven,17 m,Totale oppervlakte: 19 m 2,â‚¬ 450,p/m | incl. g/w/e,Kaal,15-09-2021,1 week geleden geplaatst,https://kamernet.nl/huren/kamer-eindhoven/laagstraat/kamer-1982285,"{'Woonkamer': ' Geen ', 'Keuken': ' Gedeeld ', 'Badkamer': ' Gedeeld ', 'Toilet': ' Gedeeld ', 'Internet': ' Ja ', 'Energielabel': ' Onbekend ', 'Huisgenoten': '  1 ', 'Geslacht': ' Man ', 'Huisdieren': ' Nee '}",
Vrouwenweg,in Leiden,12 m,,â‚¬ 310,p/m | incl. g/w/e,Kaal,17-09-2021,1 week geleden geplaatst,https://kamernet.nl/huren/kamer-leiden/vrouwenweg/kamer-1982309,"{'Woonkamer': ' Gedeeld ', 'Keuken': ' Gedeeld ', 'Badkamer': ' Gedeeld ', 'Toilet': ' Gedeeld ', 'Internet': ' Ja ', 'Energielabel': ' Onbekend ', 'Huisgenoten': '  7 ', 'Geslacht': ' Gemengd ', 'Huisdieren': ' Nee '}",
Hoofdstraat,in Hoogezand,76 m,Totaal 3 kamers (2 slaapkamers) ,â‚¬ 1003,p/m | incl. g/w/e,Kaal,29-08-2021,1 week geleden geplaatst,https://kamernet.nl/huren/appartement-hoogezand/hoofdstraat/appartement-1982301,"{'Woonkamer': ' Eigen ', 'Keuken': ' Eigen ', 'Badkamer': ' Eigen ', 'Toilet': ' Eigen ', 'Internet': ' Ja ', 'Energielabel': ' A ', 'Huisdieren': ' In overleg '}",
Rijnstraat,in Amsterdam,7 m,Totale oppervlakte: 70 m 2,â‚¬ 610,p/m | incl. g/w/e,Gestoffeerd,01-09-2021 tot 01-11-2021,1 week geleden geplaatst,https://kamernet.nl/huren/kamer-amsterdam/rijnstraat/kamer-1982316,"{'Woonkamer': ' Gedeeld ', 'Keuken': ' Gedeeld ', 'Badkamer': ' Gedeeld ', 'Toilet': ' Gedeeld ', 'Internet': ' Ja ', 'Energielabel': ' Onbekend ', 'Huisgenoten': '  4  ', 'Geslacht': ' Vrouw ', 'Huisdieren': ' Nee '}",
Lutmastraat,in Amsterdam,18 m,,â‚¬ 925,p/m | incl. g/w/e,Gemeubileerd,02-10-2021 tot 02-10-2022,1 week geleden geplaatst,https://kamernet.nl/huren/kamer-amsterdam/lutmastraat/kamer-1982337,"{'Woonkamer': ' Geen ', 'Keuken': ' Gedeeld ', 'Badkamer': ' Gedeeld ', 'Toilet': ' Gedeeld ', 'Internet': ' Ja ', 'Energielabel': ' Onbekend ', 'Huisgenoten': '  1 ', 'Geslacht': ' Man ', 'Huisdieren': ' Nee '}",
Boorstraat,in Utrecht,20 m,Totale oppervlakte: 30 m 2,â‚¬ 800,p/m | incl. g/w/e,Gemeubileerd,01-09-2021,1 week geleden geplaatst,https://kamernet.nl/huren/kamer-utrecht/boorstraat/kamer-1982204,"{'Woonkamer': ' Eigen ', 'Keuken': ' Eigen ', 'Badkamer': ' Gedeeld ', 'Toilet': ' Gedeeld ', 'Internet': ' Ja ', 'Energielabel': ' Onbekend ', 'Huisgenoten': '  1 ', 'Geslacht': ' Vrouw ', 'Huisdieren': ' Nee '}",
Rodenburgstraat,in Arnhem,15 m,Totale oppervlakte: 75 m 2,â‚¬ 590,p/m | incl. g/w/e,Gemeubileerd,11-10-2021 tot 14-11-2021,1 week geleden geplaatst,https://kamernet.nl/huren/kamer-arnhem/rodenburgstraat/kamer-1982364,"{'Woonkamer': ' Geen ', 'Keuken': ' Gedeeld ', 'Badkamer': ' Gedeeld ', 'Toilet': ' Gedeeld ', 'Internet': ' Ja ', 'Energielabel': ' B ', 'Huisgenoten': '  1 ', 'Geslacht': ' Vrouw ', 'Huisdieren': ' Nee '}",
Keggedreef,in Utrecht,40 m,Totaal 2 kamers (1 slaapkamer) ,â‚¬ 900,p/m | incl. g/w/e,Gestoffeerd,15-09-2021,1 week geleden geplaatst,https://kamernet.nl/huren/appartement-utrecht/keggedreef/appartement-1982345,"{'Woonkamer': ' Eigen ', 'Keuken': ' Eigen ', 'Badkamer': ' Eigen ', 'Toilet': ' Eigen ', 'Internet': ' Ja ', 'Energielabel': ' A ', 'Huisdieren': ' In overleg '}",
Leerdamhof,in Amsterdam,10 m,,â‚¬ 550,p/m | incl. g/w/e,Gestoffeerd,29-08-2021 tot 02-01-2022,1 week geleden geplaatst,https://kamernet.nl/huren/kamer-amsterdam/leerdamhof/kamer-1982227,"{'Woonkamer': ' Gedeeld ', 'Keuken': ' Gedeeld ', 'Badkamer': ' Gedeeld ', 'Toilet': ' Gedeeld ', 'Internet': ' Ja ', 'Energielabel': ' B ', 'Huisgenoten': '  1 ', 'Geslacht': ' Man ', 'Huisdieren': ' Nee '}",
Van Oldenbarneveldtstraat,in Amsterdam,24 m,Totale oppervlakte: 120 m 2,â‚¬ 800,p/m | incl. g/w/e,Gemeubileerd,27-10-2021 tot 21-12-2021,1 week geleden geplaatst,https://kamernet.nl/huren/kamer-amsterdam/van-oldenbarneveldtstraat/kamer-1982379,"{'Woonkamer': ' Gedeeld ', 'Keuken': ' Gedeeld ', 'Badkamer': ' Gedeeld ', 'Toilet': ' Gedeeld ', 'Internet': ' Ja ', 'Energielabel': ' Onbekend ', 'Huisgenoten': '  2 ', 'Geslacht': ' Vrouw ', 'Huisdieren': ' Nee '}",
Bunschotenmeen,in Harderwijk,16 m,,â‚¬ 350,p/m | incl. g/w/e,Gestoffeerd,23-08-2021,1 week geleden geplaatst,https://kamernet.nl/huren/kamer-harderwijk/bunschotenmeen/kamer-1982384,"{'Woonkamer': ' Eigen ', 'Keuken': ' Eigen ', 'Badkamer': ' Gedeeld ', 'Toilet': ' Gedeeld ', 'Internet': ' Ja ', 'Energielabel': ' Onbekend ', 'Huisgenoten': '  2 ', 'Geslacht': ' Gemengd ', 'Huisdieren': ' Nee '}",
Czaar Peterstraat,in Amsterdam,14 m,,â‚¬ 600,p/m | incl. g/w/e,Gemeubileerd,26-09-2021 tot 31-03-2022,1 week geleden geplaatst,https://kamernet.nl/huren/kamer-amsterdam/czaar-peterstraat/kamer-1982390,"{'Woonkamer': ' Geen ', 'Keuken': ' Gedeeld ', 'Badkamer': ' Gedeeld ', 'Toilet': ' Gedeeld ', 'Internet': ' Ja ', 'Energielabel': ' Onbekend ', 'Huisgenoten': '  1 ', 'Geslacht': ' Vrouw ', 'Huisdieren': ' Nee '}",
Wycker Grachtstraat,in Maastricht,18 m,,â‚¬ 327,p/m | incl. g/w/e,Gestoffeerd,01-10-2021,1 week geleden geplaatst,https://kamernet.nl/huren/kamer-maastricht/wycker-grachtstraat/kamer-1982383,"{'Woonkamer': ' Gedeeld ', 'Keuken': ' Gedeeld ', 'Badkamer': ' Gedeeld ', 'Toilet': ' Gedeeld ', 'Internet': ' Ja ', 'Energielabel': ' Onbekend ', 'Huisgenoten': '  1 ', 'Geslacht': ' Man ', 'Huisdieren': ' Nee '}",
Korfoedreef,in Utrecht,80 m,Totaal 3 kamers (2 slaapkamers) ,â‚¬ 2250,p/m | incl. g/w/e,Gemeubileerd,18-09-2021,1 week geleden geplaatst,https://kamernet.nl/huren/appartement-utrecht/korfoedreef/appartement-1982393,"{'Woonkamer': ' Eigen ', 'Keuken': ' Eigen ', 'Badkamer': ' Eigen ', 'Toilet': ' Eigen ', 'Internet': ' Ja ', 'Energielabel': ' Onbekend ', 'Huisdieren': ' Nee '}",
Dollard,in Zwolle,10 m,Totale oppervlakte: 100 m 2,â‚¬ 400,p/m | incl. g/w/e,Gestoffeerd,01-09-2021 tot 31-03-2022,1 week geleden geplaatst,https://kamernet.nl/huren/kamer-zwolle/dollard/kamer-1982100,"{'Woonkamer': ' Gedeeld ', 'Keuken': ' Gedeeld ', 'Badkamer': ' Gedeeld ', 'Toilet': ' Gedeeld ', 'Internet': ' Ja ', 'Energielabel': ' Onbekend ', 'Huisgenoten': '  1 ', 'Geslacht': ' Man ', 'Huisdieren': ' Nee '}",
St. Antonielaan,in Arnhem,26 m,,â‚¬ 485,p/m | incl. g/w/e,Gestoffeerd,01-10-2021,1 week geleden geplaatst,https://kamernet.nl/huren/kamer-arnhem/st.-antonielaan/kamer-1982405,"{'Woonkamer': ' Eigen ', 'Keuken': ' Gedeeld ', 'Badkamer': ' Gedeeld ', 'Toilet': ' Gedeeld ', 'Internet': ' Ja ', 'Energielabel': ' Onbekend ', 'Huisgenoten': '  3 ', 'Geslacht': ' Vrouw ', 'Huisdieren': ' Nee '}",
Sint Lucasstraat,in Groningen,62 m,Totaal 3 kamers (2 slaapkamers) ,â‚¬ 1550,p/m | incl. g/w/e,Gemeubileerd,01-09-2021,1 week geleden geplaatst,https://kamernet.nl/huren/appartement-groningen/sint-lucasstraat/appartement-1982416,"{'Woonkamer': ' Eigen ', 'Keuken': ' Eigen ', 'Badkamer': ' Eigen ', 'Toilet': ' Eigen ', 'Internet': ' Ja ', 'Energielabel': ' A ', 'Huisdieren': ' Nee '}",
Groene Weide,in Arnhem,32 m,,â‚¬ 745,p/m | incl. g/w/e,Gestoffeerd,01-10-2021,1 week geleden geplaatst,https://kamernet.nl/huren/appartement-arnhem/groene-weide/appartement-1982370,"{'Woonkamer': ' Geen ', 'Keuken': ' Eigen ', 'Badkamer': ' Gedeeld ', 'Toilet': ' Eigen ', 'Internet': ' Ja ', 'Energielabel': ' Onbekend ', 'Huisdieren': ' Nee '}",
Schoutenstraat,in Arnhem,10 m,Totaal 1 kamer,â‚¬ 330,p/m | incl. g/w/e,Gestoffeerd,25-08-2021,1 week geleden geplaatst,https://kamernet.nl/huren/appartement-arnhem/schoutenstraat/appartement-1982446,"{'Woonkamer': ' Onbekend ', 'Keuken': ' Onbekend ', 'Badkamer': ' Onbekend ', 'Toilet': ' Onbekend ', 'Internet': ' Onbekend ', 'Energielabel': ' Onbekend ', 'Huisdieren': ' In overleg '}",
Luxemburglaan,in Eindhoven,10 m,Totale oppervlakte: 6 m 2,â‚¬ 300,p/m | incl. g/w/e,Gemeubileerd,28-08-2021,1 week geleden geplaatst,https://kamernet.nl/huren/kamer-eindhoven/luxemburglaan/kamer-1981086,"{'Woonkamer': ' Geen ', 'Keuken': ' Geen ', 'Badkamer': ' Gedeeld ', 'Toilet': ' Gedeeld ', 'Internet': ' Ja ', 'Energielabel': ' Onbekend ', 'Huisgenoten': '  2 ', 'Geslacht': ' Man ', 'Huisdieren': ' Nee '}",
Frederiksoordweg,in Pieterburen,16 m,Totale oppervlakte: 48 m 2,â‚¬ 300,p/m | incl. g/w/e,Gestoffeerd,31-08-2021,1 week geleden geplaatst,https://kamernet.nl/huren/kamer-pieterburen/frederiksoordweg/kamer-1982090,"{'Woonkamer': ' Gedeeld ', 'Keuken': ' Gedeeld ', 'Badkamer': ' Gedeeld ', 'Toilet': ' Gedeeld ', 'Internet': ' Ja ', 'Energielabel': ' Onbekend ', 'Huisgenoten': '  1 ', 'Geslacht': ' Man ', 'Huisdieren': ' Nee '}",
Kerkstraat,in Groningen,125 m,Totaal 4 kamers (1 slaapkamer) ,â‚¬ 1000,p/m | excl. g/w/e,Kaal,01-09-2021,1 week geleden geplaatst,https://kamernet.nl/huren/appartement-groningen/kerkstraat/appartement-1982289,"{'Woonkamer': ' Eigen ', 'Keuken': ' Eigen ', 'Badkamer': ' Eigen ', 'Toilet': ' Eigen ', 'Internet': ' Nee ', 'Energielabel': ' A ', 'Huisdieren': ' Nee '}",
Octant,in Almere,15 m,,â‚¬ 480,p/m | incl. g/w/e,Gemeubileerd,30-10-2021,1 week geleden geplaatst,https://kamernet.nl/huren/kamer-almere/octant/kamer-1982462,"{'Woonkamer': ' Gedeeld ', 'Keuken': ' Gedeeld ', 'Badkamer': ' Gedeeld ', 'Toilet': ' Gedeeld ', 'Internet': ' Ja ', 'Energielabel': ' Onbekend ', 'Huisgenoten': '  1 ', 'Geslacht': ' Onbekend ', 'Huisdieren': ' Nee '}",
van Montfoortstraat,in Voorburg,7 m,,â‚¬ 320,p/m | incl. g/w/e,Gestoffeerd,24-08-2021,1 week geleden geplaatst,https://kamernet.nl/huren/kamer-voorburg/van-montfoortstraat/kamer-1982468,"{'Woonkamer': ' Geen ', 'Keuken': ' Gedeeld ', 'Badkamer': ' Gedeeld ', 'Toilet': ' Gedeeld ', 'Internet': ' Ja ', 'Energielabel': ' Onbekend ', 'Huisgenoten': '  3 ', 'Geslacht': ' Gemengd ', 'Huisdieren': ' Nee '}",
S. F. van Ossstraat,in Amsterdam,20 m,Totale oppervlakte: 80 m 2,â‚¬ 750,p/m | incl. g/w/e,Gemeubileerd,29-08-2021 tot 01-07-2023,1 week geleden geplaatst,https://kamernet.nl/huren/kamer-amsterdam/s.-f.-van-ossstraat/kamer-1981907,"{'Woonkamer': ' Gedeeld ', 'Keuken': ' Gedeeld ', 'Badkamer': ' Gedeeld ', 'Toilet': ' Gedeeld ', 'Internet': ' Ja ', 'Energielabel': ' Onbekend ', 'Huisgenoten': '  2 ', 'Geslacht': ' Vrouw ', 'Huisdieren': ' Nee '}",
Griend,in Diemen,10 m,,â‚¬ 600,p/m | incl. g/w/e,Gemeubileerd,16-09-2021,1 week geleden geplaatst,https://kamernet.nl/huren/kamer-diemen/griend/kamer-1982489,"{'Woonkamer': ' Gedeeld ', 'Keuken': ' Gedeeld ', 'Badkamer': ' Gedeeld ', 'Toilet': ' Gedeeld ', 'Internet': ' Ja ', 'Energielabel': ' C ', 'Huisgenoten': '  5 ', 'Geslacht': ' Gemengd ', 'Huisdieren': ' Nee '}",
Tijgerpagelaan,in Utrecht,40 m,Totaal 2 kamers (1 slaapkamer) ,â‚¬ 950,p/m | incl. g/w/e,Gemeubileerd,15-09-2021 tot 28-10-2021,1 week geleden geplaatst,https://kamernet.nl/huren/appartement-utrecht/tijgerpagelaan/appartement-1982460,"{'Woonkamer': ' Eigen ', 'Keuken': ' Eigen ', 'Badkamer': ' Eigen ', 'Toilet': ' Eigen ', 'Internet': ' Nee ', 'Energielabel': ' Onbekend ', 'Huisdieren': ' Nee '}",
Bagijnhof,in Delft,20 m,,â‚¬ 350,p/m | incl. g/w/e,Kaal,08-09-2021,1 week geleden geplaatst,https://kamernet.nl/huren/kamer-delft/bagijnhof/kamer-1982435,"{'Woonkamer': ' Gedeeld ', 'Keuken': ' Gedeeld ', 'Badkamer': ' Gedeeld ', 'Toilet': ' Gedeeld ', 'Internet': ' Ja ', 'Energielabel': ' Onbekend ', 'Huisgenoten': '  Onbekend  ', 'Geslacht': ' Onbekend ', 'Huisdieren': ' Nee '}",
Hoogstraat,in Enschede,13 m,,â‚¬ 272,p/m | incl. g/w/e,Gestoffeerd,01-09-2021,1 week geleden geplaatst,https://kamernet.nl/huren/kamer-enschede/hoogstraat/kamer-1982165,"{'Woonkamer': ' Gedeeld ', 'Keuken': ' Gedeeld ', 'Badkamer': ' Gedeeld ', 'Toilet': ' Gedeeld ', 'Internet': ' Ja ', 'Energielabel': ' Onbekend ', 'Huisgenoten': '  4  ', 'Geslacht': ' Gemengd ', 'Huisdieren': ' Nee '}",
Klikspaanweg,in Leiden,11 m,,â‚¬ 280,p/m | incl. g/w/e,Kaal,07-09-2021,1 week geleden geplaatst,https://kamernet.nl/huren/kamer-leiden/klikspaanweg/kamer-1982529,"{'Woonkamer': ' Gedeeld ', 'Keuken': ' Gedeeld ', 'Badkamer': ' Gedeeld ', 'Toilet': ' Gedeeld ', 'Internet': ' Onbekend ', 'Energielabel': ' Onbekend ', 'Huisgenoten': '  Meer dan 8 ', 'Geslacht': ' Gemengd ', 'Huisdieren': ' Nee '}",
Wildeman,in Veenendaal,11 m,Totale oppervlakte: 30 m 2,â‚¬ 595,p/m | incl. g/w/e,Gestoffeerd,24-08-2021,1 week geleden geplaatst,https://kamernet.nl/huren/kamer-veenendaal/wildeman/kamer-1982437,"{'Woonkamer': ' Gedeeld ', 'Keuken': ' Gedeeld ', 'Badkamer': ' Gedeeld ', 'Toilet': ' Gedeeld ', 'Internet': ' Onbekend ', 'Energielabel': ' Onbekend ', 'Huisgenoten': '  Onbekend  ', 'Geslacht': ' Onbekend ', 'Huisdieren': ' Nee '}",
Molenveldlaan,in Nijmegen,80 m,Totaal 2 kamers (2 slaapkamers) ,â‚¬ 950,p/m | incl. g/w/e,Gemeubileerd,20-01-2022 tot 19-06-2022,1 week geleden geplaatst,https://kamernet.nl/huren/appartement-nijmegen/molenveldlaan/appartement-1982498,"{'Woonkamer': ' Eigen ', 'Keuken': ' Eigen ', 'Badkamer': ' Eigen ', 'Toilet': ' Eigen ', 'Internet': ' Ja ', 'Energielabel': ' Onbekend ', 'Huisdieren': ' Nee '}",
Lunterenstraat,in Den Haag,7 m,,â‚¬ 520,p/m | incl. g/w/e,Gemeubileerd,01-10-2021,1 week geleden geplaatst,https://kamernet.nl/huren/kamer-den-haag/lunterenstraat/kamer-1982560,"{'Woonkamer': ' Gedeeld ', 'Keuken': ' Gedeeld ', 'Badkamer': ' Gedeeld ', 'Toilet': ' Gedeeld ', 'Internet': ' Ja ', 'Energielabel': ' Onbekend ', 'Huisgenoten': '  2 ', 'Geslacht': ' Vrouw ', 'Huisdieren': ' Nee '}",
Hessenberg,in Nijmegen,25 m,,â‚¬ 485,p/m | incl. g/w/e,Kaal,03-09-2021 tot 01-04-2022,1 week geleden geplaatst,https://kamernet.nl/huren/kamer-nijmegen/hessenberg/kamer-1982550,"{'Woonkamer': ' Geen ', 'Keuken': ' Gedeeld ', 'Badkamer': ' Gedeeld ', 'Toilet': ' Gedeeld ', 'Internet': ' Ja ', 'Energielabel': ' Onbekend ', 'Huisgenoten': '  3 ', 'Geslacht': ' Gemengd ', 'Huisdieren': ' Nee '}",
Eendrachtskade,in Groningen,18 m,,â‚¬ 380,p/m | incl. g/w/e,Gestoffeerd,01-10-2021,1 week geleden geplaatst,https://kamernet.nl/huren/kamer-groningen/eendrachtskade/kamer-1982101,"{'Woonkamer': ' Geen ', 'Keuken': ' Eigen ', 'Badkamer': ' Gedeeld ', 'Toilet': ' Gedeeld ', 'Internet': ' Ja ', 'Energielabel': ' Onbekend ', 'Huisgenoten': '  7 ', 'Geslacht': ' Gemengd ', 'Huisdieren': ' Nee '}",
Hondstraat,in Maastricht,50 m,,â‚¬ 900,p/m | incl. g/w/e,Gemeubileerd,17-09-2021,1 week geleden geplaatst,https://kamernet.nl/huren/kamer-maastricht/hondstraat/kamer-1982336,"{'Woonkamer': ' Eigen ', 'Keuken': ' Eigen ', 'Badkamer': ' Eigen ', 'Toilet': ' Eigen ', 'Internet': ' Ja ', 'Energielabel': ' Onbekend ', 'Huisgenoten': '  1 ', 'Geslacht': ' Vrouw ', 'Huisdieren': ' In overleg '}",
Bella Vistastraat,in Amsterdam,30 m,,â‚¬ 1600,p/m | incl. g/w/e,Gemeubileerd,24-08-2021,1 week geleden geplaatst,https://kamernet.nl/huren/studio-amsterdam/bella-vistastraat/studio-1982538,"{'Woonkamer': ' Eigen ', 'Keuken': ' Eigen ', 'Badkamer': ' Eigen ', 'Toilet': ' Eigen ', 'Internet': ' Ja ', 'Energielabel': ' Onbekend ', 'Huisdieren': ' Nee '}",
St. Annastraat,in Nijmegen,60 m,Totaal 3 kamers (1 slaapkamer) ,â‚¬ 1325,p/m | incl. g/w/e,Gestoffeerd,01-01-2022,1 week geleden geplaatst,https://kamernet.nl/huren/appartement-nijmegen/st.-annastraat/appartement-1982544,"{'Woonkamer': ' Eigen ', 'Keuken': ' Eigen ', 'Badkamer': ' Eigen ', 'Toilet': ' Eigen ', 'Internet': ' Ja ', 'Energielabel': ' Onbekend ', 'Huisdieren': ' Nee '}",
Wilhelminastraat,in Breda,16 m,,â‚¬ 350,p/m | incl. g/w/e,Gestoffeerd,24-08-2021,1 week geleden geplaatst,https://kamernet.nl/huren/kamer-breda/wilhelminastraat/kamer-1982543,"{'Woonkamer': ' Gedeeld ', 'Keuken': ' Gedeeld ', 'Badkamer': ' Gedeeld ', 'Toilet': ' Gedeeld ', 'Internet': ' Ja ', 'Energielabel': ' Onbekend ', 'Huisgenoten': '  4  ', 'Geslacht': ' Man ', 'Huisdieren': ' Nee '}",
Korte Haaksbergerstraat,in Enschede,18 m,,â‚¬ 345,p/m | incl. g/w/e,Kaal,15-09-2021,1 week geleden geplaatst,https://kamernet.nl/huren/kamer-enschede/korte-haaksbergerstraat/kamer-1982373,"{'Woonkamer': ' Geen ', 'Keuken': ' Gedeeld ', 'Badkamer': ' Gedeeld ', 'Toilet': ' Gedeeld ', 'Internet': ' Ja ', 'Energielabel': ' Onbekend ', 'Huisgenoten': '  4  ', 'Geslacht': ' Vrouw ', 'Huisdieren': ' Nee '}",
Tweede Schinkelstraat,in Amsterdam,15 m,Totale oppervlakte: 85 m 2,â‚¬ 890,p/m | incl. g/w/e,Gemeubileerd,01-09-2021,1 week geleden geplaatst,https://kamernet.nl/huren/kamer-amsterdam/tweede-schinkelstraat/kamer-1982554,"{'Woonkamer': ' Gedeeld ', 'Keuken': ' Gedeeld ', 'Badkamer': ' Gedeeld ', 'Toilet': ' Gedeeld ', 'Internet': ' Ja ', 'Energielabel': ' Onbekend ', 'Huisgenoten': '  1 ', 'Geslacht': ' Vrouw ', 'Huisdieren': ' Nee '}",
Vlietwaard,in Alkmaar,14 m,,â‚¬ 395,p/m | incl. g/w/e,Gemeubileerd,01-09-2021,1 week geleden geplaatst,https://kamernet.nl/huren/kamer-alkmaar/vlietwaard/kamer-1982557,"{'Woonkamer': ' Gedeeld ', 'Keuken': ' Gedeeld ', 'Badkamer': ' Gedeeld ', 'Toilet': ' Gedeeld ', 'Internet': ' Ja ', 'Energielabel': ' Onbekend ', 'Huisgenoten': '  3 ', 'Geslacht': ' Gemengd ', 'Huisdieren': ' Nee '}",
Stokerkade,in Amsterdam,113 m,Totaal 2 kamers (1 slaapkamer) ,â‚¬ 1755,p/m | excl. g/w/e,Gestoffeerd,31-08-2021,1 week geleden geplaatst,https://kamernet.nl/huren/appartement-amsterdam/stokerkade/appartement-1982533,"{'Woonkamer': ' Eigen ', 'Keuken': ' Eigen ', 'Badkamer': ' Eigen ', 'Toilet': ' Eigen ', 'Internet': ' Nee ', 'Energielabel': ' A ', 'Huisdieren': ' Ja '}",
Vierambachtsstraat,in Rotterdam,18 m,Totale oppervlakte: 150 m 2,â‚¬ 725,p/m | incl. g/w/e,Gemeubileerd,01-10-2021 tot 01-03-2022,1 week geleden geplaatst,https://kamernet.nl/huren/kamer-rotterdam/vierambachtsstraat/kamer-1982496,"{'Woonkamer': ' Gedeeld ', 'Keuken': ' Gedeeld ', 'Badkamer': ' Gedeeld ', 'Toilet': ' Gedeeld ', 'Internet': ' Ja ', 'Energielabel': ' Onbekend ', 'Huisgenoten': '  2 ', 'Geslacht': ' Vrouw ', 'Huisdieren': ' In overleg '}",
Doggerstraat,in Rotterdam,20 m,,â‚¬ 550,p/m | incl. g/w/e,Gemeubileerd,01-10-2021,1 week geleden geplaatst,https://kamernet.nl/huren/kamer-rotterdam/doggerstraat/kamer-1982572,"{'Woonkamer': ' Gedeeld ', 'Keuken': ' Gedeeld ', 'Badkamer': ' Gedeeld ', 'Toilet': ' Gedeeld ', 'Internet': ' Ja ', 'Energielabel': ' B ', 'Huisgenoten': '  Onbekend  ', 'Geslacht': ' Onbekend ', 'Huisdieren': ' Nee '}",
Muzenplein,in Den Haag,16 m,Totale oppervlakte: 98 m 2,â‚¬ 760,p/m | incl. g/w/e,Gemeubileerd,01-09-2021,1 week geleden geplaatst,https://kamernet.nl/huren/kamer-den-haag/muzenplein/kamer-1982597,"{'Woonkamer': ' Gedeeld ', 'Keuken': ' Gedeeld ', 'Badkamer': ' Gedeeld ', 'Toilet': ' Gedeeld ', 'Internet': ' Ja ', 'Energielabel': ' A ', 'Huisgenoten': '  1 ', 'Geslacht': ' Vrouw ', 'Huisdieren': ' Nee '}",
Oppert,in Rotterdam,18 m,,â‚¬ 750,p/m | incl. g/w/e,Gemeubileerd,26-08-2021,1 week geleden geplaatst,https://kamernet.nl/huren/kamer-rotterdam/oppert/kamer-1982617,"{'Woonkamer': ' Gedeeld ', 'Keuken': ' Gedeeld ', 'Badkamer': ' Gedeeld ', 'Toilet': ' Gedeeld ', 'Internet': ' Ja ', 'Energielabel': ' B ', 'Huisgenoten': '  2 ', 'Geslacht': ' Gemengd ', 'Huisdieren': ' In overleg '}",
Reinier Claeszenstraat,in Amsterdam,57 m,Totaal 2 kamers (1 slaapkamer) ,â‚¬ 1400,p/m | excl. g/w/e,Gemeubileerd,01-10-2021 tot 30-09-2022,1 week geleden geplaatst,https://kamernet.nl/huren/appartement-amsterdam/reinier-claeszenstraat/appartement-1982591,"{'Woonkamer': ' Eigen ', 'Keuken': ' Eigen ', 'Badkamer': ' Eigen ', 'Toilet': ' Eigen ', 'Internet': ' Nee ', 'Energielabel': ' Onbekend ', 'Huisdieren': ' Nee '}",
Burgemeester Meineszplein,in Rotterdam,22 m,Totale oppervlakte: 127 m 2,â‚¬ 615,p/m | excl. g/w/e,Gestoffeerd,01-10-2021,1 week geleden geplaatst,https://kamernet.nl/huren/kamer-rotterdam/burgemeester-meineszplein/kamer-1982594,"{'Woonkamer': ' Gedeeld ', 'Keuken': ' Gedeeld ', 'Badkamer': ' Gedeeld ', 'Toilet': ' Gedeeld ', 'Internet': ' Ja ', 'Energielabel': ' Onbekend ', 'Huisgenoten': '  Onbekend  ', 'Geslacht': ' Onbekend ', 'Huisdieren': ' In overleg '}",
Emmastraat,in Den Haag,13 m,,â‚¬ 600,p/m | incl. g/w/e,Gemeubileerd,05-10-2021 tot 31-05-2022,1 week geleden geplaatst,https://kamernet.nl/huren/kamer-den-haag/emmastraat/kamer-1982642,"{'Woonkamer': ' Eigen ', 'Keuken': ' Geen ', 'Badkamer': ' Gedeeld ', 'Toilet': ' Gedeeld ', 'Internet': ' Ja ', 'Energielabel': ' A ', 'Huisgenoten': '  1 ', 'Geslacht': ' Man ', 'Huisdieren': ' Nee '}",
Driemolendrift,in Groningen,33 m,Totaal 3 kamers (1 slaapkamer) ,â‚¬ 845,p/m | incl. g/w/e,Gestoffeerd,17-09-2021,1 week geleden geplaatst,https://kamernet.nl/huren/appartement-groningen/driemolendrift/appartement-1982645,"{'Woonkamer': ' Eigen ', 'Keuken': ' Eigen ', 'Badkamer': ' Eigen ', 'Toilet': ' Eigen ', 'Internet': ' Onbekend ', 'Energielabel': ' A ', 'Huisdieren': ' In overleg '}",
Zuidwijkring,in Heerhugowaard,43 m,,â‚¬ 750,p/m | incl. g/w/e,Gestoffeerd,01-11-2021,1 week geleden geplaatst,https://kamernet.nl/huren/appartement-heerhugowaard/zuidwijkring/appartement-1982588,"{'Woonkamer': ' Eigen ', 'Keuken': ' Eigen ', 'Badkamer': ' Eigen ', 'Toilet': ' Eigen ', 'Internet': ' Ja ', 'Energielabel': ' A ', 'Huisdieren': ' Nee '}",
Thomas van Kempenstraat,in Tilburg,37 m,,â‚¬ 858,p/m | excl. g/w/e,Onbekend,25-08-2021,1 week geleden geplaatst,https://kamernet.nl/huren/kamer-tilburg/thomas-van-kempenstraat/kamer-1982681,"{'Woonkamer': ' Onbekend ', 'Keuken': ' Onbekend ', 'Badkamer': ' Onbekend ', 'Toilet': ' Onbekend ', 'Internet': ' Onbekend ', 'Energielabel': ' Onbekend ', 'Huisgenoten': '  Onbekend  ', 'Geslacht': ' Onbekend ', 'Huisdieren': ' Nee '}",
Thomas van Kempenstraat,in Tilburg,34 m,,â‚¬ 836,p/m | excl. g/w/e,Onbekend,25-08-2021,1 week geleden geplaatst,https://kamernet.nl/huren/kamer-tilburg/thomas-van-kempenstraat/kamer-1982683,"{'Woonkamer': ' Onbekend ', 'Keuken': ' Onbekend ', 'Badkamer': ' Onbekend ', 'Toilet': ' Onbekend ', 'Internet': ' Onbekend ', 'Energielabel': ' Onbekend ', 'Huisgenoten': '  Onbekend  ', 'Geslacht': ' Onbekend ', 'Huisdieren': ' Nee '}",
Wormerhoek,in Capelle aan den IJssel,52 m,Totaal 1 kamer,â‚¬ 850,p/m | excl. g/w/e,Onbekend,25-08-2021,1 week geleden geplaatst,https://kamernet.nl/huren/appartement-capelle-aan-den-ijssel/wormerhoek/appartement-1982774,"{'Woonkamer': ' Onbekend ', 'Keuken': ' Onbekend ', 'Badkamer': ' Onbekend ', 'Toilet': ' Onbekend ', 'Internet': ' Onbekend ', 'Energielabel': ' Onbekend ', 'Huisdieren': ' In overleg '}",
Achter de Kerk,in Geldrop,87 m,Totaal 2 kamers,â‚¬ 827,p/m | excl. g/w/e,Onbekend,25-08-2021,1 week geleden geplaatst,https://kamernet.nl/huren/appartement-geldrop/achter-de-kerk/appartement-1982773,"{'Woonkamer': ' Onbekend ', 'Keuken': ' Onbekend ', 'Badkamer': ' Onbekend ', 'Toilet': ' Onbekend ', 'Internet': ' Onbekend ', 'Energielabel': ' Onbekend ', 'Huisdieren': ' In overleg '}",
Vleutenstraat,in Amsterdam,65 m,Totaal 2 kamers,â‚¬ 1150,p/m | excl. g/w/e,Gestoffeerd,01-09-2021,1 week geleden geplaatst,https://kamernet.nl/huren/appartement-amsterdam/vleutenstraat/appartement-1982762,"{'Woonkamer': ' Onbekend ', 'Keuken': ' Onbekend ', 'Badkamer': ' Onbekend ', 'Toilet': ' Onbekend ', 'Internet': ' Onbekend ', 'Energielabel': ' Onbekend ', 'Huisdieren': ' In overleg '}",
Veestraat,in Sittard,122 m,,â‚¬ 925,p/m | excl. g/w/e,Gestoffeerd,25-08-2021,1 week geleden geplaatst,https://kamernet.nl/huren/appartement-sittard/veestraat/appartement-1982761,"{'Woonkamer': ' Onbekend ', 'Keuken': ' Onbekend ', 'Badkamer': ' Onbekend ', 'Toilet': ' Onbekend ', 'Internet': ' Onbekend ', 'Energielabel': ' Onbekend ', 'Huisdieren': ' In overleg '}",
Nieuwe Ebbingestraat,in Groningen,20 m,,â‚¬ 400,p/m | incl. g/w/e,Kaal,15-09-2021,1 week geleden geplaatst,https://kamernet.nl/huren/kamer-groningen/nieuwe-ebbingestraat/kamer-1946807,"{'Woonkamer': ' Gedeeld ', 'Keuken': ' Gedeeld ', 'Badkamer': ' Gedeeld ', 'Toilet': ' Gedeeld ', 'Internet': ' Ja ', 'Energielabel': ' Onbekend ', 'Huisgenoten': '  Meer dan 8 ', 'Geslacht': ' Gemengd ', 'Huisdieren': ' In overleg '}",
Groen van Prinstererstraat,in Sittard,80 m,,â‚¬ 895,p/m | excl. g/w/e,Gestoffeerd,01-09-2021,1 week geleden geplaatst,https://kamernet.nl/huren/appartement-sittard/groen-van-prinstererstraat/appartement-1982759,"{'Woonkamer': ' Onbekend ', 'Keuken': ' Onbekend ', 'Badkamer': ' Onbekend ', 'Toilet': ' Onbekend ', 'Internet': ' Onbekend ', 'Energielabel': ' Onbekend ', 'Huisdieren': ' In overleg '}",
Bernhardlaan,in Sittard,108 m,,â‚¬ 900,p/m | excl. g/w/e,Gestoffeerd,25-08-2021,1 week geleden geplaatst,https://kamernet.nl/huren/appartement-sittard/bernhardlaan/appartement-1982760,"{'Woonkamer': ' Onbekend ', 'Keuken': ' Onbekend ', 'Badkamer': ' Onbekend ', 'Toilet': ' Onbekend ', 'Internet': ' Onbekend ', 'Energielabel': ' Onbekend ', 'Huisdieren': ' In overleg '}",
Thomas van Kempenstraat,in Tilburg,27 m,,â‚¬ 786,p/m | excl. g/w/e,Onbekend,25-08-2021,1 week geleden geplaatst,https://kamernet.nl/huren/kamer-tilburg/thomas-van-kempenstraat/kamer-1982680,"{'Woonkamer': ' Onbekend ', 'Keuken': ' Onbekend ', 'Badkamer': ' Onbekend ', 'Toilet': ' Onbekend ', 'Internet': ' Onbekend ', 'Energielabel': ' Onbekend ', 'Huisgenoten': '  Onbekend  ', 'Geslacht': ' Onbekend ', 'Huisdieren': ' Nee '}",
Stadsring,in Amersfoort,14 m,Totale oppervlakte: 85 m 2,â‚¬ 650,p/m | incl. g/w/e,Gemeubileerd,01-12-2021 tot 28-02-2022,1 week geleden geplaatst,https://kamernet.nl/huren/kamer-amersfoort/stadsring/kamer-1982553,"{'Woonkamer': ' Gedeeld ', 'Keuken': ' Gedeeld ', 'Badkamer': ' Gedeeld ', 'Toilet': ' Gedeeld ', 'Internet': ' Ja ', 'Energielabel': ' Onbekend ', 'Huisgenoten': '  1 ', 'Geslacht': ' Vrouw ', 'Huisdieren': ' Nee '}",
Klaprozenweg,in Amsterdam,127 m,,â‚¬ 1800,p/m | excl. g/w/e,Gestoffeerd,25-08-2021,1 week geleden geplaatst,https://kamernet.nl/huren/appartement-amsterdam/klaprozenweg/appartement-1982749,"{'Woonkamer': ' Onbekend ', 'Keuken': ' Onbekend ', 'Badkamer': ' Onbekend ', 'Toilet': ' Onbekend ', 'Internet': ' Ja ', 'Energielabel': ' Onbekend ', 'Huisdieren': ' In overleg '}",
Duinroos,in Noordwijk,76 m,,â‚¬ 1395,p/m | excl. g/w/e,Gemeubileerd,01-09-2021,1 week geleden geplaatst,https://kamernet.nl/huren/appartement-noordwijk/duinroos/appartement-1982755,"{'Woonkamer': ' Onbekend ', 'Keuken': ' Onbekend ', 'Badkamer': ' Onbekend ', 'Toilet': ' Onbekend ', 'Internet': ' Onbekend ', 'Energielabel': ' Onbekend ', 'Huisdieren': ' In overleg '}",
Da Costakade,in Amsterdam,32 m,,â‚¬ 1350,p/m | excl. g/w/e,Gemeubileerd,01-10-2021,1 week geleden geplaatst,https://kamernet.nl/huren/appartement-amsterdam/da-costakade/appartement-1982744,"{'Woonkamer': ' Onbekend ', 'Keuken': ' Onbekend ', 'Badkamer': ' Onbekend ', 'Toilet': ' Onbekend ', 'Internet': ' Ja ', 'Energielabel': ' Onbekend ', 'Huisdieren': ' In overleg '}",
Eerste Van Swindenstraat,in Amsterdam,54 m,,â‚¬ 1600,p/m | excl. g/w/e,Gemeubileerd,25-08-2021,1 week geleden geplaatst,https://kamernet.nl/huren/appartement-amsterdam/eerste-van-swindenstraat/appartement-1982743,"{'Woonkamer': ' Onbekend ', 'Keuken': ' Onbekend ', 'Badkamer': ' Onbekend ', 'Toilet': ' Onbekend ', 'Internet': ' Ja ', 'Energielabel': ' Onbekend ', 'Huisdieren': ' In overleg '}",
Bilderdijkstraat,in Heerlen,97 m,,â‚¬ 1000,p/m | excl. g/w/e,Gestoffeerd,25-08-2021,1 week geleden geplaatst,https://kamernet.nl/huren/appartement-heerlen/bilderdijkstraat/appartement-1982757,"{'Woonkamer': ' Onbekend ', 'Keuken': ' Onbekend ', 'Badkamer': ' Onbekend ', 'Toilet': ' Onbekend ', 'Internet': ' Onbekend ', 'Energielabel': ' Onbekend ', 'Huisdieren': ' In overleg '}",
Nachtwachtlaan,in Amsterdam,98 m,,â‚¬ 2000,p/m | excl. g/w/e,Gemeubileerd,25-08-2021,1 week geleden geplaatst,https://kamernet.nl/huren/appartement-amsterdam/nachtwachtlaan/appartement-1982741,"{'Woonkamer': ' Onbekend ', 'Keuken': ' Onbekend ', 'Badkamer': ' Onbekend ', 'Toilet': ' Onbekend ', 'Internet': ' Ja ', 'Energielabel': ' Onbekend ', 'Huisdieren': ' In overleg '}",
Theophilusstraat,in Amsterdam,80 m,,â‚¬ 1600,p/m | excl. g/w/e,Gemeubileerd,01-09-2021,1 week geleden geplaatst,https://kamernet.nl/huren/appartement-amsterdam/theophilusstraat/appartement-1982740,"{'Woonkamer': ' Onbekend ', 'Keuken': ' Onbekend ', 'Badkamer': ' Onbekend ', 'Toilet': ' Onbekend ', 'Internet': ' Ja ', 'Energielabel': ' Onbekend ', 'Huisdieren': ' In overleg '}",
Da Costakade,in Amsterdam,33 m,,â‚¬ 1450,p/m | excl. g/w/e,Gemeubileerd,01-09-2021,1 week geleden geplaatst,https://kamernet.nl/huren/appartement-amsterdam/da-costakade/appartement-1982742,"{'Woonkamer': ' Onbekend ', 'Keuken': ' Onbekend ', 'Badkamer': ' Onbekend ', 'Toilet': ' Onbekend ', 'Internet': ' Ja ', 'Energielabel': ' Onbekend ', 'Huisdieren': ' In overleg '}",
Kapelaan Goossensstraat,in Echt,20 m,,â‚¬ 435,p/m | excl. g/w/e,Gestoffeerd,26-08-2021,1 week geleden geplaatst,https://kamernet.nl/huren/kamer-echt/kapelaan-goossensstraat/kamer-1982980,"{'Woonkamer': ' Onbekend ', 'Keuken': ' Onbekend ', 'Badkamer': ' Onbekend ', 'Toilet': ' Onbekend ', 'Internet': ' Onbekend ', 'Energielabel': ' Onbekend ', 'Huisgenoten': '  Onbekend  ', 'Geslacht': ' Onbekend ', 'Huisdieren': ' Nee '}",
Pasqualinistraat,in Eindhoven,45 m,Totaal 3 kamers (1 slaapkamer) ,â‚¬ 900,p/m | incl. g/w/e,Gestoffeerd,26-08-2021,1 week geleden geplaatst,https://kamernet.nl/huren/appartement-eindhoven/pasqualinistraat/appartement-1982971,"{'Woonkamer': ' Eigen ', 'Keuken': ' Eigen ', 'Badkamer': ' Eigen ', 'Toilet': ' Eigen ', 'Internet': ' Ja ', 'Energielabel': ' Onbekend ', 'Huisdieren': ' Nee '}",
Van Brakelstraat,in Amsterdam,57 m,,â‚¬ 1500,p/m | excl. g/w/e,Gestoffeerd,25-08-2021,1 week geleden geplaatst,https://kamernet.nl/huren/appartement-amsterdam/van-brakelstraat/appartement-1982748,"{'Woonkamer': ' Onbekend ', 'Keuken': ' Onbekend ', 'Badkamer': ' Onbekend ', 'Toilet': ' Onbekend ', 'Internet': ' Ja ', 'Energielabel': ' Onbekend ', 'Huisdieren': ' In overleg '}",
Utrechtseweg,in Amersfoort,20 m,,â‚¬ 300,p/m | excl. g/w/e,Gestoffeerd,15-09-2021 tot 15-09-2022,1 week geleden geplaatst,https://kamernet.nl/huren/kamer-amersfoort/utrechtseweg/kamer-1983068,"{'Woonkamer': ' Gedeeld ', 'Keuken': ' Gedeeld ', 'Badkamer': ' Gedeeld ', 'Toilet': ' Gedeeld ', 'Internet': ' Ja ', 'Energielabel': ' Onbekend ', 'Huisgenoten': '  Meer dan 8 ', 'Geslacht': ' Gemengd ', 'Huisdieren': ' Nee '}",
Peizerweg,in Groningen,11 m,,â‚¬ 490,p/m | incl. g/w/e,Gemeubileerd,01-02-2022,1 week geleden geplaatst,https://kamernet.nl/huren/kamer-groningen/peizerweg/kamer-1981700,"{'Woonkamer': ' Gedeeld ', 'Keuken': ' Gedeeld ', 'Badkamer': ' Gedeeld ', 'Toilet': ' Gedeeld ', 'Internet': ' Ja ', 'Energielabel': ' Onbekend ', 'Huisgenoten': '  Meer dan 8 ', 'Geslacht': ' Gemengd ', 'Huisdieren': ' Nee '}",
Jasonstraat,in Amsterdam,11 m,Totale oppervlakte: 78 m 2,â‚¬ 810,p/m | incl. g/w/e,Gestoffeerd,01-11-2021,2 weken geleden geplaatst,https://kamernet.nl/huren/kamer-amsterdam/jasonstraat/kamer-1981586,"{'Woonkamer': ' Gedeeld ', 'Keuken': ' Gedeeld ', 'Badkamer': ' Gedeeld ', 'Toilet': ' Gedeeld ', 'Internet': ' Ja ', 'Energielabel': ' Onbekend ', 'Huisgenoten': '  2 ', 'Geslacht': ' Vrouw ', 'Huisdieren': ' Nee '}",
Campuslaan,in Enschede,13 m,,â‚¬ 275,p/m | incl. g/w/e,Gestoffeerd,17-09-2021,2 weken geleden geplaatst,https://kamernet.nl/huren/kamer-enschede/campuslaan/kamer-1946913,"{'Woonkamer': ' Gedeeld ', 'Keuken': ' Gedeeld ', 'Badkamer': ' Gedeeld ', 'Toilet': ' Gedeeld ', 'Internet': ' Ja ', 'Energielabel': ' Onbekend ', 'Huisgenoten': '  Meer dan 8 ', 'Geslacht': ' Gemengd ', 'Huisdieren': ' Nee '}",
Diephuisstraat,in Groningen,18 m,,â‚¬ 375,p/m | incl. g/w/e,Gestoffeerd,01-10-2021,2 weken geleden geplaatst,https://kamernet.nl/huren/kamer-groningen/diephuisstraat/kamer-1981445,"{'Woonkamer': ' Geen ', 'Keuken': ' Gedeeld ', 'Badkamer': ' Gedeeld ', 'Toilet': ' Gedeeld ', 'Internet': ' Nee ', 'Energielabel': ' Onbekend ', 'Huisgenoten': '  3 ', 'Geslacht': ' Vrouw ', 'Huisdieren': ' Nee '}",
Werner Helmichstraat,in Utrecht,36 m,Totaal 3 kamers (1 slaapkamer) ,â‚¬ 1350,p/m | incl. g/w/e,Gemeubileerd,01-09-2021,2 weken geleden geplaatst,https://kamernet.nl/huren/appartement-utrecht/werner-helmichstraat/appartement-1981263,"{'Woonkamer': ' Eigen ', 'Keuken': ' Eigen ', 'Badkamer': ' Eigen ', 'Toilet': ' Eigen ', 'Internet': ' Ja ', 'Energielabel': ' Onbekend ', 'Huisdieren': ' Nee '}",
Rietgrachtstraat,in Arnhem,16 m,Totale oppervlakte: 74 m 2,â‚¬ 475,p/m | excl. g/w/e,Kaal,12-09-2021,2 weken geleden geplaatst,https://kamernet.nl/huren/kamer-arnhem/rietgrachtstraat/kamer-1980807,"{'Woonkamer': ' Gedeeld ', 'Keuken': ' Gedeeld ', 'Badkamer': ' Gedeeld ', 'Toilet': ' Gedeeld ', 'Internet': ' Ja ', 'Energielabel': ' C ', 'Huisgenoten': '  1 ', 'Geslacht': ' Man ', 'Huisdieren': ' In overleg '}",
Straalmanstraat,in Nijmegen,23 m,Totale oppervlakte: 65 m 2,â‚¬ 435,p/m | excl. g/w/e,Gestoffeerd,15-09-2021,2 weken geleden geplaatst,https://kamernet.nl/huren/kamer-nijmegen/straalmanstraat/kamer-1980881,"{'Woonkamer': ' Geen ', 'Keuken': ' Gedeeld ', 'Badkamer': ' Gedeeld ', 'Toilet': ' Gedeeld ', 'Internet': ' Ja ', 'Energielabel': ' Onbekend ', 'Huisgenoten': '  4  ', 'Geslacht': ' Gemengd ', 'Huisdieren': ' Nee '}",
Surinameplein,in Amsterdam,16 m,,â‚¬ 620,p/m | incl. g/w/e,Gemeubileerd,01-10-2021,2 weken geleden geplaatst,https://kamernet.nl/huren/kamer-amsterdam/surinameplein/kamer-1980622,"{'Woonkamer': ' Geen ', 'Keuken': ' Gedeeld ', 'Badkamer': ' Gedeeld ', 'Toilet': ' Gedeeld ', 'Internet': ' Ja ', 'Energielabel': ' Onbekend ', 'Huisgenoten': '  2 ', 'Geslacht': ' Gemengd ', 'Huisdieren': ' Nee '}",
Pontianakstraat,in Almere,75 m,Totaal 3 kamers (2 slaapkamers) ,â‚¬ 1595,p/m | incl. g/w/e,Gestoffeerd,18-08-2021,2 weken geleden geplaatst,https://kamernet.nl/huren/appartement-almere/pontianakstraat/appartement-1981361,"{'Woonkamer': ' Eigen ', 'Keuken': ' Eigen ', 'Badkamer': ' Eigen ', 'Toilet': ' Eigen ', 'Internet': ' Ja ', 'Energielabel': ' Onbekend ', 'Huisdieren': ' In overleg '}",
Meeuwenlaan,in Hellevoetsluis,20 m,,â‚¬ 550,p/m | incl. g/w/e,Gemeubileerd,16-08-2021,2 weken geleden geplaatst,https://kamernet.nl/huren/kamer-hellevoetsluis/meeuwenlaan/kamer-1980589,"{'Woonkamer': ' Geen ', 'Keuken': ' Gedeeld ', 'Badkamer': ' Gedeeld ', 'Toilet': ' Gedeeld ', 'Internet': ' Ja ', 'Energielabel': ' Onbekend ', 'Huisgenoten': '  2 ', 'Geslacht': ' Gemengd ', 'Huisdieren': ' Nee '}",
Insulindestraat,in Rotterdam,55 m,Totaal 2 kamers (1 slaapkamer) ,â‚¬ 975,p/m | excl. g/w/e,Kaal,01-10-2021,2 weken geleden geplaatst,https://kamernet.nl/huren/appartement-rotterdam/insulindestraat/appartement-1980585,"{'Woonkamer': ' Eigen ', 'Keuken': ' Eigen ', 'Badkamer': ' Eigen ', 'Toilet': ' Eigen ', 'Internet': ' Nee ', 'Energielabel': ' Onbekend ', 'Huisdieren': ' In overleg '}",
Korenbloemstraat,in Duivendrecht,13 m,Totale oppervlakte: 30 m 2,â‚¬ 620,p/m | incl. g/w/e,Gemeubileerd,01-09-2021,2 weken geleden geplaatst,https://kamernet.nl/huren/kamer-duivendrecht/korenbloemstraat/kamer-1980581,"{'Woonkamer': ' Gedeeld ', 'Keuken': ' Gedeeld ', 'Badkamer': ' Eigen ', 'Toilet': ' Eigen ', 'Internet': ' Ja ', 'Energielabel': ' A ', 'Huisgenoten': '  4  ', 'Geslacht': ' Gemengd ', 'Huisdieren': ' Nee '}",
Kameleonstraat,in Almere,17 m,,â‚¬ 695,p/m | incl. g/w/e,Gemeubileerd,01-09-2021 tot 28-04-2022,2 weken geleden geplaatst,https://kamernet.nl/huren/kamer-almere/kameleonstraat/kamer-1824870,"{'Woonkamer': ' Geen ', 'Keuken': ' Gedeeld ', 'Badkamer': ' Gedeeld ', 'Toilet': ' Gedeeld ', 'Internet': ' Ja ', 'Energielabel': ' B ', 'Huisgenoten': '  1 ', 'Geslacht': ' Gemengd ', 'Huisdieren': ' Nee '}",
Laan van Oost-Indie,in Nijmegen,45 m,Totaal 3 kamers (1 slaapkamer) ,â‚¬ 987,p/m | incl. g/w/e,Gestoffeerd,15-08-2021,2 weken geleden geplaatst,https://kamernet.nl/huren/appartement-nijmegen/laan-van-oost-indie/appartement-1980532,"{'Woonkamer': ' Eigen ', 'Keuken': ' Eigen ', 'Badkamer': ' Eigen ', 'Toilet': ' Eigen ', 'Internet': ' Ja ', 'Energielabel': ' A ', 'Huisdieren': ' Nee '}",
Rotterdamseweg,in Delft,22 m,,â‚¬ 595,p/m | incl. g/w/e,Gestoffeerd,01-09-2021,2 weken geleden geplaatst,https://kamernet.nl/huren/kamer-delft/rotterdamseweg/kamer-1980633,"{'Woonkamer': ' Eigen ', 'Keuken': ' Geen ', 'Badkamer': ' Gedeeld ', 'Toilet': ' Gedeeld ', 'Internet': ' Ja ', 'Energielabel': ' Onbekend ', 'Huisgenoten': '  1 ', 'Geslacht': ' Man ', 'Huisdieren': ' Nee '}",
Franklinstraat,in Den Haag,55 m,Totaal 3 kamers,â‚¬ 1175,p/m | excl. g/w/e,Gestoffeerd,20-08-2021,2 weken geleden geplaatst,https://kamernet.nl/huren/appartement-den-haag/franklinstraat/appartement-1980638,"{'Woonkamer': ' Onbekend ', 'Keuken': ' Onbekend ', 'Badkamer': ' Onbekend ', 'Toilet': ' Onbekend ', 'Internet': ' Onbekend ', 'Energielabel': ' Onbekend ', 'Huisdieren': ' In overleg '}",
Uilenstede,in Amstelveen,12 m,,â‚¬ 280,p/m | incl. g/w/e,Kaal,09-09-2021,2 weken geleden geplaatst,https://kamernet.nl/huren/kamer-amstelveen/uilenstede/kamer-1980612,"{'Woonkamer': ' Gedeeld ', 'Keuken': ' Gedeeld ', 'Badkamer': ' Gedeeld ', 'Toilet': ' Gedeeld ', 'Internet': ' Ja ', 'Energielabel': ' Onbekend ', 'Huisgenoten': '  Meer dan 8 ', 'Geslacht': ' Gemengd ', 'Huisdieren': ' Nee '}",
Houtrakkerweg,in Halfweg,7 m,Totale oppervlakte: 60 m 2,â‚¬ 475,p/m | incl. g/w/e,Gemeubileerd,16-08-2021,2 weken geleden geplaatst,https://kamernet.nl/huren/kamer-halfweg/houtrakkerweg/kamer-1980647,"{'Woonkamer': ' Gedeeld ', 'Keuken': ' Gedeeld ', 'Badkamer': ' Gedeeld ', 'Toilet': ' Gedeeld ', 'Internet': ' Ja ', 'Energielabel': ' Onbekend ', 'Huisgenoten': '  2 ', 'Geslacht': ' Man ', 'Huisdieren': ' In overleg '}",
Goudsewagenstraat,in Rotterdam,15 m,,â‚¬ 648,p/m | incl. g/w/e,Gestoffeerd,01-10-2021,2 weken geleden geplaatst,https://kamernet.nl/huren/kamer-rotterdam/goudsewagenstraat/kamer-1980662,"{'Woonkamer': ' Gedeeld ', 'Keuken': ' Gedeeld ', 'Badkamer': ' Gedeeld ', 'Toilet': ' Gedeeld ', 'Internet': ' Ja ', 'Energielabel': ' Onbekend ', 'Huisgenoten': '  2 ', 'Geslacht': ' Vrouw ', 'Huisdieren': ' Nee '}",
Berkelstraat,in Amsterdam,19 m,Totale oppervlakte: 70 m 2,â‚¬ 550,p/m | incl. g/w/e,Gestoffeerd,17-08-2021,2 weken geleden geplaatst,https://kamernet.nl/huren/kamer-amsterdam/berkelstraat/kamer-1980462,"{'Woonkamer': ' Gedeeld ', 'Keuken': ' Gedeeld ', 'Badkamer': ' Gedeeld ', 'Toilet': ' Gedeeld ', 'Internet': ' Ja ', 'Energielabel': ' Onbekend ', 'Huisgenoten': '  Onbekend  ', 'Geslacht': ' Onbekend ', 'Huisdieren': ' Nee '}",
Robert Fruinlaan,in Amsterdam,60 m,Totaal 3 kamers (2 slaapkamers) ,â‚¬ 1500,p/m | excl. g/w/e,Gestoffeerd,23-10-2021 tot 22-10-2023,2 weken geleden geplaatst,https://kamernet.nl/huren/appartement-amsterdam/robert-fruinlaan/appartement-1980707,"{'Woonkamer': ' Eigen ', 'Keuken': ' Eigen ', 'Badkamer': ' Eigen ', 'Toilet': ' Eigen ', 'Internet': ' Nee ', 'Energielabel': ' E ', 'Huisdieren': ' Nee '}",
Schaffelaarstraat,in Breda,13 m,Totale oppervlakte: 90 m 2,â‚¬ 310,p/m | incl. g/w/e,Gestoffeerd,17-09-2021,2 weken geleden geplaatst,https://kamernet.nl/huren/kamer-breda/schaffelaarstraat/kamer-1980705,"{'Woonkamer': ' Geen ', 'Keuken': ' Gedeeld ', 'Badkamer': ' Gedeeld ', 'Toilet': ' Gedeeld ', 'Internet': ' Ja ', 'Energielabel': ' C ', 'Huisgenoten': '  Onbekend  ', 'Geslacht': ' Onbekend ', 'Huisdieren': ' Nee '}",
Rozenstraat,in Hilversum,16 m,Totale oppervlakte: 4 m 2,â‚¬ 370,p/m | excl. g/w/e,Gemeubileerd,01-09-2021 tot 01-07-2022,2 weken geleden geplaatst,https://kamernet.nl/huren/kamer-hilversum/rozenstraat/kamer-1980737,"{'Woonkamer': ' Eigen ', 'Keuken': ' Eigen ', 'Badkamer': ' Gedeeld ', 'Toilet': ' Gedeeld ', 'Internet': ' Ja ', 'Energielabel': ' Onbekend ', 'Huisgenoten': '  2 ', 'Geslacht': ' Gemengd ', 'Huisdieren': ' Nee '}",
Deurningerstraat,in Enschede,6 m,Totale oppervlakte: 75 m 2,â‚¬ 258,p/m | incl. g/w/e,Kaal,01-10-2021,2 weken geleden geplaatst,https://kamernet.nl/huren/kamer-enschede/deurningerstraat/kamer-1980674,"{'Woonkamer': ' Gedeeld ', 'Keuken': ' Gedeeld ', 'Badkamer': ' Gedeeld ', 'Toilet': ' Gedeeld ', 'Internet': ' Ja ', 'Energielabel': ' Onbekend ', 'Huisgenoten': '  2 ', 'Geslacht': ' Gemengd ', 'Huisdieren': ' Nee '}",
Duikerstraat,in Utrecht,100 m,Totaal 4 kamers (2 slaapkamers) ,â‚¬ 2050,p/m | excl. g/w/e,Gemeubileerd,01-11-2021 tot 30-04-2022,2 weken geleden geplaatst,https://kamernet.nl/huren/appartement-utrecht/duikerstraat/appartement-1980421,"{'Woonkamer': ' Eigen ', 'Keuken': ' Eigen ', 'Badkamer': ' Eigen ', 'Toilet': ' Eigen ', 'Internet': ' Ja ', 'Energielabel': ' Onbekend ', 'Huisdieren': ' Nee '}",
Ameland,in Zaandam,58 m,Totaal 2 kamers (1 slaapkamer) ,â‚¬ 1050,p/m | excl. g/w/e,Gemeubileerd,01-09-2021 tot 01-09-2022,2 weken geleden geplaatst,https://kamernet.nl/huren/studio-zaandam/ameland/studio-1980441,"{'Woonkamer': ' Eigen ', 'Keuken': ' Eigen ', 'Badkamer': ' Eigen ', 'Toilet': ' Eigen ', 'Internet': ' Ja ', 'Energielabel': ' Onbekend ', 'Huisdieren': ' Nee '}",
Kuinderbos,in Purmerend,13 m,,â‚¬ 575,p/m | incl. g/w/e,Gemeubileerd,17-07-2021,2 weken geleden geplaatst,https://kamernet.nl/huren/kamer-purmerend/kuinderbos/kamer-1980448,"{'Woonkamer': ' Geen ', 'Keuken': ' Geen ', 'Badkamer': ' Gedeeld ', 'Toilet': ' Gedeeld ', 'Internet': ' Ja ', 'Energielabel': ' Onbekend ', 'Huisgenoten': '  1 ', 'Geslacht': ' Vrouw ', 'Huisdieren': ' Nee '}",
Pasteurstraat,in Den Haag,10 m,Totale oppervlakte: 60 m 2,â‚¬ 800,p/m | incl. g/w/e,Gemeubileerd,15-08-2021 tot 15-08-2022,2 weken geleden geplaatst,https://kamernet.nl/huren/kamer-den-haag/pasteurstraat/kamer-1980459,"{'Woonkamer': ' Geen ', 'Keuken': ' Gedeeld ', 'Badkamer': ' Gedeeld ', 'Toilet': ' Gedeeld ', 'Internet': ' Ja ', 'Energielabel': ' Onbekend ', 'Huisgenoten': '  2 ', 'Geslacht': ' Gemengd ', 'Huisdieren': ' In overleg '}",
Coenderstraat,in Delft,23 m,,â‚¬ 700,p/m | incl. g/w/e,Gemeubileerd,07-09-2021 tot 28-12-2021,2 weken geleden geplaatst,https://kamernet.nl/huren/kamer-delft/coenderstraat/kamer-1980431,"{'Woonkamer': ' Gedeeld ', 'Keuken': ' Gedeeld ', 'Badkamer': ' Gedeeld ', 'Toilet': ' Gedeeld ', 'Internet': ' Ja ', 'Energielabel': ' Onbekend ', 'Huisgenoten': '  Meer dan 8 ', 'Geslacht': ' Man ', 'Huisdieren': ' Nee '}",
Amalia van Anhaltstraat,in Eindhoven,10 m,,â‚¬ 285,p/m | incl. g/w/e,Gemeubileerd,01-09-2021,2 weken geleden geplaatst,https://kamernet.nl/huren/kamer-eindhoven/amalia-van-anhaltstraat/kamer-1980476,"{'Woonkamer': ' Geen ', 'Keuken': ' Gedeeld ', 'Badkamer': ' Gedeeld ', 'Toilet': ' Gedeeld ', 'Internet': ' Ja ', 'Energielabel': ' Onbekend ', 'Huisgenoten': '  7 ', 'Geslacht': ' Man ', 'Huisdieren': ' Nee '}",
Balijelaan,in Utrecht,28 m,Totaal 1 kamer (1 slaapkamer) ,â‚¬ 985,p/m | incl. g/w/e,Gemeubileerd,23-08-2021 tot 22-08-2023,2 weken geleden geplaatst,https://kamernet.nl/huren/studio-utrecht/balijelaan/studio-1980488,"{'Woonkamer': ' Eigen ', 'Keuken': ' Eigen ', 'Badkamer': ' Eigen ', 'Toilet': ' Eigen ', 'Internet': ' Nee ', 'Energielabel': ' Onbekend ', 'Huisdieren': ' Nee '}",
Juliana van Stolberglaan,in Den Haag,90 m,Totaal 4 kamers (3 slaapkamers) ,â‚¬ 1650,p/m | excl. g/w/e,Gestoffeerd,15-08-2021,2 weken geleden geplaatst,https://kamernet.nl/huren/appartement-den-haag/juliana-van-stolberglaan/appartement-1980489,"{'Woonkamer': ' Gedeeld ', 'Keuken': ' Gedeeld ', 'Badkamer': ' Gedeeld ', 'Toilet': ' Gedeeld ', 'Internet': ' Nee ', 'Energielabel': ' Onbekend ', 'Huisdieren': ' In overleg '}",
Stadhouderspoort,in Nieuw-Vennep,6 m,,â‚¬ 550,p/m | excl. g/w/e,Gemeubileerd,01-09-2021,2 weken geleden geplaatst,https://kamernet.nl/huren/kamer-nieuw-vennep/stadhouderspoort/kamer-1980504,"{'Woonkamer': ' Geen ', 'Keuken': ' Gedeeld ', 'Badkamer': ' Gedeeld ', 'Toilet': ' Gedeeld ', 'Internet': ' Nee ', 'Energielabel': ' Onbekend ', 'Huisgenoten': '  Geen ', 'Geslacht': ' Onbekend ', 'Huisdieren': ' Nee '}",
Bernardus Gewinstraat,in Rotterdam,8 m,,â‚¬ 300,p/m | excl. g/w/e,Gemeubileerd,15-08-2021,2 weken geleden geplaatst,https://kamernet.nl/huren/kamer-rotterdam/bernardus-gewinstraat/kamer-1980506,"{'Woonkamer': ' Geen ', 'Keuken': ' Eigen ', 'Badkamer': ' Eigen ', 'Toilet': ' Eigen ', 'Internet': ' Ja ', 'Energielabel': ' Onbekend ', 'Huisgenoten': '  3 ', 'Geslacht': ' Vrouw ', 'Huisdieren': ' Nee '}",
Arent Janszoon Ernststraat,in Amsterdam,10 m,Totale oppervlakte: 65 m 2,â‚¬ 700,p/m | excl. g/w/e,Gemeubileerd,01-10-2021,2 weken geleden geplaatst,https://kamernet.nl/huren/kamer-amsterdam/arent-janszoon-ernststraat/kamer-1980486,"{'Woonkamer': ' Geen ', 'Keuken': ' Gedeeld ', 'Badkamer': ' Gedeeld ', 'Toilet': ' Gedeeld ', 'Internet': ' Ja ', 'Energielabel': ' Onbekend ', 'Huisgenoten': '  3 ', 'Geslacht': ' Onbekend ', 'Huisdieren': ' Nee '}",
Eikbosserweg,in Hilversum,55 m,,â‚¬ 1200,p/m | excl. g/w/e,Gestoffeerd,20-08-2021,2 weken geleden geplaatst,https://kamernet.nl/huren/appartement-hilversum/eikbosserweg/appartement-1980561,"{'Woonkamer': ' Eigen ', 'Keuken': ' Eigen ', 'Badkamer': ' Eigen ', 'Toilet': ' Eigen ', 'Internet': ' Ja ', 'Energielabel': ' Onbekend ', 'Huisdieren': ' Nee '}",
Oringerbrink,in Emmen,15 m,,â‚¬ 390,p/m | incl. g/w/e,Gemeubileerd,01-02-2022 tot 31-08-2023,2 weken geleden geplaatst,https://kamernet.nl/huren/kamer-emmen/oringerbrink/kamer-1980537,"{'Woonkamer': ' Eigen ', 'Keuken': ' Gedeeld ', 'Badkamer': ' Gedeeld ', 'Toilet': ' Gedeeld ', 'Internet': ' Ja ', 'Energielabel': ' Onbekend ', 'Huisgenoten': '  3 ', 'Geslacht': ' Gemengd ', 'Huisdieren': ' Nee '}",
Bekemaheerd,in Groningen,10 m,,â‚¬ 425,p/m | incl. g/w/e,Gemeubileerd,01-09-2021 tot 01-07-2022,2 weken geleden geplaatst,https://kamernet.nl/huren/kamer-groningen/bekemaheerd/kamer-1980584,"{'Woonkamer': ' Gedeeld ', 'Keuken': ' Gedeeld ', 'Badkamer': ' Gedeeld ', 'Toilet': ' Gedeeld ', 'Internet': ' Ja ', 'Energielabel': ' Onbekend ', 'Huisgenoten': '  1 ', 'Geslacht': ' Gemengd ', 'Huisdieren': ' Nee '}",
Koornmarkt,in Delft,11 m,,â‚¬ 340,p/m | incl. g/w/e,Kaal,01-10-2021,2 weken geleden geplaatst,https://kamernet.nl/huren/kamer-delft/koornmarkt/kamer-1980478,"{'Woonkamer': ' Gedeeld ', 'Keuken': ' Gedeeld ', 'Badkamer': ' Gedeeld ', 'Toilet': ' Gedeeld ', 'Internet': ' Ja ', 'Energielabel': ' Onbekend ', 'Huisgenoten': '  6 ', 'Geslacht': ' Gemengd ', 'Huisdieren': ' Nee '}",
Gasthuisring,in Tilburg,15 m,,â‚¬ 320,p/m | incl. g/w/e,Gestoffeerd,16-08-2021,2 weken geleden geplaatst,https://kamernet.nl/huren/kamer-tilburg/gasthuisring/kamer-1980606,"{'Woonkamer': ' Geen ', 'Keuken': ' Gedeeld ', 'Badkamer': ' Gedeeld ', 'Toilet': ' Gedeeld ', 'Internet': ' Ja ', 'Energielabel': ' Onbekend ', 'Huisgenoten': '  Meer dan 8 ', 'Geslacht': ' Man ', 'Huisdieren': ' Nee '}",
Franklinstraat,in Den Haag,37 m,Totaal 2 kamers,â‚¬ 950,p/m | excl. g/w/e,Gestoffeerd,20-08-2021,2 weken geleden geplaatst,https://kamernet.nl/huren/appartement-den-haag/franklinstraat/appartement-1980639,"{'Woonkamer': ' Onbekend ', 'Keuken': ' Onbekend ', 'Badkamer': ' Onbekend ', 'Toilet': ' Onbekend ', 'Internet': ' Onbekend ', 'Energielabel': ' Onbekend ', 'Huisdieren': ' In overleg '}",
Antwerpenlaan,in Eindhoven,50 m,,â‚¬ 975,p/m | excl. g/w/e,Gestoffeerd,01-10-2021,2 weken geleden geplaatst,https://kamernet.nl/huren/appartement-eindhoven/antwerpenlaan/appartement-1980770,"{'Woonkamer': ' Geen ', 'Keuken': ' Eigen ', 'Badkamer': ' Eigen ', 'Toilet': ' Eigen ', 'Internet': ' Nee ', 'Energielabel': ' C ', 'Huisdieren': ' Nee '}",
Sumatrastraat,in Leiden,18 m,,â‚¬ 400,p/m | incl. g/w/e,Kaal,01-09-2021,2 weken geleden geplaatst,https://kamernet.nl/huren/kamer-leiden/sumatrastraat/kamer-1981363,"{'Woonkamer': ' Gedeeld ', 'Keuken': ' Gedeeld ', 'Badkamer': ' Gedeeld ', 'Toilet': ' Gedeeld ', 'Internet': ' Ja ', 'Energielabel': ' Onbekend ', 'Huisgenoten': '  8  ', 'Geslacht': ' Gemengd ', 'Huisdieren': ' Nee '}",
C.J. Snuifstraat,in Enschede,12 m,Totale oppervlakte: 101 m 2,â‚¬ 310,p/m | excl. g/w/e,Gemeubileerd,22-08-2021,2 weken geleden geplaatst,https://kamernet.nl/huren/kamer-enschede/c.j.-snuifstraat/kamer-1921908,"{'Woonkamer': ' Gedeeld ', 'Keuken': ' Gedeeld ', 'Badkamer': ' Gedeeld ', 'Toilet': ' Gedeeld ', 'Internet': ' Ja ', 'Energielabel': ' Onbekend ', 'Huisgenoten': '  4  ', 'Geslacht': ' Gemengd ', 'Huisdieren': ' Nee '}",
Oranjestraat,in Rotterdam,20 m,Totale oppervlakte: 20 m 2,â‚¬ 375,p/m | excl. g/w/e,Kaal,19-08-2021,2 weken geleden geplaatst,https://kamernet.nl/huren/kamer-rotterdam/oranjestraat/kamer-1981398,"{'Woonkamer': ' Geen ', 'Keuken': ' Gedeeld ', 'Badkamer': ' Gedeeld ', 'Toilet': ' Gedeeld ', 'Internet': ' Ja ', 'Energielabel': ' Onbekend ', 'Huisgenoten': '  3 ', 'Geslacht': ' Gemengd ', 'Huisdieren': ' Nee '}",
Zuider Parallelweg,in Velp,11 m,,â‚¬ 290,p/m | incl. g/w/e,Gestoffeerd,01-10-2021,2 weken geleden geplaatst,https://kamernet.nl/huren/kamer-velp/zuider-parallelweg/kamer-1981393,"{'Woonkamer': ' Gedeeld ', 'Keuken': ' Gedeeld ', 'Badkamer': ' Gedeeld ', 'Toilet': ' Gedeeld ', 'Internet': ' Ja ', 'Energielabel': ' D ', 'Huisgenoten': '  5 ', 'Geslacht': ' Gemengd ', 'Huisdieren': ' Nee '}",
Oostveenweg,in Enschede,10 m,,â‚¬ 235,p/m | excl. g/w/e,Gemeubileerd,18-08-2021,2 weken geleden geplaatst,https://kamernet.nl/huren/kamer-enschede/oostveenweg/kamer-1981373,"{'Woonkamer': ' Gedeeld ', 'Keuken': ' Gedeeld ', 'Badkamer': ' Gedeeld ', 'Toilet': ' Gedeeld ', 'Internet': ' Ja ', 'Energielabel': ' Onbekend ', 'Huisgenoten': '  2 ', 'Geslacht': ' Gemengd ', 'Huisdieren': ' Nee '}",
Tolstraat,in Amsterdam,86 m,Totaal 3 kamers (2 slaapkamers) ,â‚¬ 1750,p/m | excl. g/w/e,Gestoffeerd,01-10-2021,2 weken geleden geplaatst,https://kamernet.nl/huren/appartement-amsterdam/tolstraat/appartement-1980676,"{'Woonkamer': ' Eigen ', 'Keuken': ' Eigen ', 'Badkamer': ' Eigen ', 'Toilet': ' Eigen ', 'Internet': ' Ja ', 'Energielabel': ' A ', 'Huisdieren': ' Nee '}",
Lumeijstraat,in Amsterdam,15 m,Totale oppervlakte: 72 m 2,â‚¬ 850,p/m | excl. g/w/e,Gemeubileerd,01-10-2021,2 weken geleden geplaatst,https://kamernet.nl/huren/kamer-amsterdam/lumeijstraat/kamer-1981355,"{'Woonkamer': ' Gedeeld ', 'Keuken': ' Gedeeld ', 'Badkamer': ' Gedeeld ', 'Toilet': ' Gedeeld ', 'Internet': ' Ja ', 'Energielabel': ' Onbekend ', 'Huisgenoten': '  1 ', 'Geslacht': ' Vrouw ', 'Huisdieren': ' Nee '}",
Sapoerahof,in Utrecht,45 m,,â‚¬ 990,p/m | excl. g/w/e,Gestoffeerd,01-09-2021,2 weken geleden geplaatst,https://kamernet.nl/huren/appartement-utrecht/sapoerahof/appartement-1980545,"{'Woonkamer': ' Eigen ', 'Keuken': ' Eigen ', 'Badkamer': ' Eigen ', 'Toilet': ' Eigen ', 'Internet': ' Ja ', 'Energielabel': ' Onbekend ', 'Huisdieren': ' Ja '}",
De Heurne,in Enschede,25 m,Totaal 1 kamer (1 slaapkamer) ,â‚¬ 675,p/m | incl. g/w/e,Gemeubileerd,20-08-2021 tot 31-08-2022,2 weken geleden geplaatst,https://kamernet.nl/huren/studio-enschede/de-heurne/studio-1981406,"{'Woonkamer': ' Eigen ', 'Keuken': ' Eigen ', 'Badkamer': ' Eigen ', 'Toilet': ' Eigen ', 'Internet': ' Onbekend ', 'Energielabel': ' Onbekend ', 'Huisdieren': ' Nee '}",
van Heemstralaan,in Baarn,60 m,Totaal 2 kamers,â‚¬ 1100,p/m | excl. g/w/e,Gemeubileerd,19-08-2021,2 weken geleden geplaatst,https://kamernet.nl/huren/appartement-baarn/van-heemstralaan/appartement-1981417,"{'Woonkamer': ' Onbekend ', 'Keuken': ' Onbekend ', 'Badkamer': ' Onbekend ', 'Toilet': ' Onbekend ', 'Internet': ' Onbekend ', 'Energielabel': ' Onbekend ', 'Huisdieren': ' Nee '}",
Jan Vethstraat,in Arnhem,100 m,Totaal 4 kamers,â‚¬ 1400,p/m | excl. g/w/e,Gestoffeerd,30-09-2021 tot 31-03-2022,2 weken geleden geplaatst,https://kamernet.nl/huren/appartement-arnhem/jan-vethstraat/appartement-1981418,"{'Woonkamer': ' Onbekend ', 'Keuken': ' Onbekend ', 'Badkamer': ' Onbekend ', 'Toilet': ' Onbekend ', 'Internet': ' Onbekend ', 'Energielabel': ' Onbekend ', 'Huisdieren': ' In overleg '}",
Thijssestraat,in Den Haag,40 m,,â‚¬ 1100,p/m | excl. g/w/e,Gemeubileerd,19-08-2021,2 weken geleden geplaatst,https://kamernet.nl/huren/studio-den-haag/thijssestraat/studio-1981429,"{'Woonkamer': ' Eigen ', 'Keuken': ' Eigen ', 'Badkamer': ' Eigen ', 'Toilet': ' Eigen ', 'Internet': ' Ja ', 'Energielabel': ' B ', 'Huisdieren': ' Nee '}",
Hoogstraat,in Wageningen,12 m,Totale oppervlakte: 30 m 2,â‚¬ 390,p/m | incl. g/w/e,Gestoffeerd,19-08-2021,2 weken geleden geplaatst,https://kamernet.nl/huren/kamer-wageningen/hoogstraat/kamer-1981449,"{'Woonkamer': ' Gedeeld ', 'Keuken': ' Gedeeld ', 'Badkamer': ' Gedeeld ', 'Toilet': ' Gedeeld ', 'Internet': ' Ja ', 'Energielabel': ' Onbekend ', 'Huisgenoten': '  4  ', 'Geslacht': ' Gemengd ', 'Huisdieren': ' Nee '}",
Wolfhoeksestraat,in Elst,20 m,,â‚¬ 350,p/m | incl. g/w/e,Gestoffeerd,20-09-2021,2 weken geleden geplaatst,https://kamernet.nl/huren/kamer-elst/wolfhoeksestraat/kamer-1981274,"{'Woonkamer': ' Geen ', 'Keuken': ' Gedeeld ', 'Badkamer': ' Gedeeld ', 'Toilet': ' Gedeeld ', 'Internet': ' Ja ', 'Energielabel': ' Onbekend ', 'Huisgenoten': '  2 ', 'Geslacht': ' Gemengd ', 'Huisdieren': ' Nee '}",
1e Franklinstraat,in Eindhoven,14 m,,â‚¬ 300,p/m | incl. g/w/e,Kaal,01-09-2021,2 weken geleden geplaatst,https://kamernet.nl/huren/kamer-eindhoven/1e-franklinstraat/kamer-1981412,"{'Woonkamer': ' Geen ', 'Keuken': ' Gedeeld ', 'Badkamer': ' Gedeeld ', 'Toilet': ' Gedeeld ', 'Internet': ' Ja ', 'Energielabel': ' Onbekend ', 'Huisgenoten': '  4  ', 'Geslacht': ' Man ', 'Huisdieren': ' Nee '}",
Dirk Huizingastraat,in Groningen,45 m,Totaal 2 kamers (1 slaapkamer) ,â‚¬ 800,p/m | incl. g/w/e,Gestoffeerd,01-09-2021,2 weken geleden geplaatst,https://kamernet.nl/huren/appartement-groningen/dirk-huizingastraat/appartement-1981428,"{'Woonkamer': ' Eigen ', 'Keuken': ' Eigen ', 'Badkamer': ' Eigen ', 'Toilet': ' Eigen ', 'Internet': ' Onbekend ', 'Energielabel': ' Onbekend ', 'Huisdieren': ' Nee '}",
Verversstraat,in Amsterdam,40 m,Totale oppervlakte: 100 m 2,â‚¬ 1100,p/m | incl. g/w/e,Gemeubileerd,18-08-2021,2 weken geleden geplaatst,https://kamernet.nl/huren/kamer-amsterdam/verversstraat/kamer-1981365,"{'Woonkamer': ' Gedeeld ', 'Keuken': ' Gedeeld ', 'Badkamer': ' Gedeeld ', 'Toilet': ' Gedeeld ', 'Internet': ' Ja ', 'Energielabel': ' Onbekend ', 'Huisgenoten': '  2 ', 'Geslacht': ' Man ', 'Huisdieren': ' Nee '}",
Veldhovenring,in Tilburg,46 m,Totaal 4 kamers (1 slaapkamer) ,â‚¬ 875,p/m | excl. g/w/e,Gestoffeerd,01-10-2021,2 weken geleden geplaatst,https://kamernet.nl/huren/appartement-tilburg/veldhovenring/appartement-1980790,"{'Woonkamer': ' Eigen ', 'Keuken': ' Eigen ', 'Badkamer': ' Eigen ', 'Toilet': ' Eigen ', 'Internet': ' Ja ', 'Energielabel': ' B ', 'Huisdieren': ' Nee '}",
Oost-Indieplaats,in Delft,25 m,Totale oppervlakte: 100 m 2,â‚¬ 380,p/m | incl. g/w/e,Kaal,15-09-2021,2 weken geleden geplaatst,https://kamernet.nl/huren/kamer-delft/oost-indieplaats/kamer-1980766,"{'Woonkamer': ' Gedeeld ', 'Keuken': ' Gedeeld ', 'Badkamer': ' Gedeeld ', 'Toilet': ' Gedeeld ', 'Internet': ' Ja ', 'Energielabel': ' Onbekend ', 'Huisgenoten': '  7 ', 'Geslacht': ' Gemengd ', 'Huisdieren': ' Nee '}",
Geerboogerd,in Delft,12 m,Totale oppervlakte: 74 m 2,â‚¬ 420,p/m | incl. g/w/e,Gemeubileerd,16-08-2021 tot 25-07-2022,2 weken geleden geplaatst,https://kamernet.nl/huren/kamer-delft/geerboogerd/kamer-1980753,"{'Woonkamer': ' Geen ', 'Keuken': ' Gedeeld ', 'Badkamer': ' Gedeeld ', 'Toilet': ' Gedeeld ', 'Internet': ' Ja ', 'Energielabel': ' Onbekend ', 'Huisgenoten': '  1 ', 'Geslacht': ' Vrouw ', 'Huisdieren': ' Nee '}",
Ceramiquelaan,in Amsterdam,20 m,,â‚¬ 825,p/m | excl. g/w/e,Gemeubileerd,01-09-2021,2 weken geleden geplaatst,https://kamernet.nl/huren/kamer-amsterdam/ceramiquelaan/kamer-1980798,"{'Woonkamer': ' Gedeeld ', 'Keuken': ' Gedeeld ', 'Badkamer': ' Gedeeld ', 'Toilet': ' Gedeeld ', 'Internet': ' Ja ', 'Energielabel': ' Onbekend ', 'Huisgenoten': '  1 ', 'Geslacht': ' Man ', 'Huisdieren': ' Nee '}",
Hekstraat,in Beilen,20 m,,â‚¬ 520,p/m | incl. g/w/e,Gestoffeerd,01-10-2021,2 weken geleden geplaatst,https://kamernet.nl/huren/appartement-beilen/hekstraat/appartement-1980786,"{'Woonkamer': ' Eigen ', 'Keuken': ' Eigen ', 'Badkamer': ' Eigen ', 'Toilet': ' Eigen ', 'Internet': ' Ja ', 'Energielabel': ' C ', 'Huisdieren': ' Nee '}",
Hoofdweg,in Nieuw-Vennep,56 m,Totaal 2 kamers (1 slaapkamer) ,â‚¬ 1550,p/m | excl. g/w/e,Gestoffeerd,16-08-2021,2 weken geleden geplaatst,https://kamernet.nl/huren/appartement-nieuw-vennep/hoofdweg/appartement-1980771,"{'Woonkamer': ' Eigen ', 'Keuken': ' Eigen ', 'Badkamer': ' Eigen ', 'Toilet': ' Eigen ', 'Internet': ' Ja ', 'Energielabel': ' Onbekend ', 'Huisdieren': ' Nee '}",
Grote Markt,in Groningen,16 m,Totale oppervlakte: 100 m 2,â‚¬ 400,p/m | incl. g/w/e,Gemeubileerd,26-08-2021 tot 31-12-2021,2 weken geleden geplaatst,https://kamernet.nl/huren/kamer-groningen/grote-markt/kamer-1980763,"{'Woonkamer': ' Gedeeld ', 'Keuken': ' Gedeeld ', 'Badkamer': ' Gedeeld ', 'Toilet': ' Gedeeld ', 'Internet': ' Ja ', 'Energielabel': ' Onbekend ', 'Huisgenoten': '  4  ', 'Geslacht': ' Gemengd ', 'Huisdieren': ' Nee '}",
Teilingenstraat,in Breda,20 m,,â‚¬ 680,p/m | excl. g/w/e,Gemeubileerd,16-08-2021,2 weken geleden geplaatst,https://kamernet.nl/huren/kamer-breda/teilingenstraat/kamer-1980816,"{'Woonkamer': ' Geen ', 'Keuken': ' Gedeeld ', 'Badkamer': ' Gedeeld ', 'Toilet': ' Gedeeld ', 'Internet': ' Ja ', 'Energielabel': ' Onbekend ', 'Huisgenoten': '  1 ', 'Geslacht': ' Onbekend ', 'Huisdieren': ' Nee '}",
Schiplaan,in IJmuiden,16 m,,â‚¬ 500,p/m | incl. g/w/e,Gemeubileerd,01-10-2021,2 weken geleden geplaatst,https://kamernet.nl/huren/kamer-ijmuiden/schiplaan/kamer-1980830,"{'Woonkamer': ' Gedeeld ', 'Keuken': ' Gedeeld ', 'Badkamer': ' Gedeeld ', 'Toilet': ' Gedeeld ', 'Internet': ' Ja ', 'Energielabel': ' Onbekend ', 'Huisgenoten': '  2 ', 'Geslacht': ' Gemengd ', 'Huisdieren': ' Nee '}",
Scholeksterstraat,in Nijmegen,60 m,Totaal 3 kamers (2 slaapkamers) ,â‚¬ 1300,p/m | excl. g/w/e,Gemeubileerd,15-09-2021 tot 16-09-2022,2 weken geleden geplaatst,https://kamernet.nl/huren/appartement-nijmegen/scholeksterstraat/appartement-1980834,"{'Woonkamer': ' Eigen ', 'Keuken': ' Eigen ', 'Badkamer': ' Eigen ', 'Toilet': ' Eigen ', 'Internet': ' Ja ', 'Energielabel': ' Onbekend ', 'Huisdieren': ' Nee '}",
Geerdinkhof,in Amsterdam,9 m,,â‚¬ 500,p/m | incl. g/w/e,Gemeubileerd,17-08-2021,2 weken geleden geplaatst,https://kamernet.nl/huren/kamer-amsterdam/geerdinkhof/kamer-1980835,"{'Woonkamer': ' Geen ', 'Keuken': ' Gedeeld ', 'Badkamer': ' Gedeeld ', 'Toilet': ' Gedeeld ', 'Internet': ' Ja ', 'Energielabel': ' Onbekend ', 'Huisgenoten': '  4  ', 'Geslacht': ' Gemengd ', 'Huisdieren': ' Nee '}",
Jacob Catsstraat,in Rotterdam,12 m,Totale oppervlakte: 77 m 2,â‚¬ 500,p/m | incl. g/w/e,Gestoffeerd,01-10-2021,2 weken geleden geplaatst,https://kamernet.nl/huren/kamer-rotterdam/jacob-catsstraat/kamer-1980411,"{'Woonkamer': ' Gedeeld ', 'Keuken': ' Gedeeld ', 'Badkamer': ' Gedeeld ', 'Toilet': ' Gedeeld ', 'Internet': ' Ja ', 'Energielabel': ' E ', 'Huisgenoten': '  1 ', 'Geslacht': ' Man ', 'Huisdieren': ' Nee '}",
Tolhuis,in Nijmegen,50 m,Totaal 4 kamers (2 slaapkamers) ,â‚¬ 1175,p/m | excl. g/w/e,Gestoffeerd,20-08-2021,2 weken geleden geplaatst,https://kamernet.nl/huren/studio-nijmegen/tolhuis/studio-1980785,"{'Woonkamer': ' Eigen ', 'Keuken': ' Eigen ', 'Badkamer': ' Eigen ', 'Toilet': ' Eigen ', 'Internet': ' Onbekend ', 'Energielabel': ' B ', 'Huisdieren': ' Nee '}",
Herenweg,in Vinkeveen,50 m,Totaal 2 kamers,â‚¬ 1200,p/m | excl. g/w/e,Gemeubileerd,14-09-2021 tot 30-01-2022,2 weken geleden geplaatst,https://kamernet.nl/huren/appartement-vinkeveen/herenweg/appartement-1980910,"{'Woonkamer': ' Onbekend ', 'Keuken': ' Onbekend ', 'Badkamer': ' Onbekend ', 'Toilet': ' Onbekend ', 'Internet': ' Onbekend ', 'Energielabel': ' Onbekend ', 'Huisdieren': ' Nee '}",
Aart van der Leeuwkade,in Voorburg,76 m,Totaal 3 kamers,â‚¬ 1350,p/m | excl. g/w/e,Gemeubileerd,17-08-2021,2 weken geleden geplaatst,https://kamernet.nl/huren/appartement-voorburg/aart-van-der-leeuwkade/appartement-1980911,"{'Woonkamer': ' Onbekend ', 'Keuken': ' Onbekend ', 'Badkamer': ' Onbekend ', 'Toilet': ' Onbekend ', 'Internet': ' Onbekend ', 'Energielabel': ' Onbekend ', 'Huisdieren': ' Nee '}",
Remmerdenplein,in Amsterdam,8 m,Totale oppervlakte: 110 m 2,â‚¬ 600,p/m | incl. g/w/e,Gemeubileerd,01-10-2021,2 weken geleden geplaatst,https://kamernet.nl/huren/kamer-amsterdam/remmerdenplein/kamer-1980930,"{'Woonkamer': ' Gedeeld ', 'Keuken': ' Gedeeld ', 'Badkamer': ' Gedeeld ', 'Toilet': ' Gedeeld ', 'Internet': ' Ja ', 'Energielabel': ' C ', 'Huisgenoten': '  5 ', 'Geslacht': ' Gemengd ', 'Huisdieren': ' Nee '}",
Huygensstraat,in Groningen,8 m,,â‚¬ 298,p/m | incl. g/w/e,Gemeubileerd,22-08-2021,2 weken geleden geplaatst,https://kamernet.nl/huren/kamer-groningen/huygensstraat/kamer-1980958,"{'Woonkamer': ' Gedeeld ', 'Keuken': ' Gedeeld ', 'Badkamer': ' Gedeeld ', 'Toilet': ' Gedeeld ', 'Internet': ' Ja ', 'Energielabel': ' Onbekend ', 'Huisgenoten': '  2 ', 'Geslacht': ' Man ', 'Huisdieren': ' Nee '}",
Prins Hendrikkade,in Amsterdam,11 m,,â‚¬ 680,p/m | incl. g/w/e,Gemeubileerd,01-09-2021 tot 28-02-2022,2 weken geleden geplaatst,https://kamernet.nl/huren/kamer-amsterdam/prins-hendrikkade/kamer-1980926,"{'Woonkamer': ' Gedeeld ', 'Keuken': ' Gedeeld ', 'Badkamer': ' Gedeeld ', 'Toilet': ' Gedeeld ', 'Internet': ' Ja ', 'Energielabel': ' Onbekend ', 'Huisgenoten': '  2 ', 'Geslacht': ' Vrouw ', 'Huisdieren': ' Nee '}",
Haringvliet,in Rotterdam,25 m,Totale oppervlakte: 50 m 2,â‚¬ 685,p/m | incl. g/w/e,Gestoffeerd,17-08-2021,2 weken geleden geplaatst,https://kamernet.nl/huren/kamer-rotterdam/haringvliet/kamer-1980977,"{'Woonkamer': ' Eigen ', 'Keuken': ' Gedeeld ', 'Badkamer': ' Gedeeld ', 'Toilet': ' Gedeeld ', 'Internet': ' Ja ', 'Energielabel': ' Onbekend ', 'Huisgenoten': '  1 ', 'Geslacht': ' Vrouw ', 'Huisdieren': ' Nee '}",
Generaal Karel van der Heijdenlaan,in Baarn,28 m,,â‚¬ 455,p/m | excl. g/w/e,Gemeubileerd,01-09-2021,2 weken geleden geplaatst,https://kamernet.nl/huren/kamer-baarn/generaal-karel-van-der-heijdenlaan/kamer-1980974,"{'Woonkamer': ' Eigen ', 'Keuken': ' Eigen ', 'Badkamer': ' Gedeeld ', 'Toilet': ' Gedeeld ', 'Internet': ' Ja ', 'Energielabel': ' Onbekend ', 'Huisgenoten': '  1 ', 'Geslacht': ' Vrouw ', 'Huisdieren': ' Nee '}",
Vierde Donk,in Den Bosch,16 m,,â‚¬ 405,p/m | incl. g/w/e,Gestoffeerd,16-09-2021,2 weken geleden geplaatst,https://kamernet.nl/huren/studio-den-bosch/vierde-donk/studio-1980979,"{'Woonkamer': ' Eigen ', 'Keuken': ' Eigen ', 'Badkamer': ' Gedeeld ', 'Toilet': ' Gedeeld ', 'Internet': ' Ja ', 'Energielabel': ' Onbekend ', 'Huisdieren': ' Nee '}",
Gooswilligen,in Scherpenzeel,12 m,Totale oppervlakte: 200 m 2,â‚¬ 450,p/m | incl. g/w/e,Gestoffeerd,31-08-2021,2 weken geleden geplaatst,https://kamernet.nl/huren/kamer-scherpenzeel/gooswilligen/kamer-1981003,"{'Woonkamer': ' Gedeeld ', 'Keuken': ' Gedeeld ', 'Badkamer': ' Gedeeld ', 'Toilet': ' Gedeeld ', 'Internet': ' Ja ', 'Energielabel': ' Onbekend ', 'Huisgenoten': '  4  ', 'Geslacht': ' Gemengd ', 'Huisdieren': ' Nee '}",
Hagedissingel,in Delft,22 m,,â‚¬ 380,p/m | incl. g/w/e,Gestoffeerd,01-10-2021,2 weken geleden geplaatst,https://kamernet.nl/huren/kamer-delft/hagedissingel/kamer-1981022,"{'Woonkamer': ' Gedeeld ', 'Keuken': ' Gedeeld ', 'Badkamer': ' Eigen ', 'Toilet': ' Gedeeld ', 'Internet': ' Ja ', 'Energielabel': ' Onbekend ', 'Huisgenoten': '  7 ', 'Geslacht': ' Man ', 'Huisdieren': ' Nee '}",
Oude Broeksittarderweg,in Sittard,15 m,Totale oppervlakte: 119 m 2,â‚¬ 385,p/m | incl. g/w/e,Gestoffeerd,17-08-2021,2 weken geleden geplaatst,https://kamernet.nl/huren/kamer-sittard/oude-broeksittarderweg/kamer-1981036,"{'Woonkamer': ' Gedeeld ', 'Keuken': ' Gedeeld ', 'Badkamer': ' Gedeeld ', 'Toilet': ' Gedeeld ', 'Internet': ' Ja ', 'Energielabel': ' D ', 'Huisgenoten': '  Onbekend  ', 'Geslacht': ' Onbekend ', 'Huisdieren': ' Nee '}",
Reviusrondeel,in Capelle aan den IJssel,8 m,Totale oppervlakte: 40 m 2,â‚¬ 350,p/m | incl. g/w/e,Gestoffeerd,17-08-2021,2 weken geleden geplaatst,https://kamernet.nl/huren/kamer-capelle-aan-den-ijssel/reviusrondeel/kamer-1981049,"{'Woonkamer': ' Gedeeld ', 'Keuken': ' Gedeeld ', 'Badkamer': ' Gedeeld ', 'Toilet': ' Gedeeld ', 'Internet': ' Ja ', 'Energielabel': ' Onbekend ', 'Huisgenoten': '  3 ', 'Geslacht': ' Man ', 'Huisdieren': ' Nee '}",
Korte Hengelosestraat,in Enschede,14 m,Totale oppervlakte: 75 m 2,â‚¬ 345,p/m | incl. g/w/e,Gemeubileerd,01-10-2021 tot 01-07-2022,2 weken geleden geplaatst,https://kamernet.nl/huren/kamer-enschede/korte-hengelosestraat/kamer-1981058,"{'Woonkamer': ' Gedeeld ', 'Keuken': ' Gedeeld ', 'Badkamer': ' Gedeeld ', 'Toilet': ' Gedeeld ', 'Internet': ' Ja ', 'Energielabel': ' Onbekend ', 'Huisgenoten': '  3 ', 'Geslacht': ' Vrouw ', 'Huisdieren': ' Nee '}",
Beethovenlaan,in Doetinchem,40 m,Totaal 1 kamer (1 slaapkamer) ,â‚¬ 295,p/m | excl. g/w/e,Gestoffeerd,17-08-2021,2 weken geleden geplaatst,https://kamernet.nl/huren/anti-kraak-doetinchem/beethovenlaan/anti-kraak-1981097,"{'Woonkamer': ' Eigen ', 'Keuken': ' Eigen ', 'Badkamer': ' Eigen ', 'Toilet': ' Eigen ', 'Internet': ' Onbekend ', 'Energielabel': ' Onbekend ', 'Huisdieren': ' Nee '}",
Medelsestraat,in Tiel,45 m,,â‚¬ 460,p/m | incl. g/w/e,Gestoffeerd,17-08-2021,2 weken geleden geplaatst,https://kamernet.nl/huren/kamer-tiel/medelsestraat/kamer-1981096,"{'Woonkamer': ' Geen ', 'Keuken': ' Gedeeld ', 'Badkamer': ' Gedeeld ', 'Toilet': ' Gedeeld ', 'Internet': ' Ja ', 'Energielabel': ' Onbekend ', 'Huisgenoten': '  Meer dan 8 ', 'Geslacht': ' Gemengd ', 'Huisdieren': ' Nee '}",
Dr Schaepmanstraat,in Vaals,22 m,,â‚¬ 420,p/m | excl. g/w/e,Gemeubileerd,17-08-2021,2 weken geleden geplaatst,https://kamernet.nl/huren/studio-vaals/dr-schaepmanstraat/studio-1981083,"{'Woonkamer': ' Eigen ', 'Keuken': ' Eigen ', 'Badkamer': ' Eigen ', 'Toilet': ' Eigen ', 'Internet': ' Ja ', 'Energielabel': ' Onbekend ', 'Huisdieren': ' Nee '}",
Borgesiusstraat,in Rotterdam,18 m,,â‚¬ 425,p/m | excl. g/w/e,Kaal,01-09-2021,2 weken geleden geplaatst,https://kamernet.nl/huren/kamer-rotterdam/borgesiusstraat/kamer-1981013,"{'Woonkamer': ' Geen ', 'Keuken': ' Gedeeld ', 'Badkamer': ' Gedeeld ', 'Toilet': ' Gedeeld ', 'Internet': ' Ja ', 'Energielabel': ' Onbekend ', 'Huisgenoten': '  3 ', 'Geslacht': ' Gemengd ', 'Huisdieren': ' Nee '}",
Hoofdweg,in Nieuw-Vennep,41 m,Totaal 1 kamer (1 slaapkamer) ,â‚¬ 1200,p/m | excl. g/w/e,Gestoffeerd,16-08-2021,2 weken geleden geplaatst,https://kamernet.nl/huren/studio-nieuw-vennep/hoofdweg/studio-1980772,"{'Woonkamer': ' Eigen ', 'Keuken': ' Eigen ', 'Badkamer': ' Eigen ', 'Toilet': ' Eigen ', 'Internet': ' Ja ', 'Energielabel': ' Onbekend ', 'Huisdieren': ' Nee '}",
Bergerstraat,in Maastricht,32 m,,â‚¬ 775,p/m | incl. g/w/e,Gestoffeerd,17-08-2021,2 weken geleden geplaatst,https://kamernet.nl/huren/appartement-maastricht/bergerstraat/appartement-1981101,"{'Woonkamer': ' Eigen ', 'Keuken': ' Eigen ', 'Badkamer': ' Eigen ', 'Toilet': ' Gedeeld ', 'Internet': ' Ja ', 'Energielabel': ' Onbekend ', 'Huisdieren': ' Nee '}",
Calslaan,in Enschede,14 m,,â‚¬ 289,p/m | incl. g/w/e,Kaal,17-09-2021,2 weken geleden geplaatst,https://kamernet.nl/huren/kamer-enschede/calslaan/kamer-1981032,"{'Woonkamer': ' Gedeeld ', 'Keuken': ' Gedeeld ', 'Badkamer': ' Gedeeld ', 'Toilet': ' Gedeeld ', 'Internet': ' Ja ', 'Energielabel': ' Onbekend ', 'Huisgenoten': '  Meer dan 8 ', 'Geslacht': ' Gemengd ', 'Huisdieren': ' Nee '}",
Schimmelarij,in Holsloot,30 m,,â‚¬ 385,p/m | incl. g/w/e,Gestoffeerd,17-08-2021,2 weken geleden geplaatst,https://kamernet.nl/huren/kamer-holsloot/schimmelarij/kamer-1981092,"{'Woonkamer': ' Eigen ', 'Keuken': ' Eigen ', 'Badkamer': ' Eigen ', 'Toilet': ' Eigen ', 'Internet': ' Ja ', 'Energielabel': ' Onbekend ', 'Huisgenoten': '  1 ', 'Geslacht': ' Onbekend ', 'Huisdieren': ' Nee '}",
Lipperkerkstraat,in Enschede,15 m,Totale oppervlakte: 105 m 2,â‚¬ 390,p/m | incl. g/w/e,Gemeubileerd,17-08-2021,2 weken geleden geplaatst,https://kamernet.nl/huren/kamer-enschede/lipperkerkstraat/kamer-1981132,"{'Woonkamer': ' Geen ', 'Keuken': ' Gedeeld ', 'Badkamer': ' Gedeeld ', 'Toilet': ' Gedeeld ', 'Internet': ' Ja ', 'Energielabel': ' B ', 'Huisgenoten': '  1 ', 'Geslacht': ' Vrouw ', 'Huisdieren': ' Nee '}",
Ratelaar,in Apeldoorn,22 m,Totale oppervlakte: 10 m 2,â‚¬ 470,p/m | incl. g/w/e,Gemeubileerd,01-11-2021,2 weken geleden geplaatst,https://kamernet.nl/huren/kamer-apeldoorn/ratelaar/kamer-1980992,"{'Woonkamer': ' Eigen ', 'Keuken': ' Eigen ', 'Badkamer': ' Gedeeld ', 'Toilet': ' Eigen ', 'Internet': ' Ja ', 'Energielabel': ' E ', 'Huisgenoten': '  Onbekend  ', 'Geslacht': ' Onbekend ', 'Huisdieren': ' Nee '}",
Professor van der Heijdenstraat,in Nijmegen,12 m,Totale oppervlakte: 110 m 2,â‚¬ 414,p/m | incl. g/w/e,Gestoffeerd,01-09-2021,2 weken geleden geplaatst,https://kamernet.nl/huren/kamer-nijmegen/professor-van-der-heijdenstraat/kamer-1981103,"{'Woonkamer': ' Gedeeld ', 'Keuken': ' Gedeeld ', 'Badkamer': ' Gedeeld ', 'Toilet': ' Gedeeld ', 'Internet': ' Ja ', 'Energielabel': ' Onbekend ', 'Huisgenoten': '  2 ', 'Geslacht': ' Vrouw ', 'Huisdieren': ' In overleg '}",
Antwerpsestraatweg,in Hoogerheide,27 m,,â‚¬ 595,p/m | incl. g/w/e,Gemeubileerd,19-03-2021 tot 20-09-2022,2 weken geleden geplaatst,https://kamernet.nl/huren/kamer-hoogerheide/antwerpsestraatweg/kamer-1981121,"{'Woonkamer': ' Gedeeld ', 'Keuken': ' Gedeeld ', 'Badkamer': ' Gedeeld ', 'Toilet': ' Gedeeld ', 'Internet': ' Ja ', 'Energielabel': ' Onbekend ', 'Huisgenoten': '  Onbekend  ', 'Geslacht': ' Onbekend ', 'Huisdieren': ' Nee '}",
Hendrik Hosstraat,in Amsterdam,18 m,,â‚¬ 750,p/m | incl. g/w/e,Gemeubileerd,01-10-2021 tot 15-01-2022,2 weken geleden geplaatst,https://kamernet.nl/huren/kamer-amsterdam/hendrik-hosstraat/kamer-1981125,"{'Woonkamer': ' Gedeeld ', 'Keuken': ' Gedeeld ', 'Badkamer': ' Gedeeld ', 'Toilet': ' Gedeeld ', 'Internet': ' Ja ', 'Energielabel': ' Onbekend ', 'Huisgenoten': '  2 ', 'Geslacht': ' Gemengd ', 'Huisdieren': ' Nee '}",
Nijenrodeweg,in Rotterdam,15 m,Totale oppervlakte: 80 m 2,â‚¬ 750,p/m | incl. g/w/e,Gemeubileerd,18-08-2021,2 weken geleden geplaatst,https://kamernet.nl/huren/kamer-rotterdam/nijenrodeweg/kamer-1981122,"{'Woonkamer': ' Gedeeld ', 'Keuken': ' Gedeeld ', 'Badkamer': ' Gedeeld ', 'Toilet': ' Gedeeld ', 'Internet': ' Ja ', 'Energielabel': ' Onbekend ', 'Huisgenoten': '  1 ', 'Geslacht': ' Man ', 'Huisdieren': ' Nee '}",
Polsbroekstraat,in Den Haag,15 m,,â‚¬ 475,p/m | incl. g/w/e,Gemeubileerd,16-10-2021 tot 17-01-2022,2 weken geleden geplaatst,https://kamernet.nl/huren/kamer-den-haag/polsbroekstraat/kamer-1981133,"{'Woonkamer': ' Geen ', 'Keuken': ' Gedeeld ', 'Badkamer': ' Gedeeld ', 'Toilet': ' Gedeeld ', 'Internet': ' Ja ', 'Energielabel': ' Onbekend ', 'Huisgenoten': '  1 ', 'Geslacht': ' Vrouw ', 'Huisdieren': ' Nee '}",
van Heemstralaan,in Baarn,40 m,Totaal 2 kamers,â‚¬ 1000,p/m | excl. g/w/e,Gemeubileerd,27-08-2021,2 weken geleden geplaatst,https://kamernet.nl/huren/appartement-baarn/van-heemstralaan/appartement-1981194,"{'Woonkamer': ' Onbekend ', 'Keuken': ' Onbekend ', 'Badkamer': ' Onbekend ', 'Toilet': ' Onbekend ', 'Internet': ' Onbekend ', 'Energielabel': ' Onbekend ', 'Huisdieren': ' In overleg '}",
Kruislaan,in Blaricum,125 m,Totaal 4 kamers,â‚¬ 2500,p/m | excl. g/w/e,Gemeubileerd,19-08-2021,2 weken geleden geplaatst,https://kamernet.nl/huren/appartement-blaricum/kruislaan/appartement-1981195,"{'Woonkamer': ' Onbekend ', 'Keuken': ' Onbekend ', 'Badkamer': ' Onbekend ', 'Toilet': ' Onbekend ', 'Internet': ' Onbekend ', 'Energielabel': ' Onbekend ', 'Huisdieren': ' In overleg '}",
Nieuwe Doelenstraat,in Hilversum,95 m,Totaal 4 kamers,â‚¬ 3500,p/m | excl. g/w/e,Gemeubileerd,31-08-2021 tot 29-09-2021,2 weken geleden geplaatst,https://kamernet.nl/huren/appartement-hilversum/nieuwe-doelenstraat/appartement-1981196,"{'Woonkamer': ' Onbekend ', 'Keuken': ' Onbekend ', 'Badkamer': ' Onbekend ', 'Toilet': ' Onbekend ', 'Internet': ' Onbekend ', 'Energielabel': ' Onbekend ', 'Huisdieren': ' Nee '}",
Fregat,in Diemen,16 m,Totale oppervlakte: 80 m 2,â‚¬ 660,p/m | incl. g/w/e,Gemeubileerd,22-08-2021 tot 18-10-2023,2 weken geleden geplaatst,https://kamernet.nl/huren/kamer-diemen/fregat/kamer-1924849,"{'Woonkamer': ' Gedeeld ', 'Keuken': ' Gedeeld ', 'Badkamer': ' Gedeeld ', 'Toilet': ' Gedeeld ', 'Internet': ' Ja ', 'Energielabel': ' A ', 'Huisgenoten': '  1 ', 'Geslacht': ' Man ', 'Huisdieren': ' Nee '}",
Bennebroekerweg,in Hoofddorp,18 m,Totaal 1 kamer (1 slaapkamer) ,â‚¬ 950,p/m | incl. g/w/e,Gemeubileerd,16-08-2021,2 weken geleden geplaatst,https://kamernet.nl/huren/studio-hoofddorp/bennebroekerweg/studio-1980664,"{'Woonkamer': ' Eigen ', 'Keuken': ' Gedeeld ', 'Badkamer': ' Eigen ', 'Toilet': ' Eigen ', 'Internet': ' Ja ', 'Energielabel': ' Onbekend ', 'Huisdieren': ' Nee '}",
St.-Winfridusstraat,in Utrecht,12 m,,â‚¬ 400,p/m | incl. g/w/e,Kaal,01-10-2021,2 weken geleden geplaatst,https://kamernet.nl/huren/kamer-utrecht/st.-winfridusstraat/kamer-1981224,"{'Woonkamer': ' Geen ', 'Keuken': ' Gedeeld ', 'Badkamer': ' Gedeeld ', 'Toilet': ' Gedeeld ', 'Internet': ' Ja ', 'Energielabel': ' Onbekend ', 'Huisgenoten': '  4  ', 'Geslacht': ' Gemengd ', 'Huisdieren': ' In overleg '}",
Emmalaan,in Utrecht,10 m,,â‚¬ 435,p/m | incl. g/w/e,Gemeubileerd,28-08-2021 tot 30-06-2022,2 weken geleden geplaatst,https://kamernet.nl/huren/appartement-utrecht/emmalaan/appartement-1981256,"{'Woonkamer': ' Gedeeld ', 'Keuken': ' Gedeeld ', 'Badkamer': ' Gedeeld ', 'Toilet': ' Gedeeld ', 'Internet': ' Ja ', 'Energielabel': ' Onbekend ', 'Huisdieren': ' Nee '}",
Werner Helmichstraat,in Utrecht,38 m,Totaal 2 kamers (1 slaapkamer) ,â‚¬ 1250,p/m | incl. g/w/e,Gestoffeerd,06-09-2021,2 weken geleden geplaatst,https://kamernet.nl/huren/appartement-utrecht/werner-helmichstraat/appartement-1981253,"{'Woonkamer': ' Eigen ', 'Keuken': ' Eigen ', 'Badkamer': ' Eigen ', 'Toilet': ' Eigen ', 'Internet': ' Ja ', 'Energielabel': ' Onbekend ', 'Huisdieren': ' Nee '}",
Kolhornkade,in Amersfoort,50 m,Totaal 4 kamers (3 slaapkamers) ,â‚¬ 1500,p/m | incl. g/w/e,Gemeubileerd,26-08-2021 tot 30-09-2021,2 weken geleden geplaatst,https://kamernet.nl/huren/appartement-amersfoort/kolhornkade/appartement-1981145,"{'Woonkamer': ' Eigen ', 'Keuken': ' Eigen ', 'Badkamer': ' Eigen ', 'Toilet': ' Eigen ', 'Internet': ' Ja ', 'Energielabel': ' A ', 'Huisdieren': ' Nee '}",
Schuitenzand,in Delfzijl,104 m,Totaal 3 kamers (1 slaapkamer) ,â‚¬ 380,p/m | excl. g/w/e,Gestoffeerd,18-08-2021,2 weken geleden geplaatst,https://kamernet.nl/huren/anti-kraak-delfzijl/schuitenzand/anti-kraak-1981211,"{'Woonkamer': ' Eigen ', 'Keuken': ' Eigen ', 'Badkamer': ' Eigen ', 'Toilet': ' Eigen ', 'Internet': ' Ja ', 'Energielabel': ' Onbekend ', 'Huisdieren': ' Nee '}",
Saxofoonweg,in Almere,18 m,Totale oppervlakte: 73 m 2,â‚¬ 500,p/m | incl. g/w/e,Kaal,01-09-2021,2 weken geleden geplaatst,https://kamernet.nl/huren/kamer-almere/saxofoonweg/kamer-1981202,"{'Woonkamer': ' Gedeeld ', 'Keuken': ' Gedeeld ', 'Badkamer': ' Gedeeld ', 'Toilet': ' Gedeeld ', 'Internet': ' Onbekend ', 'Energielabel': ' Onbekend ', 'Huisgenoten': '  Onbekend  ', 'Geslacht': ' Onbekend ', 'Huisdieren': ' In overleg '}",
Robbeplaat,in Delfzijl,126 m,Totaal 5 kamers (2 slaapkamers) ,â‚¬ 460,p/m | excl. g/w/e,Kaal,18-08-2021,2 weken geleden geplaatst,https://kamernet.nl/huren/anti-kraak-delfzijl/robbeplaat/anti-kraak-1981210,"{'Woonkamer': ' Eigen ', 'Keuken': ' Eigen ', 'Badkamer': ' Eigen ', 'Toilet': ' Eigen ', 'Internet': ' Ja ', 'Energielabel': ' Onbekend ', 'Huisdieren': ' Nee '}",
Maarten Lutherweg,in Amstelveen,21 m,Totale oppervlakte: 85 m 2,â‚¬ 750,p/m | incl. g/w/e,Gemeubileerd,01-09-2021,2 weken geleden geplaatst,https://kamernet.nl/huren/kamer-amstelveen/maarten-lutherweg/kamer-1978895,"{'Woonkamer': ' Gedeeld ', 'Keuken': ' Gedeeld ', 'Badkamer': ' Gedeeld ', 'Toilet': ' Gedeeld ', 'Internet': ' Ja ', 'Energielabel': ' Onbekend ', 'Huisgenoten': '  1 ', 'Geslacht': ' Man ', 'Huisdieren': ' Nee '}",
Ribbelerbrinkstraat,in Enschede,13 m,,â‚¬ 295,p/m | excl. g/w/e,Gestoffeerd,03-09-2021,2 weken geleden geplaatst,https://kamernet.nl/huren/kamer-enschede/ribbelerbrinkstraat/kamer-1981291,"{'Woonkamer': ' Gedeeld ', 'Keuken': ' Gedeeld ', 'Badkamer': ' Gedeeld ', 'Toilet': ' Gedeeld ', 'Internet': ' Ja ', 'Energielabel': ' Onbekend ', 'Huisgenoten': '  Onbekend  ', 'Geslacht': ' Onbekend ', 'Huisdieren': ' Nee '}",
Oldenzaalsestraat,in Enschede,20 m,,â‚¬ 270,p/m | incl. g/w/e,Gemeubileerd,17-08-2021,2 weken geleden geplaatst,https://kamernet.nl/huren/kamer-enschede/oldenzaalsestraat/kamer-1981137,"{'Woonkamer': ' Gedeeld ', 'Keuken': ' Gedeeld ', 'Badkamer': ' Gedeeld ', 'Toilet': ' Gedeeld ', 'Internet': ' Ja ', 'Energielabel': ' Onbekend ', 'Huisgenoten': '  8  ', 'Geslacht': ' Man ', 'Huisdieren': ' Nee '}",
Loenermark,in Amsterdam,10 m,,â‚¬ 550,p/m | incl. g/w/e,Gemeubileerd,20-08-2021,2 weken geleden geplaatst,https://kamernet.nl/huren/kamer-amsterdam/loenermark/kamer-1981288,"{'Woonkamer': ' Gedeeld ', 'Keuken': ' Gedeeld ', 'Badkamer': ' Gedeeld ', 'Toilet': ' Gedeeld ', 'Internet': ' Ja ', 'Energielabel': ' Onbekend ', 'Huisgenoten': '  1 ', 'Geslacht': ' Vrouw ', 'Huisdieren': ' Nee '}",
Paterswoldseweg,in Groningen,15 m,,â‚¬ 370,p/m | incl. g/w/e,Kaal,01-09-2021,2 weken geleden geplaatst,https://kamernet.nl/huren/kamer-groningen/paterswoldseweg/kamer-1981338,"{'Woonkamer': ' Gedeeld ', 'Keuken': ' Gedeeld ', 'Badkamer': ' Gedeeld ', 'Toilet': ' Gedeeld ', 'Internet': ' Ja ', 'Energielabel': ' Onbekend ', 'Huisgenoten': '  2 ', 'Geslacht': ' Vrouw ', 'Huisdieren': ' Nee '}",
Olieslagweg,in Enschede,10 m,,â‚¬ 195,p/m | incl. g/w/e,Gestoffeerd,18-08-2021,2 weken geleden geplaatst,https://kamernet.nl/huren/kamer-enschede/olieslagweg/kamer-1981347,"{'Woonkamer': ' Gedeeld ', 'Keuken': ' Gedeeld ', 'Badkamer': ' Gedeeld ', 'Toilet': ' Gedeeld ', 'Internet': ' Ja ', 'Energielabel': ' Onbekend ', 'Huisgenoten': '  Meer dan 8 ', 'Geslacht': ' Man ', 'Huisdieren': ' Nee '}",
Prof. Evertslaan,in Delft,16 m,Totale oppervlakte: 132 m 2,â‚¬ 366,p/m | incl. g/w/e,Gemeubileerd,11-09-2021 tot 11-03-2022,2 weken geleden geplaatst,https://kamernet.nl/huren/kamer-delft/prof.-evertslaan/kamer-1981283,"{'Woonkamer': ' Gedeeld ', 'Keuken': ' Gedeeld ', 'Badkamer': ' Gedeeld ', 'Toilet': ' Gedeeld ', 'Internet': ' Ja ', 'Energielabel': ' Onbekend ', 'Huisgenoten': '  Meer dan 8 ', 'Geslacht': ' Gemengd ', 'Huisdieren': ' In overleg '}",
Johannes Camphuysstraat,in Utrecht,16 m,,â‚¬ 300,p/m | excl. g/w/e,Gestoffeerd,25-08-2021,2 weken geleden geplaatst,https://kamernet.nl/huren/kamer-utrecht/johannes-camphuysstraat/kamer-1981242,"{'Woonkamer': ' Geen ', 'Keuken': ' Gedeeld ', 'Badkamer': ' Gedeeld ', 'Toilet': ' Gedeeld ', 'Internet': ' Ja ', 'Energielabel': ' Onbekend ', 'Huisgenoten': '  3 ', 'Geslacht': ' Gemengd ', 'Huisdieren': ' Nee '}",
Menno ter Braaklaan,in Delft,14 m,Totale oppervlakte: 65 m 2,â‚¬ 625,p/m | incl. g/w/e,Gemeubileerd,01-09-2021,2 weken geleden geplaatst,https://kamernet.nl/huren/kamer-delft/menno-ter-braaklaan/kamer-1963350,"{'Woonkamer': ' Gedeeld ', 'Keuken': ' Gedeeld ', 'Badkamer': ' Gedeeld ', 'Toilet': ' Gedeeld ', 'Internet': ' Ja ', 'Energielabel': ' Onbekend ', 'Huisgenoten': '  3 ', 'Geslacht': ' Gemengd ', 'Huisdieren': ' Nee '}",
Menno ter Braaklaan,in Delft,9 m,Totale oppervlakte: 47 m 2,â‚¬ 475,p/m | incl. g/w/e,Gemeubileerd,01-09-2021,2 weken geleden geplaatst,https://kamernet.nl/huren/kamer-delft/menno-ter-braaklaan/kamer-1981358,"{'Woonkamer': ' Gedeeld ', 'Keuken': ' Gedeeld ', 'Badkamer': ' Gedeeld ', 'Toilet': ' Gedeeld ', 'Internet': ' Ja ', 'Energielabel': ' Onbekend ', 'Huisgenoten': '  3 ', 'Geslacht': ' Gemengd ', 'Huisdieren': ' Nee '}",
Marnixlaan,in Utrecht,15 m,Totale oppervlakte: 80 m 2,â‚¬ 700,p/m | incl. g/w/e,Gemeubileerd,01-10-2021 tot 04-11-2021,2 weken geleden geplaatst,https://kamernet.nl/huren/kamer-utrecht/marnixlaan/kamer-1979367,"{'Woonkamer': ' Gedeeld ', 'Keuken': ' Gedeeld ', 'Badkamer': ' Gedeeld ', 'Toilet': ' Gedeeld ', 'Internet': ' Ja ', 'Energielabel': ' Onbekend ', 'Huisgenoten': '  1 ', 'Geslacht': ' Vrouw ', 'Huisdieren': ' Nee '}",
Nachtegaalstraat,in Zwolle,48 m,Totaal 2 kamers (1 slaapkamer) ,â‚¬ 1125,p/m | excl. g/w/e,Gestoffeerd,15-11-2021 tot 15-11-2023,2 weken geleden geplaatst,https://kamernet.nl/huren/appartement-zwolle/nachtegaalstraat/appartement-1981450,"{'Woonkamer': ' Eigen ', 'Keuken': ' Eigen ', 'Badkamer': ' Eigen ', 'Toilet': ' Eigen ', 'Internet': ' Nee ', 'Energielabel': ' A ', 'Huisdieren': ' Nee '}",
Monnikskapstraat,in Amsterdam,55 m,Totaal 1 kamer (1 slaapkamer) ,â‚¬ 1200,p/m | excl. g/w/e,Gemeubileerd,19-08-2021 tot 30-09-2021,2 weken geleden geplaatst,https://kamernet.nl/huren/appartement-amsterdam/monnikskapstraat/appartement-1981494,"{'Woonkamer': ' Eigen ', 'Keuken': ' Eigen ', 'Badkamer': ' Eigen ', 'Toilet': ' Eigen ', 'Internet': ' Ja ', 'Energielabel': ' A ', 'Huisdieren': ' Nee '}",
Bankastraat,in Delft,14 m,,â‚¬ 395,p/m | excl. g/w/e,Kaal,15-09-2021,2 weken geleden geplaatst,https://kamernet.nl/huren/kamer-delft/bankastraat/kamer-1981473,"{'Woonkamer': ' Gedeeld ', 'Keuken': ' Gedeeld ', 'Badkamer': ' Gedeeld ', 'Toilet': ' Gedeeld ', 'Internet': ' Ja ', 'Energielabel': ' Onbekend ', 'Huisgenoten': '  3 ', 'Geslacht': ' Vrouw ', 'Huisdieren': ' Nee '}",
Oosterweg,in Groningen,15 m,,â‚¬ 299,p/m | excl. g/w/e,Gemeubileerd,21-10-2021 tot 18-01-2022,2 weken geleden geplaatst,https://kamernet.nl/huren/kamer-groningen/oosterweg/kamer-1981326,"{'Woonkamer': ' Geen ', 'Keuken': ' Gedeeld ', 'Badkamer': ' Gedeeld ', 'Toilet': ' Gedeeld ', 'Internet': ' Nee ', 'Energielabel': ' Onbekend ', 'Huisgenoten': '  4  ', 'Geslacht': ' Gemengd ', 'Huisdieren': ' Nee '}",
Boezemdwarsstraat,in Rotterdam,12 m,Totale oppervlakte: 50 m 2,â‚¬ 475,p/m | incl. g/w/e,Gestoffeerd,01-09-2021,2 weken geleden geplaatst,https://kamernet.nl/huren/kamer-rotterdam/boezemdwarsstraat/kamer-1981369,"{'Woonkamer': ' Gedeeld ', 'Keuken': ' Gedeeld ', 'Badkamer': ' Eigen ', 'Toilet': ' Eigen ', 'Internet': ' Ja ', 'Energielabel': ' Onbekend ', 'Huisgenoten': '  4  ', 'Geslacht': ' Man ', 'Huisdieren': ' Nee '}",
IJmuiderstraatweg,in IJmuiden,30 m,Totale oppervlakte: 2 m 2,â‚¬ 500,p/m | incl. g/w/e,Gemeubileerd,01-09-2021 tot 01-01-2022,2 weken geleden geplaatst,https://kamernet.nl/huren/kamer-ijmuiden/ijmuiderstraatweg/kamer-1981492,"{'Woonkamer': ' Eigen ', 'Keuken': ' Geen ', 'Badkamer': ' Gedeeld ', 'Toilet': ' Gedeeld ', 'Internet': ' Ja ', 'Energielabel': ' Onbekend ', 'Huisgenoten': '  1 ', 'Geslacht': ' Vrouw ', 'Huisdieren': ' Nee '}",
Oranjestraat,in Rotterdam,16 m,Totale oppervlakte: 12 m 2,â‚¬ 350,p/m | excl. g/w/e,Kaal,19-08-2021,2 weken geleden geplaatst,https://kamernet.nl/huren/kamer-rotterdam/oranjestraat/kamer-1981480,"{'Woonkamer': ' Geen ', 'Keuken': ' Gedeeld ', 'Badkamer': ' Gedeeld ', 'Toilet': ' Gedeeld ', 'Internet': ' Ja ', 'Energielabel': ' Onbekend ', 'Huisgenoten': '  3 ', 'Geslacht': ' Gemengd ', 'Huisdieren': ' Nee '}",
Zaanstraat,in Enschede,10 m,Totale oppervlakte: 60 m 2,â‚¬ 229,p/m | excl. g/w/e,Gestoffeerd,19-08-2021,2 weken geleden geplaatst,https://kamernet.nl/huren/kamer-enschede/zaanstraat/kamer-1981508,"{'Woonkamer': ' Gedeeld ', 'Keuken': ' Gedeeld ', 'Badkamer': ' Gedeeld ', 'Toilet': ' Gedeeld ', 'Internet': ' Ja ', 'Energielabel': ' Onbekend ', 'Huisgenoten': '  2 ', 'Geslacht': ' Gemengd ', 'Huisdieren': ' Nee '}",
Hyacintstraat,in Utrecht,14 m,Totale oppervlakte: 40 m 2,â‚¬ 400,p/m | incl. g/w/e,Gestoffeerd,13-09-2021,2 weken geleden geplaatst,https://kamernet.nl/huren/kamer-utrecht/hyacintstraat/kamer-1981408,"{'Woonkamer': ' Geen ', 'Keuken': ' Gedeeld ', 'Badkamer': ' Gedeeld ', 'Toilet': ' Gedeeld ', 'Internet': ' Ja ', 'Energielabel': ' Onbekend ', 'Huisgenoten': '  3 ', 'Geslacht': ' Gemengd ', 'Huisdieren': ' Nee '}",
Kerkstraat,in Drachten,80 m,Totaal 3 kamers (2 slaapkamers) ,â‚¬ 752,p/m | excl. g/w/e,Gestoffeerd,19-08-2021,2 weken geleden geplaatst,https://kamernet.nl/huren/appartement-drachten/kerkstraat/appartement-1981503,"{'Woonkamer': ' Eigen ', 'Keuken': ' Eigen ', 'Badkamer': ' Eigen ', 'Toilet': ' Eigen ', 'Internet': ' Ja ', 'Energielabel': ' Onbekend ', 'Huisdieren': ' Nee '}",
Cleyburchstraat,in Rotterdam,64 m,Totaal 3 kamers (2 slaapkamers) ,â‚¬ 1200,p/m | excl. g/w/e,Gestoffeerd,19-08-2021,2 weken geleden geplaatst,https://kamernet.nl/huren/appartement-rotterdam/cleyburchstraat/appartement-1981511,"{'Woonkamer': ' Eigen ', 'Keuken': ' Eigen ', 'Badkamer': ' Eigen ', 'Toilet': ' Eigen ', 'Internet': ' Onbekend ', 'Energielabel': ' D ', 'Huisdieren': ' Nee '}",
Delftsestraatweg,in Delfgauw,8 m,,â‚¬ 350,p/m | excl. g/w/e,Gestoffeerd,06-09-2021 tot 01-02-2022,2 weken geleden geplaatst,https://kamernet.nl/huren/kamer-delfgauw/delftsestraatweg/kamer-1981516,"{'Woonkamer': ' Gedeeld ', 'Keuken': ' Gedeeld ', 'Badkamer': ' Gedeeld ', 'Toilet': ' Gedeeld ', 'Internet': ' Ja ', 'Energielabel': ' Onbekend ', 'Huisgenoten': '  6 ', 'Geslacht': ' Gemengd ', 'Huisdieren': ' Nee '}",
Meermanstraat,in Delft,20 m,,â‚¬ 350,p/m | incl. g/w/e,Gemeubileerd,01-09-2021,2 weken geleden geplaatst,https://kamernet.nl/huren/kamer-delft/meermanstraat/kamer-1981268,"{'Woonkamer': ' Geen ', 'Keuken': ' Geen ', 'Badkamer': ' Gedeeld ', 'Toilet': ' Gedeeld ', 'Internet': ' Ja ', 'Energielabel': ' Onbekend ', 'Huisgenoten': '  2 ', 'Geslacht': ' Gemengd ', 'Huisdieren': ' Nee '}",
Weteringkade,in Den Haag,21 m,Totale oppervlakte: 100 m 2,â‚¬ 355,p/m | incl. g/w/e,Gestoffeerd,18-09-2021,2 weken geleden geplaatst,https://kamernet.nl/huren/kamer-den-haag/weteringkade/kamer-1981521,"{'Woonkamer': ' Gedeeld ', 'Keuken': ' Gedeeld ', 'Badkamer': ' Gedeeld ', 'Toilet': ' Gedeeld ', 'Internet': ' Ja ', 'Energielabel': ' Onbekend ', 'Huisgenoten': '  3 ', 'Geslacht': ' Man ', 'Huisdieren': ' Nee '}",
Riouwstraat,in Amsterdam,15 m,,â‚¬ 700,p/m | incl. g/w/e,Gemeubileerd,19-06-2021,2 weken geleden geplaatst,https://kamernet.nl/huren/kamer-amsterdam/riouwstraat/kamer-1981532,"{'Woonkamer': ' Geen ', 'Keuken': ' Eigen ', 'Badkamer': ' Eigen ', 'Toilet': ' Gedeeld ', 'Internet': ' Ja ', 'Energielabel': ' Onbekend ', 'Huisgenoten': '  2 ', 'Geslacht': ' Onbekend ', 'Huisdieren': ' Nee '}",
Zuidereinde,in 's-Graveland,35 m,,â‚¬ 850,p/m | incl. g/w/e,Gemeubileerd,01-10-2021 tot 31-05-2022,2 weken geleden geplaatst,https://kamernet.nl/huren/appartement-'s-graveland/zuidereinde/appartement-1981536,"{'Woonkamer': ' Eigen ', 'Keuken': ' Eigen ', 'Badkamer': ' Eigen ', 'Toilet': ' Eigen ', 'Internet': ' Ja ', 'Energielabel': ' Onbekend ', 'Huisdieren': ' Nee '}",
Willem Buytewechstraat,in Rotterdam,11 m,,â‚¬ 450,p/m | incl. g/w/e,Gemeubileerd,23-08-2021,1 week geleden geplaatst,https://kamernet.nl/huren/kamer-rotterdam/willem-buytewechstraat/kamer-1981607,"{'Woonkamer': ' Gedeeld ', 'Keuken': ' Gedeeld ', 'Badkamer': ' Gedeeld ', 'Toilet': ' Gedeeld ', 'Internet': ' Ja ', 'Energielabel': ' Onbekend ', 'Huisgenoten': '  1 ', 'Geslacht': ' Vrouw ', 'Huisdieren': ' Nee '}",
Hoefsteeg,in Gouda,75 m,,â‚¬ 950,p/m | excl. g/w/e,Gestoffeerd,01-11-2021,2 weken geleden geplaatst,https://kamernet.nl/huren/appartement-gouda/hoefsteeg/appartement-1981560,"{'Woonkamer': ' Onbekend ', 'Keuken': ' Eigen ', 'Badkamer': ' Eigen ', 'Toilet': ' Eigen ', 'Internet': ' Nee ', 'Energielabel': ' Onbekend ', 'Huisdieren': ' Nee '}",
Smildestraat,in Almere,18 m,Totale oppervlakte: 150 m 2,â‚¬ 559,p/m | incl. g/w/e,Gemeubileerd,20-08-2021,1 week geleden geplaatst,https://kamernet.nl/huren/kamer-almere/smildestraat/kamer-1939302,"{'Woonkamer': ' Gedeeld ', 'Keuken': ' Gedeeld ', 'Badkamer': ' Gedeeld ', 'Toilet': ' Gedeeld ', 'Internet': ' Ja ', 'Energielabel': ' Onbekend ', 'Huisgenoten': '  2 ', 'Geslacht': ' Gemengd ', 'Huisdieren': ' Nee '}",
Hamelweg,in Apeldoorn,12 m,,â‚¬ 345,p/m | incl. g/w/e,Gestoffeerd,15-07-2021,1 week geleden geplaatst,https://kamernet.nl/huren/kamer-apeldoorn/hamelweg/kamer-1981601,"{'Woonkamer': ' Eigen ', 'Keuken': ' Gedeeld ', 'Badkamer': ' Gedeeld ', 'Toilet': ' Gedeeld ', 'Internet': ' Ja ', 'Energielabel': ' Onbekend ', 'Huisgenoten': '  5 ', 'Geslacht': ' Gemengd ', 'Huisdieren': ' Nee '}",
Ouwendorperweg,in Garderen,15 m,,â‚¬ 375,p/m | incl. g/w/e,Gestoffeerd,30-09-2021 tot 20-08-2022,1 week geleden geplaatst,https://kamernet.nl/huren/kamer-garderen/ouwendorperweg/kamer-1981630,"{'Woonkamer': ' Gedeeld ', 'Keuken': ' Gedeeld ', 'Badkamer': ' Gedeeld ', 'Toilet': ' Gedeeld ', 'Internet': ' Ja ', 'Energielabel': ' Onbekend ', 'Huisgenoten': '  3 ', 'Geslacht': ' Man ', 'Huisdieren': ' Nee '}",
Klikspaanweg,in Leiden,12 m,,â‚¬ 320,p/m | incl. g/w/e,Kaal,19-09-2021,1 week geleden geplaatst,https://kamernet.nl/huren/kamer-leiden/klikspaanweg/kamer-1981636,"{'Woonkamer': ' Gedeeld ', 'Keuken': ' Gedeeld ', 'Badkamer': ' Gedeeld ', 'Toilet': ' Gedeeld ', 'Internet': ' Ja ', 'Energielabel': ' Onbekend ', 'Huisgenoten': '  Onbekend  ', 'Geslacht': ' Onbekend ', 'Huisdieren': ' Nee '}",
Adama van Scheltemaplein,in Delft,12 m,Totale oppervlakte: 45 m 2,â‚¬ 523,p/m | incl. g/w/e,Kaal,01-09-2021,1 week geleden geplaatst,https://kamernet.nl/huren/kamer-delft/adama-van-scheltemaplein/kamer-1981643,"{'Woonkamer': ' Gedeeld ', 'Keuken': ' Gedeeld ', 'Badkamer': ' Gedeeld ', 'Toilet': ' Gedeeld ', 'Internet': ' Ja ', 'Energielabel': ' B ', 'Huisgenoten': '  2 ', 'Geslacht': ' Man ', 'Huisdieren': ' Nee '}",
Kramersgildeplein,in Arnhem,85 m,Totaal 3 kamers,â‚¬ 1150,p/m | excl. g/w/e,Gestoffeerd,20-08-2021,1 week geleden geplaatst,https://kamernet.nl/huren/appartement-arnhem/kramersgildeplein/appartement-1981650,"{'Woonkamer': ' Onbekend ', 'Keuken': ' Onbekend ', 'Badkamer': ' Onbekend ', 'Toilet': ' Onbekend ', 'Internet': ' Onbekend ', 'Energielabel': ' Onbekend ', 'Huisdieren': ' Nee '}",
Van Almondestraat,in Delft,10 m,,â‚¬ 330,p/m | incl. g/w/e,Kaal,30-08-2021,1 week geleden geplaatst,https://kamernet.nl/huren/kamer-delft/van-almondestraat/kamer-1981647,"{'Woonkamer': ' Gedeeld ', 'Keuken': ' Gedeeld ', 'Badkamer': ' Gedeeld ', 'Toilet': ' Gedeeld ', 'Internet': ' Ja ', 'Energielabel': ' Onbekend ', 'Huisgenoten': '  2 ', 'Geslacht': ' Vrouw ', 'Huisdieren': ' Nee '}",
Eikstraat,in Enschede,10 m,Totale oppervlakte: 100 m 2,â‚¬ 295,p/m | excl. g/w/e,Gestoffeerd,05-09-2021,1 week geleden geplaatst,https://kamernet.nl/huren/kamer-enschede/eikstraat/kamer-1981461,"{'Woonkamer': ' Gedeeld ', 'Keuken': ' Gedeeld ', 'Badkamer': ' Gedeeld ', 'Toilet': ' Gedeeld ', 'Internet': ' Ja ', 'Energielabel': ' Onbekend ', 'Huisgenoten': '  3 ', 'Geslacht': ' Man ', 'Huisdieren': ' Nee '}",
Hondsrug,in Utrecht,8 m,Totale oppervlakte: 40 m 2,â‚¬ 230,p/m | incl. g/w/e,Gestoffeerd,07-09-2021,1 week geleden geplaatst,https://kamernet.nl/huren/kamer-utrecht/hondsrug/kamer-1980682,"{'Woonkamer': ' Gedeeld ', 'Keuken': ' Gedeeld ', 'Badkamer': ' Gedeeld ', 'Toilet': ' Gedeeld ', 'Internet': ' Ja ', 'Energielabel': ' Onbekend ', 'Huisgenoten': '  4  ', 'Geslacht': ' Gemengd ', 'Huisdieren': ' Nee '}",
Bilderdijkkade,in Amsterdam,10 m,Totale oppervlakte: 70 m 2,â‚¬ 1108,p/m | incl. g/w/e,Gemeubileerd,01-10-2021,1 week geleden geplaatst,https://kamernet.nl/huren/kamer-amsterdam/bilderdijkkade/kamer-1981660,"{'Woonkamer': ' Gedeeld ', 'Keuken': ' Gedeeld ', 'Badkamer': ' Gedeeld ', 'Toilet': ' Gedeeld ', 'Internet': ' Ja ', 'Energielabel': ' Onbekend ', 'Huisgenoten': '  1 ', 'Geslacht': ' Vrouw ', 'Huisdieren': ' In overleg '}",
Oudezijds Voorburgwal,in Amsterdam,50 m,Totaal 2 kamers (1 slaapkamer) ,â‚¬ 1400,p/m | excl. g/w/e,Kaal,01-09-2021,1 week geleden geplaatst,https://kamernet.nl/huren/appartement-amsterdam/oudezijds-voorburgwal/appartement-1981671,"{'Woonkamer': ' Eigen ', 'Keuken': ' Eigen ', 'Badkamer': ' Eigen ', 'Toilet': ' Eigen ', 'Internet': ' Onbekend ', 'Energielabel': ' Onbekend ', 'Huisdieren': ' Nee '}",
Emfuleni,in Amsterdam,8 m,Totale oppervlakte: 25 m 2,â‚¬ 750,p/m | incl. g/w/e,Gemeubileerd,20-08-2021 tot 31-07-2022,1 week geleden geplaatst,https://kamernet.nl/huren/kamer-amsterdam/emfuleni/kamer-1981677,"{'Woonkamer': ' Gedeeld ', 'Keuken': ' Gedeeld ', 'Badkamer': ' Gedeeld ', 'Toilet': ' Gedeeld ', 'Internet': ' Ja ', 'Energielabel': ' A ', 'Huisgenoten': '  1 ', 'Geslacht': ' Gemengd ', 'Huisdieren': ' Nee '}",
Emfuleni,in Amsterdam,17 m,,â‚¬ 850,p/m | incl. g/w/e,Gemeubileerd,20-08-2021,1 week geleden geplaatst,https://kamernet.nl/huren/kamer-amsterdam/emfuleni/kamer-1981679,"{'Woonkamer': ' Gedeeld ', 'Keuken': ' Gedeeld ', 'Badkamer': ' Gedeeld ', 'Toilet': ' Gedeeld ', 'Internet': ' Ja ', 'Energielabel': ' Onbekend ', 'Huisgenoten': '  2 ', 'Geslacht': ' Gemengd ', 'Huisdieren': ' Nee '}",
Scholtenstraat,in Leiden,120 m,Totale oppervlakte: 75 m 2,â‚¬ 1600,p/m | incl. g/w/e,Gemeubileerd,20-08-2021,1 week geleden geplaatst,https://kamernet.nl/huren/kamer-leiden/scholtenstraat/kamer-1981682,"{'Woonkamer': ' Eigen ', 'Keuken': ' Eigen ', 'Badkamer': ' Eigen ', 'Toilet': ' Eigen ', 'Internet': ' Ja ', 'Energielabel': ' Onbekend ', 'Huisgenoten': '  1 ', 'Geslacht': ' Vrouw ', 'Huisdieren': ' Nee '}",
Emfuleni,in Amsterdam,23 m,,â‚¬ 950,p/m | incl. g/w/e,Gemeubileerd,20-08-2021,1 week geleden geplaatst,https://kamernet.nl/huren/kamer-amsterdam/emfuleni/kamer-1981684,"{'Woonkamer': ' Gedeeld ', 'Keuken': ' Gedeeld ', 'Badkamer': ' Gedeeld ', 'Toilet': ' Gedeeld ', 'Internet': ' Ja ', 'Energielabel': ' Onbekend ', 'Huisgenoten': '  2 ', 'Geslacht': ' Gemengd ', 'Huisdieren': ' Nee '}",
Persijnlaan,in Delft,8 m,,â‚¬ 390,p/m | incl. g/w/e,Gestoffeerd,01-09-2021,1 week geleden geplaatst,https://kamernet.nl/huren/kamer-delft/persijnlaan/kamer-1981709,"{'Woonkamer': ' Gedeeld ', 'Keuken': ' Gedeeld ', 'Badkamer': ' Gedeeld ', 'Toilet': ' Gedeeld ', 'Internet': ' Ja ', 'Energielabel': ' Onbekend ', 'Huisgenoten': '  3 ', 'Geslacht': ' Man ', 'Huisdieren': ' Nee '}",
Driekoningenstraat,in Arnhem,27 m,,â‚¬ 746,p/m | incl. g/w/e,Gestoffeerd,01-09-2021,1 week geleden geplaatst,https://kamernet.nl/huren/kamer-arnhem/driekoningenstraat/kamer-1981705,"{'Woonkamer': ' Eigen ', 'Keuken': ' Eigen ', 'Badkamer': ' Gedeeld ', 'Toilet': ' Gedeeld ', 'Internet': ' Ja ', 'Energielabel': ' Onbekend ', 'Huisgenoten': '  2 ', 'Geslacht': ' Gemengd ', 'Huisdieren': ' Nee '}",
Lipperkerkstraat,in Enschede,12 m,,â‚¬ 215,p/m | incl. g/w/e,Gestoffeerd,20-08-2021,1 week geleden geplaatst,https://kamernet.nl/huren/kamer-enschede/lipperkerkstraat/kamer-1981724,"{'Woonkamer': ' Gedeeld ', 'Keuken': ' Gedeeld ', 'Badkamer': ' Gedeeld ', 'Toilet': ' Gedeeld ', 'Internet': ' Ja ', 'Energielabel': ' Onbekend ', 'Huisgenoten': '  7 ', 'Geslacht': ' Man ', 'Huisdieren': ' Ja '}",
Golfbaan,in Noordwijk,30 m,,â‚¬ 700,p/m | excl. g/w/e,Gemeubileerd,01-09-2021 tot 30-06-2022,1 week geleden geplaatst,https://kamernet.nl/huren/studio-noordwijk/golfbaan/studio-1981720,"{'Woonkamer': ' Gedeeld ', 'Keuken': ' Gedeeld ', 'Badkamer': ' Gedeeld ', 'Toilet': ' Gedeeld ', 'Internet': ' Ja ', 'Energielabel': ' Onbekend ', 'Huisdieren': ' Nee '}",
Orchideeenstraat,in Eindhoven,14 m,,â‚¬ 325,p/m | excl. g/w/e,Kaal,20-08-2021,1 week geleden geplaatst,https://kamernet.nl/huren/kamer-eindhoven/orchideeenstraat/kamer-1981746,"{'Woonkamer': ' Eigen ', 'Keuken': ' Gedeeld ', 'Badkamer': ' Gedeeld ', 'Toilet': ' Gedeeld ', 'Internet': ' Ja ', 'Energielabel': ' Onbekend ', 'Huisgenoten': '  5 ', 'Geslacht': ' Gemengd ', 'Huisdieren': ' Ja '}",
E. du Perronlaan,in Delft,18 m,,â‚¬ 330,p/m | incl. g/w/e,Gemeubileerd,04-09-2021 tot 16-11-2021,1 week geleden geplaatst,https://kamernet.nl/huren/kamer-delft/e.-du-perronlaan/kamer-1981747,"{'Woonkamer': ' Gedeeld ', 'Keuken': ' Gedeeld ', 'Badkamer': ' Gedeeld ', 'Toilet': ' Gedeeld ', 'Internet': ' Ja ', 'Energielabel': ' Onbekend ', 'Huisgenoten': '  8  ', 'Geslacht': ' Gemengd ', 'Huisdieren': ' Nee '}",
Beneluxlaan,in Enschede,16 m,,â‚¬ 500,p/m | incl. g/w/e,Gestoffeerd,01-09-2021,1 week geleden geplaatst,https://kamernet.nl/huren/kamer-enschede/beneluxlaan/kamer-1981714,"{'Woonkamer': ' Gedeeld ', 'Keuken': ' Gedeeld ', 'Badkamer': ' Gedeeld ', 'Toilet': ' Gedeeld ', 'Internet': ' Ja ', 'Energielabel': ' Onbekend ', 'Huisgenoten': '  1 ', 'Geslacht': ' Man ', 'Huisdieren': ' Nee '}",
St. Elisabethshof,in Arnhem,83 m,Totaal 3 kamers (2 slaapkamers) ,â‚¬ 995,p/m | excl. g/w/e,Gestoffeerd,01-10-2021,1 week geleden geplaatst,https://kamernet.nl/huren/appartement-arnhem/st.-elisabethshof/appartement-1981336,"{'Woonkamer': ' Eigen ', 'Keuken': ' Eigen ', 'Badkamer': ' Eigen ', 'Toilet': ' Eigen ', 'Internet': ' Onbekend ', 'Energielabel': ' B ', 'Huisdieren': ' Nee '}",
Bosweg,in Anloo,45 m,,â‚¬ 585,p/m | excl. g/w/e,Gemeubileerd,05-09-2021 tot 05-12-2021,1 week geleden geplaatst,https://kamernet.nl/huren/appartement-anloo/bosweg/appartement-1981768,"{'Woonkamer': ' Gedeeld ', 'Keuken': ' Gedeeld ', 'Badkamer': ' Gedeeld ', 'Toilet': ' Gedeeld ', 'Internet': ' Ja ', 'Energielabel': ' B ', 'Huisdieren': ' Ja '}",
Handmolen,in Amsterdam,16 m,Totale oppervlakte: 30 m 2,â‚¬ 450,p/m | incl. g/w/e,Gemeubileerd,18-09-2021,1 week geleden geplaatst,https://kamernet.nl/huren/kamer-amsterdam/handmolen/kamer-1981798,"{'Woonkamer': ' Geen ', 'Keuken': ' Gedeeld ', 'Badkamer': ' Gedeeld ', 'Toilet': ' Gedeeld ', 'Internet': ' Ja ', 'Energielabel': ' Onbekend ', 'Huisgenoten': '  2 ', 'Geslacht': ' Gemengd ', 'Huisdieren': ' Nee '}",
Amsterdamsestraatweg,in Utrecht,16 m,,â‚¬ 520,p/m | incl. g/w/e,Gemeubileerd,22-08-2021 tot 21-08-2022,1 week geleden geplaatst,https://kamernet.nl/huren/kamer-utrecht/amsterdamsestraatweg/kamer-1981795,"{'Woonkamer': ' Gedeeld ', 'Keuken': ' Eigen ', 'Badkamer': ' Gedeeld ', 'Toilet': ' Gedeeld ', 'Internet': ' Ja ', 'Energielabel': ' C ', 'Huisgenoten': '  5 ', 'Geslacht': ' Vrouw ', 'Huisdieren': ' Nee '}",
Klarissenstraat,in Amersfoort,30 m,,â‚¬ 650,p/m | incl. g/w/e,Gestoffeerd,01-09-2021,1 week geleden geplaatst,https://kamernet.nl/huren/kamer-amersfoort/klarissenstraat/kamer-1981807,"{'Woonkamer': ' Geen ', 'Keuken': ' Gedeeld ', 'Badkamer': ' Gedeeld ', 'Toilet': ' Gedeeld ', 'Internet': ' Ja ', 'Energielabel': ' Onbekend ', 'Huisgenoten': '  3 ', 'Geslacht': ' Gemengd ', 'Huisdieren': ' Nee '}",
Roemer Visscherstraat,in Den Haag,62 m,Totaal 3 kamers (2 slaapkamers) ,â‚¬ 800,p/m | excl. g/w/e,Gestoffeerd,01-09-2021,1 week geleden geplaatst,https://kamernet.nl/huren/appartement-den-haag/roemer-visscherstraat/appartement-1981791,"{'Woonkamer': ' Eigen ', 'Keuken': ' Eigen ', 'Badkamer': ' Eigen ', 'Toilet': ' Eigen ', 'Internet': ' Nee ', 'Energielabel': ' Onbekend ', 'Huisdieren': ' Nee '}",
P Dubbeldamstraat,in Hoogeveen,11 m,,â‚¬ 450,p/m | incl. g/w/e,Kaal,21-08-2021,1 week geleden geplaatst,https://kamernet.nl/huren/kamer-hoogeveen/p-dubbeldamstraat/kamer-1981779,"{'Woonkamer': ' Gedeeld ', 'Keuken': ' Gedeeld ', 'Badkamer': ' Gedeeld ', 'Toilet': ' Gedeeld ', 'Internet': ' Ja ', 'Energielabel': ' A ', 'Huisgenoten': '  1 ', 'Geslacht': ' Man ', 'Huisdieren': ' Nee '}",
Dr. Van Hoekstraat,in Enschede,18 m,,â‚¬ 290,p/m | incl. g/w/e,Gestoffeerd,01-09-2021,1 week geleden geplaatst,https://kamernet.nl/huren/kamer-enschede/dr.-van-hoekstraat/kamer-1981781,"{'Woonkamer': ' Gedeeld ', 'Keuken': ' Gedeeld ', 'Badkamer': ' Gedeeld ', 'Toilet': ' Gedeeld ', 'Internet': ' Ja ', 'Energielabel': ' Onbekend ', 'Huisgenoten': '  4  ', 'Geslacht': ' Man ', 'Huisdieren': ' In overleg '}",
Sperwerlaan,in Vlaardingen,55 m,Totaal 1 kamer (3 slaapkamers) ,â‚¬ 400,p/m | excl. g/w/e,Kaal,19-08-2021,2 weken geleden geplaatst,https://kamernet.nl/huren/appartement-vlaardingen/sperwerlaan/appartement-1981386,"{'Woonkamer': ' Eigen ', 'Keuken': ' Eigen ', 'Badkamer': ' Eigen ', 'Toilet': ' Eigen ', 'Internet': ' Ja ', 'Energielabel': ' Onbekend ', 'Huisdieren': ' Nee '}",
Gooise Kant,in Amsterdam,20 m,,â‚¬ 800,p/m | incl. g/w/e,Gemeubileerd,01-09-2021,2 weken geleden geplaatst,https://kamernet.nl/huren/kamer-amsterdam/gooise-kant/kamer-1980577,"{'Woonkamer': ' Gedeeld ', 'Keuken': ' Gedeeld ', 'Badkamer': ' Gedeeld ', 'Toilet': ' Gedeeld ', 'Internet': ' Ja ', 'Energielabel': ' Onbekend ', 'Huisgenoten': '  2 ', 'Geslacht': ' Gemengd ', 'Huisdieren': ' Nee '}",
Stadhoudersweg,in Rotterdam,13 m,,â‚¬ 515,p/m | excl. g/w/e,Gestoffeerd,01-09-2021 tot 30-06-2022,1 week geleden geplaatst,https://kamernet.nl/huren/studio-rotterdam/stadhoudersweg/studio-1981854,"{'Woonkamer': ' Gedeeld ', 'Keuken': ' Gedeeld ', 'Badkamer': ' Gedeeld ', 'Toilet': ' Gedeeld ', 'Internet': ' Ja ', 'Energielabel': ' A ', 'Huisdieren': ' Ja '}",
Biesbosch,in Diemen,10 m,Totale oppervlakte: 25 m 2,â‚¬ 385,p/m | excl. g/w/e,Gestoffeerd,01-10-2021,1 week geleden geplaatst,https://kamernet.nl/huren/kamer-diemen/biesbosch/kamer-1982531,"{'Woonkamer': ' Geen ', 'Keuken': ' Gedeeld ', 'Badkamer': ' Gedeeld ', 'Toilet': ' Gedeeld ', 'Internet': ' Ja ', 'Energielabel': ' Onbekend ', 'Huisgenoten': '  3 ', 'Geslacht': ' Gemengd ', 'Huisdieren': ' Nee '}",
Willem van Noortstraat,in Utrecht,10 m,,â‚¬ 360,p/m | incl. g/w/e,Gestoffeerd,08-09-2021,1 week geleden geplaatst,https://kamernet.nl/huren/kamer-utrecht/willem-van-noortstraat/kamer-1981818,"{'Woonkamer': ' Geen ', 'Keuken': ' Gedeeld ', 'Badkamer': ' Gedeeld ', 'Toilet': ' Gedeeld ', 'Internet': ' Ja ', 'Energielabel': ' Onbekend ', 'Huisgenoten': '  2 ', 'Geslacht': ' Gemengd ', 'Huisdieren': ' Nee '}",
Saffierstraat,in Groningen,26 m,Totale oppervlakte: 82 m 2,â‚¬ 400,p/m | incl. g/w/e,Gemeubileerd,30-09-2021,1 week geleden geplaatst,https://kamernet.nl/huren/kamer-groningen/saffierstraat/kamer-1982465,"{'Woonkamer': ' Onbekend ', 'Keuken': ' Gedeeld ', 'Badkamer': ' Gedeeld ', 'Toilet': ' Gedeeld ', 'Internet': ' Ja ', 'Energielabel': ' A ', 'Huisgenoten': '  1 ', 'Geslacht': ' Man ', 'Huisdieren': ' Nee '}",
Rijksweg Zuid,in Sittard,114 m,,â‚¬ 995,p/m | excl. g/w/e,Gestoffeerd,25-08-2021,1 week geleden geplaatst,https://kamernet.nl/huren/appartement-sittard/rijksweg-zuid/appartement-1982758,"{'Woonkamer': ' Onbekend ', 'Keuken': ' Onbekend ', 'Badkamer': ' Onbekend ', 'Toilet': ' Onbekend ', 'Internet': ' Onbekend ', 'Energielabel': ' Onbekend ', 'Huisdieren': ' In overleg '}",
Kloosterplein,in Sittard,15 m,,â‚¬ 340,p/m | incl. g/w/e,Kaal,02-05-2021,6 dagen geleden geplaatst,https://kamernet.nl/huren/kamer-sittard/kloosterplein/kamer-1983199,"{'Woonkamer': ' Geen ', 'Keuken': ' Gedeeld ', 'Badkamer': ' Gedeeld ', 'Toilet': ' Gedeeld ', 'Internet': ' Nee ', 'Energielabel': ' Onbekend ', 'Huisgenoten': '  Meer dan 8 ', 'Geslacht': ' Gemengd ', 'Huisdieren': ' Nee '}",
Gorechtkade,in Groningen,16 m,,â‚¬ 330,p/m | incl. g/w/e,Gestoffeerd,01-09-2021,1 week geleden geplaatst,https://kamernet.nl/huren/kamer-groningen/gorechtkade/kamer-1982426,"{'Woonkamer': ' Geen ', 'Keuken': ' Gedeeld ', 'Badkamer': ' Gedeeld ', 'Toilet': ' Gedeeld ', 'Internet': ' Ja ', 'Energielabel': ' Onbekend ', 'Huisgenoten': '  4  ', 'Geslacht': ' Gemengd ', 'Huisdieren': ' Nee '}",
Noorderspoorsingel,in Groningen,50 m,Totaal 3 kamers (2 slaapkamers) ,â‚¬ 700,p/m | incl. g/w/e,Gemeubileerd,15-09-2021 tot 15-07-2022,2 weken geleden geplaatst,https://kamernet.nl/huren/appartement-groningen/noorderspoorsingel/appartement-1980140,"{'Woonkamer': ' Eigen ', 'Keuken': ' Eigen ', 'Badkamer': ' Eigen ', 'Toilet': ' Eigen ', 'Internet': ' Ja ', 'Energielabel': ' A ', 'Huisdieren': ' In overleg '}",
Ouderkerkerlaan,in Amstelveen,10 m,,â‚¬ 465,p/m | incl. g/w/e,Kaal,01-09-2021,2 weken geleden geplaatst,https://kamernet.nl/huren/kamer-amstelveen/ouderkerkerlaan/kamer-1980172,"{'Woonkamer': ' Gedeeld ', 'Keuken': ' Gedeeld ', 'Badkamer': ' Gedeeld ', 'Toilet': ' Gedeeld ', 'Internet': ' Ja ', 'Energielabel': ' Onbekend ', 'Huisgenoten': '  Meer dan 8 ', 'Geslacht': ' Vrouw ', 'Huisdieren': ' Nee '}",
Graan voor Visch,in Hoofddorp,18 m,Totale oppervlakte: 122 m 2,â‚¬ 395,p/m | excl. g/w/e,Gestoffeerd,11-08-2021 tot 31-08-2022,3 weken geleden geplaatst,https://kamernet.nl/huren/kamer-hoofddorp/graan-voor-visch/kamer-1979714,"{'Woonkamer': ' Gedeeld ', 'Keuken': ' Gedeeld ', 'Badkamer': ' Gedeeld ', 'Toilet': ' Gedeeld ', 'Internet': ' Nee ', 'Energielabel': ' Onbekend ', 'Huisgenoten': '  3 ', 'Geslacht': ' Vrouw ', 'Huisdieren': ' Nee '}",
Saxenburgerdwarsstraat,in Amsterdam,70 m,Totaal 2 kamers (1 slaapkamer) ,â‚¬ 1490,p/m | incl. g/w/e,Gemeubileerd,18-09-2021 tot 18-10-2021,3 weken geleden geplaatst,https://kamernet.nl/huren/appartement-amsterdam/saxenburgerdwarsstraat/appartement-1979879,"{'Woonkamer': ' Eigen ', 'Keuken': ' Eigen ', 'Badkamer': ' Eigen ', 'Toilet': ' Eigen ', 'Internet': ' Ja ', 'Energielabel': ' E ', 'Huisdieren': ' Ja '}",
Noordse Bosje,in Hilversum,95 m,Totaal 5 kamers,â‚¬ 1300,p/m | excl. g/w/e,Gestoffeerd,10-08-2021,3 weken geleden geplaatst,https://kamernet.nl/huren/appartement-hilversum/noordse-bosje/appartement-1979403,"{'Woonkamer': ' Onbekend ', 'Keuken': ' Onbekend ', 'Badkamer': ' Onbekend ', 'Toilet': ' Onbekend ', 'Internet': ' Onbekend ', 'Energielabel': ' Onbekend ', 'Huisdieren': ' In overleg '}",
Havenstraat,in Bussum,90 m,Totaal 3 kamers,â‚¬ 1350,p/m | excl. g/w/e,Gemeubileerd,09-08-2021,3 weken geleden geplaatst,https://kamernet.nl/huren/appartement-bussum/havenstraat/appartement-1979133,"{'Woonkamer': ' Onbekend ', 'Keuken': ' Onbekend ', 'Badkamer': ' Onbekend ', 'Toilet': ' Onbekend ', 'Internet': ' Onbekend ', 'Energielabel': ' Onbekend ', 'Huisdieren': ' In overleg '}",
Choorstraat,in Delft,11 m,,â‚¬ 300,p/m | incl. g/w/e,Gestoffeerd,15-09-2021,3 weken geleden geplaatst,https://kamernet.nl/huren/kamer-delft/choorstraat/kamer-1978887,"{'Woonkamer': ' Gedeeld ', 'Keuken': ' Gedeeld ', 'Badkamer': ' Gedeeld ', 'Toilet': ' Gedeeld ', 'Internet': ' Ja ', 'Energielabel': ' Onbekend ', 'Huisgenoten': '  6 ', 'Geslacht': ' Gemengd ', 'Huisdieren': ' Nee '}",
Snelliusstraat,in Groningen,12 m,Totale oppervlakte: 60 m 2,â‚¬ 400,p/m | incl. g/w/e,Gestoffeerd,31-08-2021,3 weken geleden geplaatst,https://kamernet.nl/huren/kamer-groningen/snelliusstraat/kamer-1978633,"{'Woonkamer': ' Geen ', 'Keuken': ' Gedeeld ', 'Badkamer': ' Gedeeld ', 'Toilet': ' Gedeeld ', 'Internet': ' Ja ', 'Energielabel': ' Onbekend ', 'Huisgenoten': '  4  ', 'Geslacht': ' Gemengd ', 'Huisdieren': ' Nee '}",
Papsouwselaan,in Delft,13 m,,â‚¬ 485,p/m | incl. g/w/e,Gemeubileerd,01-09-2021 tot 31-01-2022,4 weken geleden geplaatst,https://kamernet.nl/huren/kamer-delft/papsouwselaan/kamer-1978423,"{'Woonkamer': ' Gedeeld ', 'Keuken': ' Gedeeld ', 'Badkamer': ' Gedeeld ', 'Toilet': ' Gedeeld ', 'Internet': ' Ja ', 'Energielabel': ' Onbekend ', 'Huisgenoten': '  3 ', 'Geslacht': ' Vrouw ', 'Huisdieren': ' In overleg '}",
Venestraat,in Nijkerk,15 m,,â‚¬ 550,p/m | incl. g/w/e,Gestoffeerd,05-08-2021,4 weken geleden geplaatst,https://kamernet.nl/huren/kamer-nijkerk/venestraat/kamer-1978449,"{'Woonkamer': ' Geen ', 'Keuken': ' Gedeeld ', 'Badkamer': ' Gedeeld ', 'Toilet': ' Gedeeld ', 'Internet': ' Ja ', 'Energielabel': ' Onbekend ', 'Huisgenoten': '  Onbekend  ', 'Geslacht': ' Onbekend ', 'Huisdieren': ' In overleg '}",
Matenweg,in Enschede,12 m,,â‚¬ 275,p/m | incl. g/w/e,Gestoffeerd,05-08-2021,4 weken geleden geplaatst,https://kamernet.nl/huren/kamer-enschede/matenweg/kamer-1978475,"{'Woonkamer': ' Gedeeld ', 'Keuken': ' Gedeeld ', 'Badkamer': ' Gedeeld ', 'Toilet': ' Gedeeld ', 'Internet': ' Ja ', 'Energielabel': ' Onbekend ', 'Huisgenoten': '  6 ', 'Geslacht': ' Man ', 'Huisdieren': ' Ja '}",
Zandweg,in Leersum,40 m,Totaal 4 kamers (2 slaapkamers) ,â‚¬ 1150,p/m | incl. g/w/e,Gemeubileerd,01-10-2021 tot 01-07-2022,4 weken geleden geplaatst,https://kamernet.nl/huren/appartement-leersum/zandweg/appartement-1978440,"{'Woonkamer': ' Eigen ', 'Keuken': ' Eigen ', 'Badkamer': ' Eigen ', 'Toilet': ' Eigen ', 'Internet': ' Ja ', 'Energielabel': ' Onbekend ', 'Huisdieren': ' Nee '}",
Iepenrodelaan,in Amstelveen,20 m,,â‚¬ 875,p/m | incl. g/w/e,Gemeubileerd,04-09-2021 tot 11-08-2023,3 weken geleden geplaatst,https://kamernet.nl/huren/kamer-amstelveen/iepenrodelaan/kamer-1979607,"{'Woonkamer': ' Geen ', 'Keuken': ' Gedeeld ', 'Badkamer': ' Gedeeld ', 'Toilet': ' Gedeeld ', 'Internet': ' Ja ', 'Energielabel': ' Onbekend ', 'Huisgenoten': '  2 ', 'Geslacht': ' Man ', 'Huisdieren': ' Nee '}",
Vurehout,in Zaandam,61 m,Totaal 3 kamers (2 slaapkamers) ,â‚¬ 1550,p/m | excl. g/w/e,Gemeubileerd,20-10-2021,4 weken geleden geplaatst,https://kamernet.nl/huren/appartement-zaandam/vurehout/appartement-1978481,"{'Woonkamer': ' Eigen ', 'Keuken': ' Eigen ', 'Badkamer': ' Eigen ', 'Toilet': ' Eigen ', 'Internet': ' Nee ', 'Energielabel': ' A ', 'Huisdieren': ' Nee '}",
Aldendrielpad,in Rotterdam,28 m,Totale oppervlakte: 80 m 2,â‚¬ 550,p/m | incl. g/w/e,Gemeubileerd,05-08-2021 tot 05-10-2022,3 weken geleden geplaatst,https://kamernet.nl/huren/kamer-rotterdam/aldendrielpad/kamer-1978478,"{'Woonkamer': ' Gedeeld ', 'Keuken': ' Gedeeld ', 'Badkamer': ' Gedeeld ', 'Toilet': ' Gedeeld ', 'Internet': ' Nee ', 'Energielabel': ' Onbekend ', 'Huisgenoten': '  2 ', 'Geslacht': ' Vrouw ', 'Huisdieren': ' Nee '}",
Mintplantsoen,in Almere,15 m,,â‚¬ 1600,p/m | excl. g/w/e,Kaal,05-08-2021 tot 06-02-2022,3 weken geleden geplaatst,https://kamernet.nl/huren/kamer-almere/mintplantsoen/kamer-1978487,"{'Woonkamer': ' Gedeeld ', 'Keuken': ' Gedeeld ', 'Badkamer': ' Gedeeld ', 'Toilet': ' Gedeeld ', 'Internet': ' Ja ', 'Energielabel': ' Onbekend ', 'Huisgenoten': '  3 ', 'Geslacht': ' Gemengd ', 'Huisdieren': ' Nee '}",
Schippersdreef,in Maastricht,10 m,,â‚¬ 230,p/m | incl. g/w/e,Gestoffeerd,01-07-2021,3 weken geleden geplaatst,https://kamernet.nl/huren/kamer-maastricht/schippersdreef/kamer-1954844,"{'Woonkamer': ' Geen ', 'Keuken': ' Gedeeld ', 'Badkamer': ' Gedeeld ', 'Toilet': ' Gedeeld ', 'Internet': ' Ja ', 'Energielabel': ' Onbekend ', 'Huisgenoten': '  2 ', 'Geslacht': ' Man ', 'Huisdieren': ' Nee '}",
Koekoekstraat,in Utrecht,12 m,Totale oppervlakte: 35 m 2,â‚¬ 315,p/m | incl. g/w/e,Gemeubileerd,01-10-2021 tot 01-12-2021,3 weken geleden geplaatst,https://kamernet.nl/huren/kamer-utrecht/koekoekstraat/kamer-1978587,"{'Woonkamer': ' Geen ', 'Keuken': ' Gedeeld ', 'Badkamer': ' Gedeeld ', 'Toilet': ' Gedeeld ', 'Internet': ' Ja ', 'Energielabel': ' Onbekend ', 'Huisgenoten': '  4  ', 'Geslacht': ' Gemengd ', 'Huisdieren': ' Nee '}",
Mijnsherenlaan,in Rotterdam,35 m,Totaal 1 kamer (1 slaapkamer) ,â‚¬ 800,p/m | excl. g/w/e,Gestoffeerd,25-08-2021,3 weken geleden geplaatst,https://kamernet.nl/huren/studio-rotterdam/mijnsherenlaan/studio-1978599,"{'Woonkamer': ' Eigen ', 'Keuken': ' Eigen ', 'Badkamer': ' Eigen ', 'Toilet': ' Eigen ', 'Internet': ' Ja ', 'Energielabel': ' Onbekend ', 'Huisdieren': ' Nee '}",
Bleiswijkstraat,in Rotterdam,60 m,Totaal 1 kamer (1 slaapkamer) ,â‚¬ 1250,p/m | excl. g/w/e,Gemeubileerd,11-08-2021 tot 30-08-2022,4 weken geleden geplaatst,https://kamernet.nl/huren/studio-rotterdam/bleiswijkstraat/studio-1978486,"{'Woonkamer': ' Eigen ', 'Keuken': ' Eigen ', 'Badkamer': ' Eigen ', 'Toilet': ' Eigen ', 'Internet': ' Ja ', 'Energielabel': ' Onbekend ', 'Huisdieren': ' Nee '}",
Arent Krijtsstraat,in Diemen,80 m,Totaal 4 kamers (2 slaapkamers) ,â‚¬ 1275,p/m | excl. g/w/e,Gestoffeerd,01-10-2021 tot 30-09-2023,3 weken geleden geplaatst,https://kamernet.nl/huren/appartement-diemen/arent-krijtsstraat/appartement-1934418,"{'Woonkamer': ' Eigen ', 'Keuken': ' Eigen ', 'Badkamer': ' Eigen ', 'Toilet': ' Eigen ', 'Internet': ' Nee ', 'Energielabel': ' Onbekend ', 'Huisdieren': ' Nee '}",
Marktstraat,in Ede,44 m,Totaal 2 kamers (1 slaapkamer) ,â‚¬ 850,p/m | excl. g/w/e,Kaal,01-11-2021 tot 31-10-2022,3 weken geleden geplaatst,https://kamernet.nl/huren/appartement-ede/marktstraat/appartement-1978612,"{'Woonkamer': ' Eigen ', 'Keuken': ' Eigen ', 'Badkamer': ' Eigen ', 'Toilet': ' Eigen ', 'Internet': ' Nee ', 'Energielabel': ' Onbekend ', 'Huisdieren': ' Nee '}",
Oudwijkerveldstraat,in Utrecht,25 m,Totaal 1 kamer (1 slaapkamer) ,â‚¬ 600,p/m | excl. g/w/e,Kaal,01-10-2021 tot 30-09-2022,3 weken geleden geplaatst,https://kamernet.nl/huren/studio-utrecht/oudwijkerveldstraat/studio-1978543,"{'Woonkamer': ' Eigen ', 'Keuken': ' Eigen ', 'Badkamer': ' Eigen ', 'Toilet': ' Eigen ', 'Internet': ' Ja ', 'Energielabel': ' Onbekend ', 'Huisdieren': ' Nee '}",
Eerste Jacob van Campenstraat,in Amsterdam,120 m,Totale oppervlakte: 120 m 2,â‚¬ 2000,p/m | incl. g/w/e,Kaal,18-08-2021 tot 18-01-2022,3 weken geleden geplaatst,https://kamernet.nl/huren/kamer-amsterdam/eerste-jacob-van-campenstraat/kamer-1978621,"{'Woonkamer': ' Eigen ', 'Keuken': ' Eigen ', 'Badkamer': ' Eigen ', 'Toilet': ' Eigen ', 'Internet': ' Onbekend ', 'Energielabel': ' Onbekend ', 'Huisgenoten': '  Onbekend  ', 'Geslacht': ' Onbekend ', 'Huisdieren': ' In overleg '}",
Willem de Zwijgerstraat,in Utrecht,32 m,Totale oppervlakte: 20 m 2,â‚¬ 625,p/m | incl. g/w/e,Gestoffeerd,01-09-2021,3 weken geleden geplaatst,https://kamernet.nl/huren/kamer-utrecht/willem-de-zwijgerstraat/kamer-1978658,"{'Woonkamer': ' Eigen ', 'Keuken': ' Eigen ', 'Badkamer': ' Gedeeld ', 'Toilet': ' Gedeeld ', 'Internet': ' Ja ', 'Energielabel': ' B ', 'Huisgenoten': '  3 ', 'Geslacht': ' Gemengd ', 'Huisdieren': ' Nee '}",
Vier Heemskinderenstraat,in Den Haag,64 m,Totaal 3 kamers (2 slaapkamers) ,â‚¬ 1295,p/m | excl. g/w/e,Gestoffeerd,01-10-2021,3 weken geleden geplaatst,https://kamernet.nl/huren/appartement-den-haag/vier-heemskinderenstraat/appartement-1978685,"{'Woonkamer': ' Eigen ', 'Keuken': ' Eigen ', 'Badkamer': ' Eigen ', 'Toilet': ' Eigen ', 'Internet': ' Onbekend ', 'Energielabel': ' Onbekend ', 'Huisdieren': ' In overleg '}",
Molukkenstraat,in Groningen,20 m,Totaal 1 kamer (1 slaapkamer) ,â‚¬ 480,p/m | excl. g/w/e,Gestoffeerd,06-08-2021 tot 13-06-2022,3 weken geleden geplaatst,https://kamernet.nl/huren/studio-groningen/molukkenstraat/studio-1978624,"{'Woonkamer': ' Eigen ', 'Keuken': ' Eigen ', 'Badkamer': ' Eigen ', 'Toilet': ' Eigen ', 'Internet': ' Ja ', 'Energielabel': ' D ', 'Huisdieren': ' Nee '}",
Gaesbeekstraat,in Rotterdam,20 m,Totale oppervlakte: 105 m 2,â‚¬ 550,p/m | incl. g/w/e,Gemeubileerd,21-08-2021,3 weken geleden geplaatst,https://kamernet.nl/huren/kamer-rotterdam/gaesbeekstraat/kamer-1978984,"{'Woonkamer': ' Gedeeld ', 'Keuken': ' Gedeeld ', 'Badkamer': ' Gedeeld ', 'Toilet': ' Gedeeld ', 'Internet': ' Ja ', 'Energielabel': ' A ', 'Huisgenoten': '  2 ', 'Geslacht': ' Gemengd ', 'Huisdieren': ' Nee '}",
Willem Molengraaffstraat,in Amsterdam,16 m,,â‚¬ 825,p/m | incl. g/w/e,Gestoffeerd,01-09-2021,3 weken geleden geplaatst,https://kamernet.nl/huren/kamer-amsterdam/willem-molengraaffstraat/kamer-1979016,"{'Woonkamer': ' Onbekend ', 'Keuken': ' Onbekend ', 'Badkamer': ' Onbekend ', 'Toilet': ' Onbekend ', 'Internet': ' Onbekend ', 'Energielabel': ' Onbekend ', 'Huisgenoten': '  Geen ', 'Geslacht': ' Onbekend ', 'Huisdieren': ' Nee '}",
Spoorsingel,in Rotterdam,20 m,,â‚¬ 750,p/m | incl. g/w/e,Gestoffeerd,15-08-2021 tot 31-08-2022,3 weken geleden geplaatst,https://kamernet.nl/huren/kamer-rotterdam/spoorsingel/kamer-1979024,"{'Woonkamer': ' Geen ', 'Keuken': ' Gedeeld ', 'Badkamer': ' Gedeeld ', 'Toilet': ' Gedeeld ', 'Internet': ' Ja ', 'Energielabel': ' Onbekend ', 'Huisgenoten': '  5 ', 'Geslacht': ' Gemengd ', 'Huisdieren': ' Nee '}",
Baenjenstraat,in Sittard,35 m,,â‚¬ 450,p/m | incl. g/w/e,Gemeubileerd,01-11-2021,3 weken geleden geplaatst,https://kamernet.nl/huren/kamer-sittard/baenjenstraat/kamer-1979036,"{'Woonkamer': ' Gedeeld ', 'Keuken': ' Gedeeld ', 'Badkamer': ' Gedeeld ', 'Toilet': ' Gedeeld ', 'Internet': ' Ja ', 'Energielabel': ' Onbekend ', 'Huisgenoten': '  3 ', 'Geslacht': ' Gemengd ', 'Huisdieren': ' Nee '}",
De Vluchtestraat,in Enschede,15 m,,â‚¬ 230,p/m | incl. g/w/e,Gestoffeerd,10-08-2021,3 weken geleden geplaatst,https://kamernet.nl/huren/kamer-enschede/de-vluchtestraat/kamer-1979091,"{'Woonkamer': ' Gedeeld ', 'Keuken': ' Gedeeld ', 'Badkamer': ' Gedeeld ', 'Toilet': ' Gedeeld ', 'Internet': ' Ja ', 'Energielabel': ' Onbekend ', 'Huisgenoten': '  4  ', 'Geslacht': ' Man ', 'Huisdieren': ' Nee '}",
Rustenburgerstraat,in Amsterdam,60 m,,â‚¬ 1800,p/m | incl. g/w/e,Gemeubileerd,07-08-2021,3 weken geleden geplaatst,https://kamernet.nl/huren/studio-amsterdam/rustenburgerstraat/studio-1979060,"{'Woonkamer': ' Eigen ', 'Keuken': ' Eigen ', 'Badkamer': ' Eigen ', 'Toilet': ' Eigen ', 'Internet': ' Ja ', 'Energielabel': ' Onbekend ', 'Huisdieren': ' Nee '}",
Lutmastraat,in Amsterdam,70 m,,â‚¬ 2700,p/m | excl. g/w/e,Gemeubileerd,08-08-2021,3 weken geleden geplaatst,https://kamernet.nl/huren/appartement-amsterdam/lutmastraat/appartement-1979061,"{'Woonkamer': ' Geen ', 'Keuken': ' Gedeeld ', 'Badkamer': ' Gedeeld ', 'Toilet': ' Gedeeld ', 'Internet': ' Ja ', 'Energielabel': ' Onbekend ', 'Huisdieren': ' Nee '}",
Ringbaan-West,in Tilburg,15 m,,â‚¬ 360,p/m | incl. g/w/e,Gestoffeerd,10-08-2021,3 weken geleden geplaatst,https://kamernet.nl/huren/kamer-tilburg/ringbaan-west/kamer-1979109,"{'Woonkamer': ' Gedeeld ', 'Keuken': ' Onbekend ', 'Badkamer': ' Gedeeld ', 'Toilet': ' Gedeeld ', 'Internet': ' Ja ', 'Energielabel': ' F ', 'Huisgenoten': '  4  ', 'Geslacht': ' Gemengd ', 'Huisdieren': ' Nee '}",
Amstelveenseweg,in Amsterdam,90 m,Totaal 4 kamers (2 slaapkamers) ,â‚¬ 2200,p/m | excl. g/w/e,Gemeubileerd,08-08-2021,3 weken geleden geplaatst,https://kamernet.nl/huren/appartement-amsterdam/amstelveenseweg/appartement-1978993,"{'Woonkamer': ' Eigen ', 'Keuken': ' Eigen ', 'Badkamer': ' Eigen ', 'Toilet': ' Eigen ', 'Internet': ' Nee ', 'Energielabel': ' D ', 'Huisdieren': ' Nee '}",
Homberg,in Wijchen,85 m,Totaal 3 kamers,â‚¬ 1000,p/m | excl. g/w/e,Gemeubileerd,09-08-2021,3 weken geleden geplaatst,https://kamernet.nl/huren/appartement-wijchen/homberg/appartement-1979121,"{'Woonkamer': ' Onbekend ', 'Keuken': ' Onbekend ', 'Badkamer': ' Onbekend ', 'Toilet': ' Onbekend ', 'Internet': ' Onbekend ', 'Energielabel': ' Onbekend ', 'Huisdieren': ' In overleg '}",
Adrien Mildersstraat,in Rotterdam,6 m,,â‚¬ 325,p/m | incl. g/w/e,Gemeubileerd,09-08-2021,3 weken geleden geplaatst,https://kamernet.nl/huren/kamer-rotterdam/adrien-mildersstraat/kamer-1979140,"{'Woonkamer': ' Geen ', 'Keuken': ' Gedeeld ', 'Badkamer': ' Gedeeld ', 'Toilet': ' Gedeeld ', 'Internet': ' Ja ', 'Energielabel': ' Onbekend ', 'Huisgenoten': '  Meer dan 8 ', 'Geslacht': ' Gemengd ', 'Huisdieren': ' Nee '}",
Kerkstraat,in Hoogmade,60 m,Totaal 2 kamers (1 slaapkamer) ,â‚¬ 1075,p/m | incl. g/w/e,Gemeubileerd,01-10-2021,3 weken geleden geplaatst,https://kamernet.nl/huren/studio-hoogmade/kerkstraat/studio-1979163,"{'Woonkamer': ' Eigen ', 'Keuken': ' Eigen ', 'Badkamer': ' Eigen ', 'Toilet': ' Eigen ', 'Internet': ' Ja ', 'Energielabel': ' Onbekend ', 'Huisdieren': ' Nee '}",
Prof. Evertslaan,in Delft,13 m,,â‚¬ 310,p/m | incl. g/w/e,Kaal,01-09-2021,3 weken geleden geplaatst,https://kamernet.nl/huren/kamer-delft/prof.-evertslaan/kamer-1979199,"{'Woonkamer': ' Gedeeld ', 'Keuken': ' Gedeeld ', 'Badkamer': ' Gedeeld ', 'Toilet': ' Gedeeld ', 'Internet': ' Nee ', 'Energielabel': ' Onbekend ', 'Huisgenoten': '  Meer dan 8 ', 'Geslacht': ' Gemengd ', 'Huisdieren': ' Nee '}",
Nieuw-Loosdrechtsedijk,in Loosdrecht,50 m,Totaal 2 kamers,â‚¬ 1300,p/m | excl. g/w/e,Gemeubileerd,09-08-2021,3 weken geleden geplaatst,https://kamernet.nl/huren/appartement-loosdrecht/nieuw-loosdrechtsedijk/appartement-1979124,"{'Woonkamer': ' Onbekend ', 'Keuken': ' Onbekend ', 'Badkamer': ' Onbekend ', 'Toilet': ' Onbekend ', 'Internet': ' Onbekend ', 'Energielabel': ' Onbekend ', 'Huisdieren': ' In overleg '}",
Augustinushof,in Hilversum,135 m,Totaal 5 kamers,â‚¬ 1850,p/m | excl. g/w/e,Gestoffeerd,09-08-2021,3 weken geleden geplaatst,https://kamernet.nl/huren/appartement-hilversum/augustinushof/appartement-1979129,"{'Woonkamer': ' Onbekend ', 'Keuken': ' Onbekend ', 'Badkamer': ' Onbekend ', 'Toilet': ' Onbekend ', 'Internet': ' Onbekend ', 'Energielabel': ' Onbekend ', 'Huisdieren': ' In overleg '}",
Boterweg,in Vreeland,250 m,Totaal 6 kamers,â‚¬ 5000,p/m | excl. g/w/e,Gemeubileerd,09-08-2021,3 weken geleden geplaatst,https://kamernet.nl/huren/appartement-vreeland/boterweg/appartement-1979130,"{'Woonkamer': ' Onbekend ', 'Keuken': ' Onbekend ', 'Badkamer': ' Onbekend ', 'Toilet': ' Onbekend ', 'Internet': ' Onbekend ', 'Energielabel': ' Onbekend ', 'Huisdieren': ' In overleg '}",
Spoorlaan,in Vinkeveen,55 m,Totaal 3 kamers,â‚¬ 1800,p/m | excl. g/w/e,Gemeubileerd,09-08-2021,3 weken geleden geplaatst,https://kamernet.nl/huren/appartement-vinkeveen/spoorlaan/appartement-1979132,"{'Woonkamer': ' Onbekend ', 'Keuken': ' Onbekend ', 'Badkamer': ' Onbekend ', 'Toilet': ' Onbekend ', 'Internet': ' Onbekend ', 'Energielabel': ' Onbekend ', 'Huisdieren': ' In overleg '}",
Looplantsoen,in Utrecht,12 m,,â‚¬ 535,p/m | incl. g/w/e,Kaal,01-09-2021,3 weken geleden geplaatst,https://kamernet.nl/huren/kamer-utrecht/looplantsoen/kamer-1978698,"{'Woonkamer': ' Gedeeld ', 'Keuken': ' Gedeeld ', 'Badkamer': ' Gedeeld ', 'Toilet': ' Gedeeld ', 'Internet': ' Ja ', 'Energielabel': ' Onbekend ', 'Huisgenoten': '  2 ', 'Geslacht': ' Vrouw ', 'Huisdieren': ' Ja '}",
Overschiestraat,in Amsterdam,77 m,Totaal 3 kamers (2 slaapkamers) ,â‚¬ 1610,p/m | excl. g/w/e,Gestoffeerd,07-08-2021,3 weken geleden geplaatst,https://kamernet.nl/huren/appartement-amsterdam/overschiestraat/appartement-1978689,"{'Woonkamer': ' Eigen ', 'Keuken': ' Eigen ', 'Badkamer': ' Eigen ', 'Toilet': ' Eigen ', 'Internet': ' Onbekend ', 'Energielabel': ' A ', 'Huisdieren': ' Ja '}",
Jacoba van Beierenlaan,in Delft,6 m,Totale oppervlakte: 40 m 2,â‚¬ 287,p/m | incl. g/w/e,Gestoffeerd,01-09-2021,3 weken geleden geplaatst,https://kamernet.nl/huren/kamer-delft/jacoba-van-beierenlaan/kamer-1978793,"{'Woonkamer': ' Gedeeld ', 'Keuken': ' Gedeeld ', 'Badkamer': ' Gedeeld ', 'Toilet': ' Gedeeld ', 'Internet': ' Ja ', 'Energielabel': ' Onbekend ', 'Huisgenoten': '  5 ', 'Geslacht': ' Gemengd ', 'Huisdieren': ' Nee '}",
Bilderdijkstraat,in Amsterdam,40 m,Totaal 2 kamers (1 slaapkamer) ,â‚¬ 1300,p/m | excl. g/w/e,Gemeubileerd,07-08-2021,3 weken geleden geplaatst,https://kamernet.nl/huren/studio-amsterdam/bilderdijkstraat/studio-1978799,"{'Woonkamer': ' Eigen ', 'Keuken': ' Eigen ', 'Badkamer': ' Eigen ', 'Toilet': ' Eigen ', 'Internet': ' Ja ', 'Energielabel': ' Onbekend ', 'Huisdieren': ' Nee '}",
Korte Hengelosestraat,in Enschede,18 m,,â‚¬ 290,p/m | incl. g/w/e,Gestoffeerd,07-08-2021,3 weken geleden geplaatst,https://kamernet.nl/huren/kamer-enschede/korte-hengelosestraat/kamer-1978814,"{'Woonkamer': ' Gedeeld ', 'Keuken': ' Gedeeld ', 'Badkamer': ' Gedeeld ', 'Toilet': ' Gedeeld ', 'Internet': ' Ja ', 'Energielabel': ' Onbekend ', 'Huisgenoten': '  4  ', 'Geslacht': ' Man ', 'Huisdieren': ' Nee '}",
Korreweg,in Groningen,11 m,,â‚¬ 345,p/m | incl. g/w/e,Gestoffeerd,01-09-2021,3 weken geleden geplaatst,https://kamernet.nl/huren/kamer-groningen/korreweg/kamer-1978772,"{'Woonkamer': ' Geen ', 'Keuken': ' Gedeeld ', 'Badkamer': ' Gedeeld ', 'Toilet': ' Gedeeld ', 'Internet': ' Ja ', 'Energielabel': ' Onbekend ', 'Huisgenoten': '  3 ', 'Geslacht': ' Gemengd ', 'Huisdieren': ' Nee '}",
Jacoba van Beierenlaan,in Delft,9 m,Totale oppervlakte: 40 m 2,â‚¬ 378,p/m | incl. g/w/e,Gestoffeerd,01-09-2021,3 weken geleden geplaatst,https://kamernet.nl/huren/kamer-delft/jacoba-van-beierenlaan/kamer-1978790,"{'Woonkamer': ' Gedeeld ', 'Keuken': ' Gedeeld ', 'Badkamer': ' Gedeeld ', 'Toilet': ' Gedeeld ', 'Internet': ' Ja ', 'Energielabel': ' Onbekend ', 'Huisgenoten': '  5 ', 'Geslacht': ' Gemengd ', 'Huisdieren': ' Nee '}",
Palestinastraat,in Rotterdam,999 m,,â‚¬ 500,p/m | incl. g/w/e,Kaal,01-09-2021,3 weken geleden geplaatst,https://kamernet.nl/huren/kamer-rotterdam/palestinastraat/kamer-1978853,"{'Woonkamer': ' Gedeeld ', 'Keuken': ' Gedeeld ', 'Badkamer': ' Gedeeld ', 'Toilet': ' Gedeeld ', 'Internet': ' Ja ', 'Energielabel': ' Onbekend ', 'Huisgenoten': '  8  ', 'Geslacht': ' Gemengd ', 'Huisdieren': ' Nee '}",
Loeff Berchmakerstraat,in Utrecht,100 m,Totaal 2 kamers (1 slaapkamer) ,â‚¬ 1850,p/m | incl. g/w/e,Gemeubileerd,07-08-2021,3 weken geleden geplaatst,https://kamernet.nl/huren/appartement-utrecht/loeff-berchmakerstraat/appartement-1978856,"{'Woonkamer': ' Eigen ', 'Keuken': ' Eigen ', 'Badkamer': ' Eigen ', 'Toilet': ' Eigen ', 'Internet': ' Ja ', 'Energielabel': ' A ', 'Huisdieren': ' Nee '}",
Hoofdweg,in Amsterdam,18 m,Totale oppervlakte: 58 m 2,â‚¬ 1100,p/m | incl. g/w/e,Gemeubileerd,07-08-2021,3 weken geleden geplaatst,https://kamernet.nl/huren/kamer-amsterdam/hoofdweg/kamer-1978839,"{'Woonkamer': ' Gedeeld ', 'Keuken': ' Gedeeld ', 'Badkamer': ' Gedeeld ', 'Toilet': ' Gedeeld ', 'Internet': ' Ja ', 'Energielabel': ' Onbekend ', 'Huisgenoten': '  1 ', 'Geslacht': ' Vrouw ', 'Huisdieren': ' Nee '}",
Cornelis van Vollenhovenstraat,in Amsterdam,10 m,,â‚¬ 650,p/m | incl. g/w/e,Gestoffeerd,01-08-2020,3 weken geleden geplaatst,https://kamernet.nl/huren/kamer-amsterdam/cornelis-van-vollenhovenstraat/kamer-1978864,"{'Woonkamer': ' Geen ', 'Keuken': ' Gedeeld ', 'Badkamer': ' Gedeeld ', 'Toilet': ' Gedeeld ', 'Internet': ' Ja ', 'Energielabel': ' Onbekend ', 'Huisgenoten': '  3 ', 'Geslacht': ' Gemengd ', 'Huisdieren': ' Nee '}",
Antony Moddermanstraat,in Amsterdam,12 m,,â‚¬ 725,p/m | incl. g/w/e,Gemeubileerd,05-08-2020,3 weken geleden geplaatst,https://kamernet.nl/huren/kamer-amsterdam/antony-moddermanstraat/kamer-1978863,"{'Woonkamer': ' Onbekend ', 'Keuken': ' Onbekend ', 'Badkamer': ' Onbekend ', 'Toilet': ' Onbekend ', 'Internet': ' Onbekend ', 'Energielabel': ' Onbekend ', 'Huisgenoten': '  Geen ', 'Geslacht': ' Onbekend ', 'Huisdieren': ' Nee '}",
Antony Moddermanstraat,in Amsterdam,13 m,,â‚¬ 700,p/m | excl. g/w/e,Gemeubileerd,25-09-2020,3 weken geleden geplaatst,https://kamernet.nl/huren/kamer-amsterdam/antony-moddermanstraat/kamer-1978862,"{'Woonkamer': ' Geen ', 'Keuken': ' Gedeeld ', 'Badkamer': ' Gedeeld ', 'Toilet': ' Gedeeld ', 'Internet': ' Ja ', 'Energielabel': ' Onbekend ', 'Huisgenoten': '  3 ', 'Geslacht': ' Gemengd ', 'Huisdieren': ' Nee '}",
Molslaan,in Delft,10 m,,â‚¬ 265,p/m | incl. g/w/e,Gemeubileerd,16-08-2021 tot 13-09-2021,3 weken geleden geplaatst,https://kamernet.nl/huren/kamer-delft/molslaan/kamer-1978861,"{'Woonkamer': ' Gedeeld ', 'Keuken': ' Gedeeld ', 'Badkamer': ' Gedeeld ', 'Toilet': ' Gedeeld ', 'Internet': ' Ja ', 'Energielabel': ' Onbekend ', 'Huisgenoten': '  5 ', 'Geslacht': ' Man ', 'Huisdieren': ' Nee '}",
Rietdekkerweg,in Rotterdam,16 m,,â‚¬ 550,p/m | incl. g/w/e,Gemeubileerd,01-04-2022,3 weken geleden geplaatst,https://kamernet.nl/huren/kamer-rotterdam/rietdekkerweg/kamer-1978904,"{'Woonkamer': ' Gedeeld ', 'Keuken': ' Gedeeld ', 'Badkamer': ' Gedeeld ', 'Toilet': ' Gedeeld ', 'Internet': ' Ja ', 'Energielabel': ' Onbekend ', 'Huisgenoten': '  Onbekend  ', 'Geslacht': ' Gemengd ', 'Huisdieren': ' Nee '}",
Adriaen van Ostadelaan,in Utrecht,21 m,Totaal 3 kamers,â‚¬ 1990,p/m | incl. g/w/e,Gemeubileerd,02-09-2021,3 weken geleden geplaatst,https://kamernet.nl/huren/studio-utrecht/adriaen-van-ostadelaan/studio-1978907,"{'Woonkamer': ' Eigen ', 'Keuken': ' Eigen ', 'Badkamer': ' Eigen ', 'Toilet': ' Eigen ', 'Internet': ' Ja ', 'Energielabel': ' Onbekend ', 'Huisdieren': ' Nee '}",
Adriaen van Ostadelaan,in Utrecht,23 m,Totaal 3 kamers,â‚¬ 1990,p/m | incl. g/w/e,Gemeubileerd,02-09-2021,3 weken geleden geplaatst,https://kamernet.nl/huren/studio-utrecht/adriaen-van-ostadelaan/studio-1978909,"{'Woonkamer': ' Eigen ', 'Keuken': ' Eigen ', 'Badkamer': ' Eigen ', 'Toilet': ' Eigen ', 'Internet': ' Ja ', 'Energielabel': ' Onbekend ', 'Huisdieren': ' Nee '}",
Weverstraat,in Arnhem,90 m,Totaal 2 kamers,â‚¬ 1375,p/m | excl. g/w/e,Gestoffeerd,08-08-2021,3 weken geleden geplaatst,https://kamernet.nl/huren/appartement-arnhem/weverstraat/appartement-1978930,"{'Woonkamer': ' Onbekend ', 'Keuken': ' Onbekend ', 'Badkamer': ' Onbekend ', 'Toilet': ' Onbekend ', 'Internet': ' Onbekend ', 'Energielabel': ' Onbekend ', 'Huisdieren': ' In overleg '}",
Ruysdaellaan,in Loosdrecht,100 m,Totaal 4 kamers,â‚¬ 1750,p/m | excl. g/w/e,Gemeubileerd,08-08-2021,3 weken geleden geplaatst,https://kamernet.nl/huren/appartement-loosdrecht/ruysdaellaan/appartement-1978929,"{'Woonkamer': ' Onbekend ', 'Keuken': ' Onbekend ', 'Badkamer': ' Onbekend ', 'Toilet': ' Onbekend ', 'Internet': ' Onbekend ', 'Energielabel': ' Onbekend ', 'Huisdieren': ' In overleg '}",
Meander,in Amstelveen,58 m,,â‚¬ 1650,p/m | excl. g/w/e,Gestoffeerd,01-09-2021,3 weken geleden geplaatst,https://kamernet.nl/huren/kamer-amstelveen/meander/kamer-1978924,"{'Woonkamer': ' Eigen ', 'Keuken': ' Eigen ', 'Badkamer': ' Eigen ', 'Toilet': ' Eigen ', 'Internet': ' Onbekend ', 'Energielabel': ' Onbekend ', 'Huisgenoten': '  Onbekend  ', 'Geslacht': ' Onbekend ', 'Huisdieren': ' Nee '}",
Heemstedestraat,in Amsterdam,20 m,Totale oppervlakte: 75 m 2,â‚¬ 845,p/m | incl. g/w/e,Kaal,01-11-2021,3 weken geleden geplaatst,https://kamernet.nl/huren/kamer-amsterdam/heemstedestraat/kamer-1978936,"{'Woonkamer': ' Eigen ', 'Keuken': ' Gedeeld ', 'Badkamer': ' Gedeeld ', 'Toilet': ' Gedeeld ', 'Internet': ' Ja ', 'Energielabel': ' Onbekend ', 'Huisgenoten': '  2 ', 'Geslacht': ' Vrouw ', 'Huisdieren': ' Nee '}",
Burghardt van den Berghstraat,in Nijmegen,180 m,Totaal 1 kamer (3 slaapkamers) ,â‚¬ 1300,p/m | incl. g/w/e,Gemeubileerd,08-08-2021 tot 19-11-2021,3 weken geleden geplaatst,https://kamernet.nl/huren/appartement-nijmegen/burghardt-van-den-berghstraat/appartement-1978937,"{'Woonkamer': ' Eigen ', 'Keuken': ' Eigen ', 'Badkamer': ' Eigen ', 'Toilet': ' Eigen ', 'Internet': ' Ja ', 'Energielabel': ' Onbekend ', 'Huisdieren': ' In overleg '}",
Agricolastraat,in Groningen,14 m,,â‚¬ 645,p/m | incl. g/w/e,Gemeubileerd,20-08-2021,3 weken geleden geplaatst,https://kamernet.nl/huren/studio-groningen/agricolastraat/studio-1978949,"{'Woonkamer': ' Gedeeld ', 'Keuken': ' Gedeeld ', 'Badkamer': ' Gedeeld ', 'Toilet': ' Gedeeld ', 'Internet': ' Ja ', 'Energielabel': ' Onbekend ', 'Huisdieren': ' Nee '}",
Javastraat,in Enschede,18 m,,â‚¬ 286,p/m | incl. g/w/e,Gemeubileerd,01-09-2021 tot 31-01-2022,3 weken geleden geplaatst,https://kamernet.nl/huren/kamer-enschede/javastraat/kamer-1978990,"{'Woonkamer': ' Gedeeld ', 'Keuken': ' Onbekend ', 'Badkamer': ' Onbekend ', 'Toilet': ' Gedeeld ', 'Internet': ' Ja ', 'Energielabel': ' Onbekend ', 'Huisgenoten': '  Onbekend  ', 'Geslacht': ' Onbekend ', 'Huisdieren': ' Nee '}",
Klikspaanweg,in Leiden,12 m,,â‚¬ 270,p/m | incl. g/w/e,Kaal,20-08-2021,3 weken geleden geplaatst,https://kamernet.nl/huren/kamer-leiden/klikspaanweg/kamer-1978995,"{'Woonkamer': ' Onbekend ', 'Keuken': ' Onbekend ', 'Badkamer': ' Onbekend ', 'Toilet': ' Onbekend ', 'Internet': ' Onbekend ', 'Energielabel': ' Onbekend ', 'Huisgenoten': '  Onbekend  ', 'Geslacht': ' Onbekend ', 'Huisdieren': ' Nee '}",
Zocalo,in Assendelft,17 m,,â‚¬ 435,p/m | incl. g/w/e,Gemeubileerd,01-10-2021,3 weken geleden geplaatst,https://kamernet.nl/huren/kamer-assendelft/zocalo/kamer-1978769,"{'Woonkamer': ' Eigen ', 'Keuken': ' Gedeeld ', 'Badkamer': ' Gedeeld ', 'Toilet': ' Gedeeld ', 'Internet': ' Ja ', 'Energielabel': ' B ', 'Huisgenoten': '  Onbekend  ', 'Geslacht': ' Onbekend ', 'Huisdieren': ' Ja '}",
Steijnstraat,in Arnhem,9 m,,â‚¬ 230,p/m | incl. g/w/e,Gestoffeerd,01-09-2021,3 weken geleden geplaatst,https://kamernet.nl/huren/kamer-arnhem/steijnstraat/kamer-1979033,"{'Woonkamer': ' Geen ', 'Keuken': ' Gedeeld ', 'Badkamer': ' Gedeeld ', 'Toilet': ' Gedeeld ', 'Internet': ' Ja ', 'Energielabel': ' Onbekend ', 'Huisgenoten': '  8  ', 'Geslacht': ' Vrouw ', 'Huisdieren': ' Nee '}",
Martin Luther Kinglaan,in Diemen,15 m,,â‚¬ 550,p/m | incl. g/w/e,Gemeubileerd,08-08-2021,3 weken geleden geplaatst,https://kamernet.nl/huren/kamer-diemen/martin-luther-kinglaan/kamer-1979044,"{'Woonkamer': ' Gedeeld ', 'Keuken': ' Gedeeld ', 'Badkamer': ' Gedeeld ', 'Toilet': ' Gedeeld ', 'Internet': ' Ja ', 'Energielabel': ' Onbekend ', 'Huisgenoten': '  3 ', 'Geslacht': ' Gemengd ', 'Huisdieren': ' Nee '}",
Rijksweg Zuid,in Sittard,23 m,,â‚¬ 795,p/m | incl. g/w/e,Gemeubileerd,01-09-2021,3 weken geleden geplaatst,https://kamernet.nl/huren/kamer-sittard/rijksweg-zuid/kamer-1978964,"{'Woonkamer': ' Eigen ', 'Keuken': ' Gedeeld ', 'Badkamer': ' Eigen ', 'Toilet': ' Eigen ', 'Internet': ' Ja ', 'Energielabel': ' Onbekend ', 'Huisgenoten': '  Meer dan 8 ', 'Geslacht': ' Gemengd ', 'Huisdieren': ' In overleg '}",
Dikninge,in Amsterdam,40 m,Totaal 2 kamers (1 slaapkamer) ,â‚¬ 1215,p/m | incl. g/w/e,Gemeubileerd,01-10-2021 tot 30-09-2022,3 weken geleden geplaatst,https://kamernet.nl/huren/appartement-amsterdam/dikninge/appartement-1978989,"{'Woonkamer': ' Eigen ', 'Keuken': ' Eigen ', 'Badkamer': ' Eigen ', 'Toilet': ' Eigen ', 'Internet': ' Ja ', 'Energielabel': ' Onbekend ', 'Huisdieren': ' Nee '}",
Toutenburgstraat,in Amsterdam,9 m,Totale oppervlakte: 70 m 2,â‚¬ 550,p/m | incl. g/w/e,Gemeubileerd,01-09-2021,3 weken geleden geplaatst,https://kamernet.nl/huren/kamer-amsterdam/toutenburgstraat/kamer-1979619,"{'Woonkamer': ' Gedeeld ', 'Keuken': ' Gedeeld ', 'Badkamer': ' Gedeeld ', 'Toilet': ' Gedeeld ', 'Internet': ' Ja ', 'Energielabel': ' Onbekend ', 'Huisgenoten': '  1 ', 'Geslacht': ' Vrouw ', 'Huisdieren': ' Nee '}",
Beemster,in Lelystad,10 m,,â‚¬ 370,p/m | incl. g/w/e,Gemeubileerd,11-08-2021,3 weken geleden geplaatst,https://kamernet.nl/huren/kamer-lelystad/beemster/kamer-1979603,"{'Woonkamer': ' Gedeeld ', 'Keuken': ' Gedeeld ', 'Badkamer': ' Gedeeld ', 'Toilet': ' Gedeeld ', 'Internet': ' Ja ', 'Energielabel': ' Onbekend ', 'Huisgenoten': '  1 ', 'Geslacht': ' Man ', 'Huisdieren': ' Nee '}",
Mauritslaan,in Geleen,45 m,Totaal 2 kamers (1 slaapkamer) ,â‚¬ 470,p/m | excl. g/w/e,Gestoffeerd,01-09-2021,3 weken geleden geplaatst,https://kamernet.nl/huren/studio-geleen/mauritslaan/studio-1979605,"{'Woonkamer': ' Eigen ', 'Keuken': ' Eigen ', 'Badkamer': ' Eigen ', 'Toilet': ' Eigen ', 'Internet': ' Nee ', 'Energielabel': ' Onbekend ', 'Huisdieren': ' Nee '}",
Nicolaistraat,in Den Haag,16 m,,â‚¬ 575,p/m | incl. g/w/e,Gestoffeerd,01-09-2021,3 weken geleden geplaatst,https://kamernet.nl/huren/kamer-den-haag/nicolaistraat/kamer-1979615,"{'Woonkamer': ' Onbekend ', 'Keuken': ' Onbekend ', 'Badkamer': ' Onbekend ', 'Toilet': ' Onbekend ', 'Internet': ' Onbekend ', 'Energielabel': ' Onbekend ', 'Huisgenoten': '  Onbekend  ', 'Geslacht': ' Onbekend ', 'Huisdieren': ' Nee '}",
E. du Perronlaan,in Delft,21 m,,â‚¬ 340,p/m | incl. g/w/e,Gemeubileerd,27-08-2021 tot 27-10-2021,3 weken geleden geplaatst,https://kamernet.nl/huren/kamer-delft/e.-du-perronlaan/kamer-1979645,"{'Woonkamer': ' Gedeeld ', 'Keuken': ' Gedeeld ', 'Badkamer': ' Gedeeld ', 'Toilet': ' Gedeeld ', 'Internet': ' Ja ', 'Energielabel': ' Onbekend ', 'Huisgenoten': '  5 ', 'Geslacht': ' Gemengd ', 'Huisdieren': ' Ja '}",
Kievitweg,in Zaandam,20 m,,â‚¬ 525,p/m | incl. g/w/e,Gemeubileerd,12-08-2021,3 weken geleden geplaatst,https://kamernet.nl/huren/kamer-zaandam/kievitweg/kamer-1979656,"{'Woonkamer': ' Gedeeld ', 'Keuken': ' Gedeeld ', 'Badkamer': ' Gedeeld ', 'Toilet': ' Gedeeld ', 'Internet': ' Ja ', 'Energielabel': ' Onbekend ', 'Huisgenoten': '  1 ', 'Geslacht': ' Man ', 'Huisdieren': ' Nee '}",
Bostuin,in Almere,9 m,,â‚¬ 398,p/m | incl. g/w/e,Gestoffeerd,11-08-2021,3 weken geleden geplaatst,https://kamernet.nl/huren/kamer-almere/bostuin/kamer-1979653,"{'Woonkamer': ' Gedeeld ', 'Keuken': ' Gedeeld ', 'Badkamer': ' Gedeeld ', 'Toilet': ' Gedeeld ', 'Internet': ' Ja ', 'Energielabel': ' Onbekend ', 'Huisgenoten': '  4  ', 'Geslacht': ' Gemengd ', 'Huisdieren': ' Nee '}",
Kreekrugpad,in Delft,22 m,,â‚¬ 403,p/m | incl. g/w/e,Gemeubileerd,18-08-2021 tot 31-01-2022,3 weken geleden geplaatst,https://kamernet.nl/huren/kamer-delft/kreekrugpad/kamer-1979001,"{'Woonkamer': ' Gedeeld ', 'Keuken': ' Gedeeld ', 'Badkamer': ' Eigen ', 'Toilet': ' Gedeeld ', 'Internet': ' Ja ', 'Energielabel': ' Onbekend ', 'Huisgenoten': '  7 ', 'Geslacht': ' Gemengd ', 'Huisdieren': ' Nee '}",
Guido Gezellestraat,in Eindhoven,16 m,,â‚¬ 265,p/m | incl. g/w/e,Gestoffeerd,26-04-2021,3 weken geleden geplaatst,https://kamernet.nl/huren/kamer-eindhoven/guido-gezellestraat/kamer-1937227,"{'Woonkamer': ' Gedeeld ', 'Keuken': ' Gedeeld ', 'Badkamer': ' Gedeeld ', 'Toilet': ' Gedeeld ', 'Internet': ' Ja ', 'Energielabel': ' Onbekend ', 'Huisgenoten': '  Meer dan 8 ', 'Geslacht': ' Man ', 'Huisdieren': ' Ja '}",
Maassluisstraat,in Amsterdam,12 m,Totale oppervlakte: 70 m 2,â‚¬ 500,p/m | incl. g/w/e,Gemeubileerd,11-08-2021,3 weken geleden geplaatst,https://kamernet.nl/huren/kamer-amsterdam/maassluisstraat/kamer-1979625,"{'Woonkamer': ' Gedeeld ', 'Keuken': ' Gedeeld ', 'Badkamer': ' Gedeeld ', 'Toilet': ' Gedeeld ', 'Internet': ' Ja ', 'Energielabel': ' Onbekend ', 'Huisgenoten': '  1 ', 'Geslacht': ' Vrouw ', 'Huisdieren': ' Nee '}",
Klokkenplas,in Enschede,10 m,,â‚¬ 330,p/m | incl. g/w/e,Gestoffeerd,01-09-2021,3 weken geleden geplaatst,https://kamernet.nl/huren/kamer-enschede/klokkenplas/kamer-1979688,"{'Woonkamer': ' Gedeeld ', 'Keuken': ' Gedeeld ', 'Badkamer': ' Gedeeld ', 'Toilet': ' Gedeeld ', 'Internet': ' Ja ', 'Energielabel': ' Onbekend ', 'Huisgenoten': '  4  ', 'Geslacht': ' Gemengd ', 'Huisdieren': ' Nee '}",
Nieuwe Rijn,in Leiden,13 m,,â‚¬ 430,p/m | incl. g/w/e,Gestoffeerd,01-10-2021,3 weken geleden geplaatst,https://kamernet.nl/huren/kamer-leiden/nieuwe-rijn/kamer-1979694,"{'Woonkamer': ' Geen ', 'Keuken': ' Gedeeld ', 'Badkamer': ' Gedeeld ', 'Toilet': ' Gedeeld ', 'Internet': ' Ja ', 'Energielabel': ' Onbekend ', 'Huisgenoten': '  4  ', 'Geslacht': ' Gemengd ', 'Huisdieren': ' Nee '}",
Pelikaanstraat,in Hilversum,43 m,Totaal 1 kamer (1 slaapkamer) ,â‚¬ 895,p/m | incl. g/w/e,Gemeubileerd,01-09-2021,3 weken geleden geplaatst,https://kamernet.nl/huren/appartement-hilversum/pelikaanstraat/appartement-1979697,"{'Woonkamer': ' Eigen ', 'Keuken': ' Eigen ', 'Badkamer': ' Eigen ', 'Toilet': ' Eigen ', 'Internet': ' Ja ', 'Energielabel': ' B ', 'Huisdieren': ' In overleg '}",
Krampvenseweg,in Diessen,50 m,Totaal 3 kamers (2 slaapkamers) ,â‚¬ 675,p/m | excl. g/w/e,Gemeubileerd,01-09-2021,3 weken geleden geplaatst,https://kamernet.nl/huren/appartement-diessen/krampvenseweg/appartement-1979742,"{'Woonkamer': ' Eigen ', 'Keuken': ' Eigen ', 'Badkamer': ' Eigen ', 'Toilet': ' Eigen ', 'Internet': ' Onbekend ', 'Energielabel': ' Onbekend ', 'Huisdieren': ' In overleg '}",
Amsterdamsestraatweg,in Utrecht,25 m,,â‚¬ 875,p/m | incl. g/w/e,Gestoffeerd,11-08-2021,3 weken geleden geplaatst,https://kamernet.nl/huren/studio-utrecht/amsterdamsestraatweg/studio-1979731,"{'Woonkamer': ' Geen ', 'Keuken': ' Eigen ', 'Badkamer': ' Eigen ', 'Toilet': ' Eigen ', 'Internet': ' Nee ', 'Energielabel': ' Onbekend ', 'Huisdieren': ' Nee '}",
Aristotelesstraat,in Rotterdam,69 m,Totaal 4 kamers (3 slaapkamers) ,â‚¬ 1300,p/m | excl. g/w/e,Gestoffeerd,11-08-2021,3 weken geleden geplaatst,https://kamernet.nl/huren/appartement-rotterdam/aristotelesstraat/appartement-1979660,"{'Woonkamer': ' Eigen ', 'Keuken': ' Eigen ', 'Badkamer': ' Eigen ', 'Toilet': ' Eigen ', 'Internet': ' Onbekend ', 'Energielabel': ' Onbekend ', 'Huisdieren': ' In overleg '}",
Graan voor Visch,in Hoofddorp,20 m,,â‚¬ 415,p/m | excl. g/w/e,Gestoffeerd,11-08-2021 tot 31-08-2022,3 weken geleden geplaatst,https://kamernet.nl/huren/kamer-hoofddorp/graan-voor-visch/kamer-1979715,"{'Woonkamer': ' Gedeeld ', 'Keuken': ' Gedeeld ', 'Badkamer': ' Gedeeld ', 'Toilet': ' Gedeeld ', 'Internet': ' Ja ', 'Energielabel': ' C ', 'Huisgenoten': '  3 ', 'Geslacht': ' Vrouw ', 'Huisdieren': ' Nee '}",
Groest,in Hilversum,55 m,Totaal 2 kamers,â‚¬ 1500,p/m | excl. g/w/e,Gemeubileerd,09-08-2021,3 weken geleden geplaatst,https://kamernet.nl/huren/appartement-hilversum/groest/appartement-1979134,"{'Woonkamer': ' Onbekend ', 'Keuken': ' Onbekend ', 'Badkamer': ' Onbekend ', 'Toilet': ' Onbekend ', 'Internet': ' Onbekend ', 'Energielabel': ' Onbekend ', 'Huisdieren': ' In overleg '}",
Neuweg,in Hilversum,60 m,Totaal 2 kamers,â‚¬ 1500,p/m | excl. g/w/e,Gemeubileerd,09-08-2021,3 weken geleden geplaatst,https://kamernet.nl/huren/appartement-hilversum/neuweg/appartement-1979135,"{'Woonkamer': ' Onbekend ', 'Keuken': ' Onbekend ', 'Badkamer': ' Onbekend ', 'Toilet': ' Onbekend ', 'Internet': ' Onbekend ', 'Energielabel': ' Onbekend ', 'Huisdieren': ' In overleg '}",
Oude Engelenseweg,in Den Bosch,14 m,,â‚¬ 485,p/m | excl. g/w/e,Gestoffeerd,01-09-2021,3 weken geleden geplaatst,https://kamernet.nl/huren/kamer-den-bosch/oude-engelenseweg/kamer-1979107,"{'Woonkamer': ' Geen ', 'Keuken': ' Eigen ', 'Badkamer': ' Gedeeld ', 'Toilet': ' Eigen ', 'Internet': ' Ja ', 'Energielabel': ' A ', 'Huisgenoten': '  Onbekend  ', 'Geslacht': ' Onbekend ', 'Huisdieren': ' In overleg '}",
Achtersteven,in Amsterdam,60 m,Totaal 2 kamers (1 slaapkamer) ,â‚¬ 1850,p/m | excl. g/w/e,Gemeubileerd,09-08-2021 tot 09-08-2022,3 weken geleden geplaatst,https://kamernet.nl/huren/appartement-amsterdam/achtersteven/appartement-1979168,"{'Woonkamer': ' Eigen ', 'Keuken': ' Eigen ', 'Badkamer': ' Eigen ', 'Toilet': ' Eigen ', 'Internet': ' Nee ', 'Energielabel': ' C ', 'Huisdieren': ' Nee '}",
De la Reijstraat,in Arnhem,30 m,Totale oppervlakte: 75 m 2,â‚¬ 700,p/m | excl. g/w/e,Gemeubileerd,01-09-2021 tot 01-09-2022,3 weken geleden geplaatst,https://kamernet.nl/huren/kamer-arnhem/de-la-reijstraat/kamer-1979162,"{'Woonkamer': ' Eigen ', 'Keuken': ' Eigen ', 'Badkamer': ' Eigen ', 'Toilet': ' Eigen ', 'Internet': ' Ja ', 'Energielabel': ' D ', 'Huisgenoten': '  1 ', 'Geslacht': ' Vrouw ', 'Huisdieren': ' Nee '}",
Zwarteweg,in Aerdenhout,35 m,Totale oppervlakte: 7 m 2,â‚¬ 640,p/m | incl. g/w/e,Gestoffeerd,01-10-2021,3 weken geleden geplaatst,https://kamernet.nl/huren/kamer-aerdenhout/zwarteweg/kamer-1979167,"{'Woonkamer': ' Eigen ', 'Keuken': ' Eigen ', 'Badkamer': ' Eigen ', 'Toilet': ' Eigen ', 'Internet': ' Ja ', 'Energielabel': ' Onbekend ', 'Huisgenoten': '  Onbekend  ', 'Geslacht': ' Onbekend ', 'Huisdieren': ' In overleg '}",
Burgemeester Cramergracht,in Amsterdam,13 m,Totale oppervlakte: 86 m 2,â‚¬ 720,p/m | excl. g/w/e,Gestoffeerd,15-08-2021 tot 14-08-2022,3 weken geleden geplaatst,https://kamernet.nl/huren/kamer-amsterdam/burgemeester-cramergracht/kamer-1979184,"{'Woonkamer': ' Gedeeld ', 'Keuken': ' Gedeeld ', 'Badkamer': ' Gedeeld ', 'Toilet': ' Gedeeld ', 'Internet': ' Ja ', 'Energielabel': ' Onbekend ', 'Huisgenoten': '  2 ', 'Geslacht': ' Onbekend ', 'Huisdieren': ' Nee '}",
Speenkruid,in Beilen,9 m,Totale oppervlakte: 40 m 2,â‚¬ 500,p/m | incl. g/w/e,Gemeubileerd,19-03-2022 tot 08-07-2022,3 weken geleden geplaatst,https://kamernet.nl/huren/kamer-beilen/speenkruid/kamer-1979064,"{'Woonkamer': ' Eigen ', 'Keuken': ' Gedeeld ', 'Badkamer': ' Gedeeld ', 'Toilet': ' Gedeeld ', 'Internet': ' Ja ', 'Energielabel': ' C ', 'Huisgenoten': '  3 ', 'Geslacht': ' Gemengd ', 'Huisdieren': ' Nee '}",
Utrechtseweg,in Amersfoort,20 m,,â‚¬ 167,p/m | incl. g/w/e,Gestoffeerd,01-09-2021 tot 01-09-2022,3 weken geleden geplaatst,https://kamernet.nl/huren/kamer-amersfoort/utrechtseweg/kamer-1979664,"{'Woonkamer': ' Gedeeld ', 'Keuken': ' Gedeeld ', 'Badkamer': ' Gedeeld ', 'Toilet': ' Gedeeld ', 'Internet': ' Ja ', 'Energielabel': ' Onbekend ', 'Huisgenoten': '  Onbekend  ', 'Geslacht': ' Onbekend ', 'Huisdieren': ' Nee '}",
Nieuwendammerdijk,in Amsterdam,130 m,Totaal 4 kamers (3 slaapkamers) ,â‚¬ 1500,p/m | incl. g/w/e,Gemeubileerd,07-11-2021 tot 29-01-2022,3 weken geleden geplaatst,https://kamernet.nl/huren/appartement-amsterdam/nieuwendammerdijk/appartement-1978991,"{'Woonkamer': ' Eigen ', 'Keuken': ' Eigen ', 'Badkamer': ' Eigen ', 'Toilet': ' Eigen ', 'Internet': ' Ja ', 'Energielabel': ' Onbekend ', 'Huisdieren': ' Nee '}",
Van Coeverdenstraat,in Enschede,25 m,,â‚¬ 370,p/m | incl. g/w/e,Gestoffeerd,01-10-2021,3 weken geleden geplaatst,https://kamernet.nl/huren/kamer-enschede/van-coeverdenstraat/kamer-1979290,"{'Woonkamer': ' Gedeeld ', 'Keuken': ' Gedeeld ', 'Badkamer': ' Gedeeld ', 'Toilet': ' Gedeeld ', 'Internet': ' Ja ', 'Energielabel': ' Onbekend ', 'Huisgenoten': '  2 ', 'Geslacht': ' Man ', 'Huisdieren': ' In overleg '}",
Professor Eijkmanlaan,in Haarlem,13 m,,â‚¬ 725,p/m | incl. g/w/e,Gemeubileerd,01-11-2021 tot 31-10-2022,3 weken geleden geplaatst,https://kamernet.nl/huren/kamer-haarlem/professor-eijkmanlaan/kamer-1979319,"{'Woonkamer': ' Gedeeld ', 'Keuken': ' Gedeeld ', 'Badkamer': ' Gedeeld ', 'Toilet': ' Gedeeld ', 'Internet': ' Ja ', 'Energielabel': ' Onbekend ', 'Huisgenoten': '  1 ', 'Geslacht': ' Vrouw ', 'Huisdieren': ' Ja '}",
Werkhovenstraat,in Amsterdam,16 m,Totale oppervlakte: 99 m 2,â‚¬ 745,p/m | incl. g/w/e,Gemeubileerd,10-08-2021,3 weken geleden geplaatst,https://kamernet.nl/huren/kamer-amsterdam/werkhovenstraat/kamer-1979296,"{'Woonkamer': ' Gedeeld ', 'Keuken': ' Gedeeld ', 'Badkamer': ' Gedeeld ', 'Toilet': ' Gedeeld ', 'Internet': ' Ja ', 'Energielabel': ' Onbekend ', 'Huisgenoten': '  1 ', 'Geslacht': ' Man ', 'Huisdieren': ' Nee '}",
Kettingstraat,in Den Haag,17 m,,â‚¬ 580,p/m | incl. g/w/e,Gestoffeerd,01-09-2021,3 weken geleden geplaatst,https://kamernet.nl/huren/kamer-den-haag/kettingstraat/kamer-1979333,"{'Woonkamer': ' Gedeeld ', 'Keuken': ' Gedeeld ', 'Badkamer': ' Gedeeld ', 'Toilet': ' Gedeeld ', 'Internet': ' Ja ', 'Energielabel': ' Onbekend ', 'Huisgenoten': '  2 ', 'Geslacht': ' Vrouw ', 'Huisdieren': ' Nee '}",
Oranjestraat,in Wormerveer,81 m,Totaal 4 kamers (3 slaapkamers) ,â‚¬ 1500,p/m | excl. g/w/e,Gestoffeerd,01-09-2021,3 weken geleden geplaatst,https://kamernet.nl/huren/appartement-wormerveer/oranjestraat/appartement-1979344,"{'Woonkamer': ' Eigen ', 'Keuken': ' Eigen ', 'Badkamer': ' Eigen ', 'Toilet': ' Eigen ', 'Internet': ' Nee ', 'Energielabel': ' C ', 'Huisdieren': ' In overleg '}",
Mackaylaan,in Naarden,18 m,Totale oppervlakte: 40 m 2,â‚¬ 505,p/m | incl. g/w/e,Gestoffeerd,10-08-2021,3 weken geleden geplaatst,https://kamernet.nl/huren/kamer-naarden/mackaylaan/kamer-1979366,"{'Woonkamer': ' Gedeeld ', 'Keuken': ' Gedeeld ', 'Badkamer': ' Gedeeld ', 'Toilet': ' Gedeeld ', 'Internet': ' Ja ', 'Energielabel': ' Onbekend ', 'Huisgenoten': '  5 ', 'Geslacht': ' Gemengd ', 'Huisdieren': ' In overleg '}",
Donau,in Amstelveen,35 m,,â‚¬ 750,p/m | incl. g/w/e,Gemeubileerd,10-08-2021 tot 01-11-2021,3 weken geleden geplaatst,https://kamernet.nl/huren/studio-amstelveen/donau/studio-1979395,"{'Woonkamer': ' Eigen ', 'Keuken': ' Eigen ', 'Badkamer': ' Eigen ', 'Toilet': ' Eigen ', 'Internet': ' Ja ', 'Energielabel': ' Onbekend ', 'Huisdieren': ' Nee '}",
Kromme Leimuidenstraat,in Amsterdam,9 m,Totale oppervlakte: 60 m 2,â‚¬ 850,p/m | excl. g/w/e,Gemeubileerd,01-09-2021,3 weken geleden geplaatst,https://kamernet.nl/huren/kamer-amsterdam/kromme-leimuidenstraat/kamer-1979457,"{'Woonkamer': ' Gedeeld ', 'Keuken': ' Gedeeld ', 'Badkamer': ' Gedeeld ', 'Toilet': ' Gedeeld ', 'Internet': ' Ja ', 'Energielabel': ' D ', 'Huisgenoten': '  1 ', 'Geslacht': ' Vrouw ', 'Huisdieren': ' Nee '}",
Tramstraat,in Eindhoven,16 m,,â‚¬ 310,p/m | incl. g/w/e,Gestoffeerd,10-08-2021,3 weken geleden geplaatst,https://kamernet.nl/huren/kamer-eindhoven/tramstraat/kamer-1979444,"{'Woonkamer': ' Gedeeld ', 'Keuken': ' Gedeeld ', 'Badkamer': ' Gedeeld ', 'Toilet': ' Gedeeld ', 'Internet': ' Ja ', 'Energielabel': ' Onbekend ', 'Huisgenoten': '  8  ', 'Geslacht': ' Man ', 'Huisdieren': ' Nee '}",
Adriaen van Ostadelaan,in Utrecht,30 m,Totaal 3 kamers,â‚¬ 1990,p/m | incl. g/w/e,Gemeubileerd,02-09-2021,3 weken geleden geplaatst,https://kamernet.nl/huren/studio-utrecht/adriaen-van-ostadelaan/studio-1978908,"{'Woonkamer': ' Eigen ', 'Keuken': ' Eigen ', 'Badkamer': ' Eigen ', 'Toilet': ' Eigen ', 'Internet': ' Ja ', 'Energielabel': ' Onbekend ', 'Huisdieren': ' Nee '}",
Nieuweweg,in Groningen,17 m,,â‚¬ 430,p/m | incl. g/w/e,Gestoffeerd,01-09-2021,3 weken geleden geplaatst,https://kamernet.nl/huren/kamer-groningen/nieuweweg/kamer-1979466,"{'Woonkamer': ' Gedeeld ', 'Keuken': ' Gedeeld ', 'Badkamer': ' Gedeeld ', 'Toilet': ' Gedeeld ', 'Internet': ' Ja ', 'Energielabel': ' Onbekend ', 'Huisgenoten': '  Meer dan 8 ', 'Geslacht': ' Man ', 'Huisdieren': ' Nee '}",
Grote Markt,in Groningen,16 m,,â‚¬ 400,p/m | incl. g/w/e,Gemeubileerd,01-09-2021 tot 31-12-2021,3 weken geleden geplaatst,https://kamernet.nl/huren/kamer-groningen/grote-markt/kamer-1979406,"{'Woonkamer': ' Gedeeld ', 'Keuken': ' Gedeeld ', 'Badkamer': ' Gedeeld ', 'Toilet': ' Gedeeld ', 'Internet': ' Ja ', 'Energielabel': ' Onbekend ', 'Huisgenoten': '  Onbekend  ', 'Geslacht': ' Onbekend ', 'Huisdieren': ' In overleg '}",
Burghardt van den Berghstraat,in Nijmegen,160 m,Totaal 1 kamer (3 slaapkamers) ,â‚¬ 1300,p/m | incl. g/w/e,Gemeubileerd,19-10-2021 tot 19-11-2021,3 weken geleden geplaatst,https://kamernet.nl/huren/appartement-nijmegen/burghardt-van-den-berghstraat/appartement-1978169,"{'Woonkamer': ' Eigen ', 'Keuken': ' Eigen ', 'Badkamer': ' Eigen ', 'Toilet': ' Eigen ', 'Internet': ' Ja ', 'Energielabel': ' Onbekend ', 'Huisdieren': ' In overleg '}",
Deurningerstraat,in Enschede,16 m,,â‚¬ 350,p/m | incl. g/w/e,Gemeubileerd,10-08-2021 tot 01-02-2022,3 weken geleden geplaatst,https://kamernet.nl/huren/kamer-enschede/deurningerstraat/kamer-1979503,"{'Woonkamer': ' Gedeeld ', 'Keuken': ' Gedeeld ', 'Badkamer': ' Gedeeld ', 'Toilet': ' Gedeeld ', 'Internet': ' Ja ', 'Energielabel': ' Onbekend ', 'Huisgenoten': '  4  ', 'Geslacht': ' Man ', 'Huisdieren': ' Nee '}",
Nieuwe Boteringestraat,in Groningen,15 m,,â‚¬ 415,p/m | incl. g/w/e,Kaal,01-09-2021 tot 01-05-2022,3 weken geleden geplaatst,https://kamernet.nl/huren/kamer-groningen/nieuwe-boteringestraat/kamer-1979502,"{'Woonkamer': ' Gedeeld ', 'Keuken': ' Gedeeld ', 'Badkamer': ' Gedeeld ', 'Toilet': ' Gedeeld ', 'Internet': ' Nee ', 'Energielabel': ' Onbekend ', 'Huisgenoten': '  5 ', 'Geslacht': ' Vrouw ', 'Huisdieren': ' Nee '}",
Graan voor Visch,in Hoofddorp,18 m,Totale oppervlakte: 122 m 2,â‚¬ 395,p/m | excl. g/w/e,Gestoffeerd,11-08-2021 tot 31-08-2022,3 weken geleden geplaatst,https://kamernet.nl/huren/kamer-hoofddorp/graan-voor-visch/kamer-1979717,"{'Woonkamer': ' Gedeeld ', 'Keuken': ' Gedeeld ', 'Badkamer': ' Gedeeld ', 'Toilet': ' Gedeeld ', 'Internet': ' Nee ', 'Energielabel': ' Onbekend ', 'Huisgenoten': '  3 ', 'Geslacht': ' Vrouw ', 'Huisdieren': ' Nee '}",
Jan Pieter Heijestraat,in Amsterdam,50 m,Totaal 1 kamer (1 slaapkamer) ,â‚¬ 1250,p/m | incl. g/w/e,Gemeubileerd,29-08-2021 tot 30-09-2021,3 weken geleden geplaatst,https://kamernet.nl/huren/studio-amsterdam/jan-pieter-heijestraat/studio-1979524,"{'Woonkamer': ' Eigen ', 'Keuken': ' Eigen ', 'Badkamer': ' Eigen ', 'Toilet': ' Eigen ', 'Internet': ' Ja ', 'Energielabel': ' Onbekend ', 'Huisdieren': ' Nee '}",
Beatrijsstraat,in Rotterdam,17 m,,â‚¬ 650,p/m | incl. g/w/e,Kaal,01-09-2021,3 weken geleden geplaatst,https://kamernet.nl/huren/kamer-rotterdam/beatrijsstraat/kamer-1979436,"{'Woonkamer': ' Gedeeld ', 'Keuken': ' Gedeeld ', 'Badkamer': ' Gedeeld ', 'Toilet': ' Gedeeld ', 'Internet': ' Ja ', 'Energielabel': ' Onbekend ', 'Huisgenoten': '  2 ', 'Geslacht': ' Man ', 'Huisdieren': ' Nee '}",
Wethouder In 't Veldstraat,in Amsterdam,7 m,,â‚¬ 450,p/m | excl. g/w/e,Gestoffeerd,01-09-2021,3 weken geleden geplaatst,https://kamernet.nl/huren/kamer-amsterdam/wethouder-in-'t-veldstraat/kamer-1979574,"{'Woonkamer': ' Geen ', 'Keuken': ' Gedeeld ', 'Badkamer': ' Gedeeld ', 'Toilet': ' Gedeeld ', 'Internet': ' Ja ', 'Energielabel': ' Onbekend ', 'Huisgenoten': '  4  ', 'Geslacht': ' Gemengd ', 'Huisdieren': ' Nee '}",
Wethouder In 't Veldstraat,in Amsterdam,11 m,,â‚¬ 550,p/m | excl. g/w/e,Gestoffeerd,01-09-2021,3 weken geleden geplaatst,https://kamernet.nl/huren/kamer-amsterdam/wethouder-in-'t-veldstraat/kamer-1979573,"{'Woonkamer': ' Geen ', 'Keuken': ' Gedeeld ', 'Badkamer': ' Gedeeld ', 'Toilet': ' Gedeeld ', 'Internet': ' Ja ', 'Energielabel': ' Onbekend ', 'Huisgenoten': '  4  ', 'Geslacht': ' Gemengd ', 'Huisdieren': ' Nee '}",
Wethouder In 't Veldstraat,in Amsterdam,12 m,,â‚¬ 650,p/m | excl. g/w/e,Gestoffeerd,01-09-2021,3 weken geleden geplaatst,https://kamernet.nl/huren/kamer-amsterdam/wethouder-in-'t-veldstraat/kamer-1979455,"{'Woonkamer': ' Geen ', 'Keuken': ' Gedeeld ', 'Badkamer': ' Gedeeld ', 'Toilet': ' Gedeeld ', 'Internet': ' Ja ', 'Energielabel': ' Onbekend ', 'Huisgenoten': '  4  ', 'Geslacht': ' Gemengd ', 'Huisdieren': ' Nee '}",
Pijkestraat,in Nijmegen,23 m,,â‚¬ 475,p/m | incl. g/w/e,Gestoffeerd,01-09-2021,3 weken geleden geplaatst,https://kamernet.nl/huren/kamer-nijmegen/pijkestraat/kamer-1979543,"{'Woonkamer': ' Eigen ', 'Keuken': ' Eigen ', 'Badkamer': ' Eigen ', 'Toilet': ' Eigen ', 'Internet': ' Ja ', 'Energielabel': ' Onbekend ', 'Huisgenoten': '  Onbekend  ', 'Geslacht': ' Onbekend ', 'Huisdieren': ' Nee '}",
Jagersdreef,in Driebergen-Rijsenburg,18 m,Totale oppervlakte: 125 m 2,â‚¬ 725,p/m | incl. g/w/e,Gemeubileerd,10-08-2021,3 weken geleden geplaatst,https://kamernet.nl/huren/kamer-driebergen-rijsenburg/jagersdreef/kamer-1979533,"{'Woonkamer': ' Gedeeld ', 'Keuken': ' Gedeeld ', 'Badkamer': ' Gedeeld ', 'Toilet': ' Gedeeld ', 'Internet': ' Ja ', 'Energielabel': ' Onbekend ', 'Huisgenoten': '  1 ', 'Geslacht': ' Man ', 'Huisdieren': ' Nee '}",
Kleiburg,in Amsterdam,16 m,Totale oppervlakte: 100 m 2,â‚¬ 550,p/m | incl. g/w/e,Kaal,15-08-2021 tot 31-12-2021,3 weken geleden geplaatst,https://kamernet.nl/huren/kamer-amsterdam/kleiburg/kamer-1979923,"{'Woonkamer': ' Gedeeld ', 'Keuken': ' Gedeeld ', 'Badkamer': ' Gedeeld ', 'Toilet': ' Gedeeld ', 'Internet': ' Ja ', 'Energielabel': ' Onbekend ', 'Huisgenoten': '  2 ', 'Geslacht': ' Man ', 'Huisdieren': ' Nee '}",
Marnixlaan,in Utrecht,15 m,,â‚¬ 430,p/m | incl. g/w/e,Gestoffeerd,01-09-2021 tot 01-03-2023,3 weken geleden geplaatst,https://kamernet.nl/huren/kamer-utrecht/marnixlaan/kamer-1980000,"{'Woonkamer': ' Geen ', 'Keuken': ' Gedeeld ', 'Badkamer': ' Gedeeld ', 'Toilet': ' Gedeeld ', 'Internet': ' Onbekend ', 'Energielabel': ' Onbekend ', 'Huisgenoten': '  3 ', 'Geslacht': ' Gemengd ', 'Huisdieren': ' Nee '}",
Marnixlaan,in Utrecht,11 m,,â‚¬ 420,p/m | incl. g/w/e,Gestoffeerd,01-09-2021 tot 01-03-2022,3 weken geleden geplaatst,https://kamernet.nl/huren/kamer-utrecht/marnixlaan/kamer-1980003,"{'Woonkamer': ' Onbekend ', 'Keuken': ' Gedeeld ', 'Badkamer': ' Gedeeld ', 'Toilet': ' Gedeeld ', 'Internet': ' Ja ', 'Energielabel': ' Onbekend ', 'Huisgenoten': '  3 ', 'Geslacht': ' Gemengd ', 'Huisdieren': ' Nee '}",
Flanorpad,in Leiden,15 m,Totale oppervlakte: 150 m 2,â‚¬ 345,p/m | incl. g/w/e,Kaal,01-10-2021 tot 01-09-2022,2 weken geleden geplaatst,https://kamernet.nl/huren/kamer-leiden/flanorpad/kamer-1980007,"{'Woonkamer': ' Gedeeld ', 'Keuken': ' Gedeeld ', 'Badkamer': ' Gedeeld ', 'Toilet': ' Gedeeld ', 'Internet': ' Ja ', 'Energielabel': ' Onbekend ', 'Huisgenoten': '  Meer dan 8 ', 'Geslacht': ' Gemengd ', 'Huisdieren': ' Nee '}",
Oude Ubbergseweg,in Nijmegen,15 m,Totale oppervlakte: 30 m 2,â‚¬ 340,p/m | incl. g/w/e,Kaal,13-08-2021,2 weken geleden geplaatst,https://kamernet.nl/huren/kamer-nijmegen/oude-ubbergseweg/kamer-1980033,"{'Woonkamer': ' Geen ', 'Keuken': ' Gedeeld ', 'Badkamer': ' Gedeeld ', 'Toilet': ' Gedeeld ', 'Internet': ' Ja ', 'Energielabel': ' Onbekend ', 'Huisgenoten': '  8  ', 'Geslacht': ' Gemengd ', 'Huisdieren': ' Nee '}",
Potgieterlaan,in Uithoorn,24 m,,â‚¬ 500,p/m | incl. g/w/e,Gemeubileerd,19-08-2021,3 weken geleden geplaatst,https://kamernet.nl/huren/kamer-uithoorn/potgieterlaan/kamer-1979577,"{'Woonkamer': ' Geen ', 'Keuken': ' Eigen ', 'Badkamer': ' Gedeeld ', 'Toilet': ' Gedeeld ', 'Internet': ' Ja ', 'Energielabel': ' Onbekend ', 'Huisgenoten': '  3 ', 'Geslacht': ' Gemengd ', 'Huisdieren': ' Ja '}",
Michelangelostraat,in Amsterdam,12 m,Totale oppervlakte: 90 m 2,â‚¬ 1078,p/m | excl. g/w/e,Gemeubileerd,13-08-2021,2 weken geleden geplaatst,https://kamernet.nl/huren/kamer-amsterdam/michelangelostraat/kamer-1980044,"{'Woonkamer': ' Gedeeld ', 'Keuken': ' Gedeeld ', 'Badkamer': ' Gedeeld ', 'Toilet': ' Gedeeld ', 'Internet': ' Ja ', 'Energielabel': ' Onbekend ', 'Huisgenoten': '  1 ', 'Geslacht': ' Vrouw ', 'Huisdieren': ' Nee '}",
Palestrinalaan,in Zwolle,20 m,Totale oppervlakte: 80 m 2,â‚¬ 70,p/m | excl. g/w/e,Gestoffeerd,01-09-2021,2 weken geleden geplaatst,https://kamernet.nl/huren/kamer-zwolle/palestrinalaan/kamer-1979849,"{'Woonkamer': ' Gedeeld ', 'Keuken': ' Gedeeld ', 'Badkamer': ' Gedeeld ', 'Toilet': ' Gedeeld ', 'Internet': ' Ja ', 'Energielabel': ' Onbekend ', 'Huisgenoten': '  Onbekend  ', 'Geslacht': ' Onbekend ', 'Huisdieren': ' In overleg '}",
Bergweg,in Rotterdam,8 m,,â‚¬ 265,p/m | incl. g/w/e,Gestoffeerd,01-09-2021,3 weken geleden geplaatst,https://kamernet.nl/huren/kamer-rotterdam/bergweg/kamer-1971870,"{'Woonkamer': ' Geen ', 'Keuken': ' Gedeeld ', 'Badkamer': ' Gedeeld ', 'Toilet': ' Gedeeld ', 'Internet': ' Ja ', 'Energielabel': ' Onbekend ', 'Huisgenoten': '  6 ', 'Geslacht': ' Gemengd ', 'Huisdieren': ' Nee '}",
Bos en Lommerplein,in Amsterdam,127 m,,â‚¬ 2300,p/m | incl. g/w/e,Gemeubileerd,26-09-2021 tot 29-12-2021,3 weken geleden geplaatst,https://kamernet.nl/huren/appartement-amsterdam/bos-en-lommerplein/appartement-1979476,"{'Woonkamer': ' Eigen ', 'Keuken': ' Eigen ', 'Badkamer': ' Eigen ', 'Toilet': ' Eigen ', 'Internet': ' Ja ', 'Energielabel': ' A ', 'Huisdieren': ' Nee '}",
Rouwenhofstraat,in Wageningen,10 m,,â‚¬ 160,p/m | excl. g/w/e,Kaal,13-08-2021,2 weken geleden geplaatst,https://kamernet.nl/huren/kamer-wageningen/rouwenhofstraat/kamer-1980077,"{'Woonkamer': ' Gedeeld ', 'Keuken': ' Gedeeld ', 'Badkamer': ' Gedeeld ', 'Toilet': ' Gedeeld ', 'Internet': ' Ja ', 'Energielabel': ' Onbekend ', 'Huisgenoten': '  8  ', 'Geslacht': ' Vrouw ', 'Huisdieren': ' Ja '}",
Star Numanstraat,in Groningen,16 m,,â‚¬ 450,p/m | excl. g/w/e,Gestoffeerd,01-09-2021,2 weken geleden geplaatst,https://kamernet.nl/huren/kamer-groningen/star-numanstraat/kamer-1980079,"{'Woonkamer': ' Gedeeld ', 'Keuken': ' Gedeeld ', 'Badkamer': ' Gedeeld ', 'Toilet': ' Gedeeld ', 'Internet': ' Ja ', 'Energielabel': ' Onbekend ', 'Huisgenoten': '  3 ', 'Geslacht': ' Vrouw ', 'Huisdieren': ' Nee '}",
Terracottastraat,in Almere,30 m,,â‚¬ 925,p/m | incl. g/w/e,Gestoffeerd,20-09-2021 tot 19-09-2022,2 weken geleden geplaatst,https://kamernet.nl/huren/kamer-almere/terracottastraat/kamer-1980100,"{'Woonkamer': ' Eigen ', 'Keuken': ' Eigen ', 'Badkamer': ' Eigen ', 'Toilet': ' Gedeeld ', 'Internet': ' Nee ', 'Energielabel': ' B ', 'Huisgenoten': '  Onbekend  ', 'Geslacht': ' Onbekend ', 'Huisdieren': ' Nee '}",
Legmeerplein,in Amsterdam,15 m,,â‚¬ 695,p/m | excl. g/w/e,Gemeubileerd,01-09-2021 tot 31-12-2021,3 weken geleden geplaatst,https://kamernet.nl/huren/kamer-amsterdam/legmeerplein/kamer-1979219,"{'Woonkamer': ' Geen ', 'Keuken': ' Gedeeld ', 'Badkamer': ' Gedeeld ', 'Toilet': ' Gedeeld ', 'Internet': ' Nee ', 'Energielabel': ' Onbekend ', 'Huisgenoten': '  3 ', 'Geslacht': ' Man ', 'Huisdieren': ' Nee '}",
Westeinde,in Berkhout,16 m,,â‚¬ 440,p/m | incl. g/w/e,Gemeubileerd,13-08-2021,2 weken geleden geplaatst,https://kamernet.nl/huren/kamer-berkhout/westeinde/kamer-1980135,"{'Woonkamer': ' Gedeeld ', 'Keuken': ' Gedeeld ', 'Badkamer': ' Gedeeld ', 'Toilet': ' Gedeeld ', 'Internet': ' Ja ', 'Energielabel': ' Onbekend ', 'Huisgenoten': '  4  ', 'Geslacht': ' Gemengd ', 'Huisdieren': ' Nee '}",
Marconistraat,in Amsterdam,10 m,Totale oppervlakte: 50 m 2,â‚¬ 450,p/m | incl. g/w/e,Gemeubileerd,21-08-2021 tot 30-12-2021,2 weken geleden geplaatst,https://kamernet.nl/huren/kamer-amsterdam/marconistraat/kamer-1980147,"{'Woonkamer': ' Gedeeld ', 'Keuken': ' Gedeeld ', 'Badkamer': ' Gedeeld ', 'Toilet': ' Gedeeld ', 'Internet': ' Ja ', 'Energielabel': ' C ', 'Huisgenoten': '  4  ', 'Geslacht': ' Gemengd ', 'Huisdieren': ' In overleg '}",
Rapenburg,in Leiden,15 m,,â‚¬ 600,p/m | excl. g/w/e,Gemeubileerd,01-09-2021 tot 10-11-2021,3 weken geleden geplaatst,https://kamernet.nl/huren/kamer-leiden/rapenburg/kamer-1979741,"{'Woonkamer': ' Eigen ', 'Keuken': ' Gedeeld ', 'Badkamer': ' Gedeeld ', 'Toilet': ' Gedeeld ', 'Internet': ' Ja ', 'Energielabel': ' A ', 'Huisgenoten': '  Meer dan 8 ', 'Geslacht': ' Man ', 'Huisdieren': ' Nee '}",
Patrimoniumweg,in Doorn,20 m,,â‚¬ 450,p/m | incl. g/w/e,Gestoffeerd,15-09-2021 tot 15-01-2022,3 weken geleden geplaatst,https://kamernet.nl/huren/kamer-doorn/patrimoniumweg/kamer-1979748,"{'Woonkamer': ' Geen ', 'Keuken': ' Gedeeld ', 'Badkamer': ' Gedeeld ', 'Toilet': ' Gedeeld ', 'Internet': ' Ja ', 'Energielabel': ' Onbekend ', 'Huisgenoten': '  2 ', 'Geslacht': ' Vrouw ', 'Huisdieren': ' Nee '}",
Kerkstraat,in Haren Gn,60 m,Totaal 1 kamer (1 slaapkamer) ,â‚¬ 1145,p/m | incl. g/w/e,Gemeubileerd,01-09-2021 tot 31-08-2023,3 weken geleden geplaatst,https://kamernet.nl/huren/studio-haren-gn/kerkstraat/studio-1979744,"{'Woonkamer': ' Eigen ', 'Keuken': ' Eigen ', 'Badkamer': ' Eigen ', 'Toilet': ' Eigen ', 'Internet': ' Ja ', 'Energielabel': ' A ', 'Huisdieren': ' Nee '}",
Dolderseweg,in Huis ter Heide,70 m,,â‚¬ 825,p/m | incl. g/w/e,Gestoffeerd,01-10-2021,3 weken geleden geplaatst,https://kamernet.nl/huren/appartement-huis-ter-heide/dolderseweg/appartement-1979570,"{'Woonkamer': ' Eigen ', 'Keuken': ' Eigen ', 'Badkamer': ' Eigen ', 'Toilet': ' Eigen ', 'Internet': ' Ja ', 'Energielabel': ' D ', 'Huisdieren': ' Nee '}",
Veerstraat,in Waardenburg,14 m,Totaal 1 kamer (1 slaapkamer) ,â‚¬ 575,p/m | incl. g/w/e,Gemeubileerd,11-08-2021,3 weken geleden geplaatst,https://kamernet.nl/huren/studio-waardenburg/veerstraat/studio-1979787,"{'Woonkamer': ' Eigen ', 'Keuken': ' Eigen ', 'Badkamer': ' Gedeeld ', 'Toilet': ' Gedeeld ', 'Internet': ' Ja ', 'Energielabel': ' Onbekend ', 'Huisdieren': ' Nee '}",
Talmastraat,in Amsterdam,7 m,Totale oppervlakte: 65 m 2,â‚¬ 700,p/m | incl. g/w/e,Gemeubileerd,12-08-2021,3 weken geleden geplaatst,https://kamernet.nl/huren/kamer-amsterdam/talmastraat/kamer-1979798,"{'Woonkamer': ' Gedeeld ', 'Keuken': ' Gedeeld ', 'Badkamer': ' Gedeeld ', 'Toilet': ' Gedeeld ', 'Internet': ' Ja ', 'Energielabel': ' A ', 'Huisgenoten': '  1 ', 'Geslacht': ' Man ', 'Huisdieren': ' In overleg '}",
Dennekruid,in Rotterdam,18 m,Totale oppervlakte: 70 m 2,â‚¬ 300,p/m | incl. g/w/e,Gestoffeerd,01-09-2021,3 weken geleden geplaatst,https://kamernet.nl/huren/kamer-rotterdam/dennekruid/kamer-1979829,"{'Woonkamer': ' Geen ', 'Keuken': ' Geen ', 'Badkamer': ' Gedeeld ', 'Toilet': ' Gedeeld ', 'Internet': ' Ja ', 'Energielabel': ' Onbekend ', 'Huisgenoten': '  2 ', 'Geslacht': ' Gemengd ', 'Huisdieren': ' Nee '}",
St Adrianusstraat,in Eindhoven,10 m,,â‚¬ 280,p/m | incl. g/w/e,Gestoffeerd,01-10-2021 tot 30-06-2022,3 weken geleden geplaatst,https://kamernet.nl/huren/kamer-eindhoven/st-adrianusstraat/kamer-1979833,"{'Woonkamer': ' Geen ', 'Keuken': ' Gedeeld ', 'Badkamer': ' Gedeeld ', 'Toilet': ' Gedeeld ', 'Internet': ' Ja ', 'Energielabel': ' Onbekend ', 'Huisgenoten': '  4  ', 'Geslacht': ' Gemengd ', 'Huisdieren': ' Nee '}",
Ruys de Beerenbrouckstraat,in Delft,20 m,Totale oppervlakte: 200 m 2,â‚¬ 650,p/m | incl. g/w/e,Gemeubileerd,01-09-2021 tot 01-02-2022,3 weken geleden geplaatst,https://kamernet.nl/huren/kamer-delft/ruys-de-beerenbrouckstraat/kamer-1979846,"{'Woonkamer': ' Gedeeld ', 'Keuken': ' Gedeeld ', 'Badkamer': ' Gedeeld ', 'Toilet': ' Gedeeld ', 'Internet': ' Ja ', 'Energielabel': ' Onbekend ', 'Huisgenoten': '  Meer dan 8 ', 'Geslacht': ' Man ', 'Huisdieren': ' Nee '}",
Lange Bedde,in Breda,13 m,,â‚¬ 385,p/m | incl. g/w/e,Gestoffeerd,13-09-2021,3 weken geleden geplaatst,https://kamernet.nl/huren/kamer-breda/lange-bedde/kamer-1979850,"{'Woonkamer': ' Geen ', 'Keuken': ' Gedeeld ', 'Badkamer': ' Gedeeld ', 'Toilet': ' Gedeeld ', 'Internet': ' Ja ', 'Energielabel': ' F ', 'Huisgenoten': '  2 ', 'Geslacht': ' Onbekend ', 'Huisdieren': ' Nee '}",
Bakovensweg,in Bourtange,100 m,Totaal 5 kamers (4 slaapkamers) ,â‚¬ 1100,p/m | excl. g/w/e,Gemeubileerd,15-09-2021 tot 15-09-2022,3 weken geleden geplaatst,https://kamernet.nl/huren/appartement-bourtange/bakovensweg/appartement-1979863,"{'Woonkamer': ' Eigen ', 'Keuken': ' Eigen ', 'Badkamer': ' Eigen ', 'Toilet': ' Eigen ', 'Internet': ' Nee ', 'Energielabel': ' Onbekend ', 'Huisdieren': ' Nee '}",
Pascalstraat,in Badhoevedorp,10 m,Totale oppervlakte: 30 m 2,â‚¬ 410,p/m | incl. g/w/e,Gestoffeerd,01-09-2021 tot 28-02-2022,2 weken geleden geplaatst,https://kamernet.nl/huren/kamer-badhoevedorp/pascalstraat/kamer-1980138,"{'Woonkamer': ' Geen ', 'Keuken': ' Gedeeld ', 'Badkamer': ' Gedeeld ', 'Toilet': ' Gedeeld ', 'Internet': ' Ja ', 'Energielabel': ' C ', 'Huisgenoten': '  6 ', 'Geslacht': ' Gemengd ', 'Huisdieren': ' Nee '}",
Leliestraat,in Enschede,12 m,,â‚¬ 245,p/m | incl. g/w/e,Kaal,12-08-2021,3 weken geleden geplaatst,https://kamernet.nl/huren/kamer-enschede/leliestraat/kamer-1979854,"{'Woonkamer': ' Gedeeld ', 'Keuken': ' Gedeeld ', 'Badkamer': ' Gedeeld ', 'Toilet': ' Gedeeld ', 'Internet': ' Nee ', 'Energielabel': ' Onbekend ', 'Huisgenoten': '  3 ', 'Geslacht': ' Vrouw ', 'Huisdieren': ' Nee '}",
Tofana,in Amsterdam,18 m,,â‚¬ 1000,p/m | incl. g/w/e,Gemeubileerd,13-08-2021 tot 14-08-2023,2 weken geleden geplaatst,https://kamernet.nl/huren/kamer-amsterdam/tofana/kamer-1980066,"{'Woonkamer': ' Gedeeld ', 'Keuken': ' Gedeeld ', 'Badkamer': ' Gedeeld ', 'Toilet': ' Gedeeld ', 'Internet': ' Ja ', 'Energielabel': ' B ', 'Huisgenoten': '  Onbekend  ', 'Geslacht': ' Onbekend ', 'Huisdieren': ' Nee '}",
Dorpsstraat,in Renkum,85 m,Totaal 3 kamers,â‚¬ 1095,p/m | excl. g/w/e,Gemeubileerd,09-08-2021,3 weken geleden geplaatst,https://kamernet.nl/huren/appartement-renkum/dorpsstraat/appartement-1979120,"{'Woonkamer': ' Onbekend ', 'Keuken': ' Onbekend ', 'Badkamer': ' Onbekend ', 'Toilet': ' Onbekend ', 'Internet': ' Onbekend ', 'Energielabel': ' Onbekend ', 'Huisdieren': ' In overleg '}",
Leeuwendalersweg,in Amsterdam,7 m,Totale oppervlakte: 93 m 2,â‚¬ 800,p/m | incl. g/w/e,Gemeubileerd,01-09-2021 tot 01-09-2022,3 weken geleden geplaatst,https://kamernet.nl/huren/kamer-amsterdam/leeuwendalersweg/kamer-1979796,"{'Woonkamer': ' Gedeeld ', 'Keuken': ' Gedeeld ', 'Badkamer': ' Gedeeld ', 'Toilet': ' Gedeeld ', 'Internet': ' Ja ', 'Energielabel': ' A ', 'Huisgenoten': '  1 ', 'Geslacht': ' Man ', 'Huisdieren': ' In overleg '}",
Willem de Zwijgerlaan,in Den Haag,30 m,Totale oppervlakte: 30 m 2,â‚¬ 650,p/m | incl. g/w/e,Gestoffeerd,09-08-2021,3 weken geleden geplaatst,https://kamernet.nl/huren/kamer-den-haag/willem-de-zwijgerlaan/kamer-1979295,"{'Woonkamer': ' Geen ', 'Keuken': ' Gedeeld ', 'Badkamer': ' Gedeeld ', 'Toilet': ' Gedeeld ', 'Internet': ' Ja ', 'Energielabel': ' Onbekend ', 'Huisgenoten': '  2 ', 'Geslacht': ' Gemengd ', 'Huisdieren': ' Nee '}",
A.L. Dyserinckstraat,in Haarlem,18 m,Totale oppervlakte: 30 m 2,â‚¬ 575,p/m | incl. g/w/e,Kaal,01-09-2021,2 weken geleden geplaatst,https://kamernet.nl/huren/kamer-haarlem/a.l.-dyserinckstraat/kamer-1980179,"{'Woonkamer': ' Eigen ', 'Keuken': ' Gedeeld ', 'Badkamer': ' Gedeeld ', 'Toilet': ' Eigen ', 'Internet': ' Ja ', 'Energielabel': ' Onbekend ', 'Huisgenoten': '  3 ', 'Geslacht': ' Gemengd ', 'Huisdieren': ' In overleg '}",
Kamerlingh Onneslaan,in Amsterdam,16 m,,â‚¬ 680,p/m | incl. g/w/e,Gestoffeerd,01-09-2021,2 weken geleden geplaatst,https://kamernet.nl/huren/kamer-amsterdam/kamerlingh-onneslaan/kamer-1980213,"{'Woonkamer': ' Gedeeld ', 'Keuken': ' Gedeeld ', 'Badkamer': ' Gedeeld ', 'Toilet': ' Gedeeld ', 'Internet': ' Nee ', 'Energielabel': ' Onbekend ', 'Huisgenoten': '  2 ', 'Geslacht': ' Vrouw ', 'Huisdieren': ' Nee '}",
Buiksloterdijk,in Amsterdam,18 m,,â‚¬ 600,p/m | incl. g/w/e,Gemeubileerd,14-08-2021,2 weken geleden geplaatst,https://kamernet.nl/huren/kamer-amsterdam/buiksloterdijk/kamer-1980186,"{'Woonkamer': ' Eigen ', 'Keuken': ' Gedeeld ', 'Badkamer': ' Gedeeld ', 'Toilet': ' Gedeeld ', 'Internet': ' Ja ', 'Energielabel': ' Onbekend ', 'Huisgenoten': '  2 ', 'Geslacht': ' Gemengd ', 'Huisdieren': ' Nee '}",
Oldegaarde,in Rotterdam,10 m,Totale oppervlakte: 40 m 2,â‚¬ 495,p/m | excl. g/w/e,Gemeubileerd,15-09-2021 tot 01-08-2022,2 weken geleden geplaatst,https://kamernet.nl/huren/kamer-rotterdam/oldegaarde/kamer-1980059,"{'Woonkamer': ' Gedeeld ', 'Keuken': ' Gedeeld ', 'Badkamer': ' Gedeeld ', 'Toilet': ' Gedeeld ', 'Internet': ' Ja ', 'Energielabel': ' Onbekend ', 'Huisgenoten': '  2 ', 'Geslacht': ' Vrouw ', 'Huisdieren': ' Nee '}",
Houtrakgracht,in Utrecht,90 m,Totaal 3 kamers (2 slaapkamers) ,â‚¬ 1500,p/m | excl. g/w/e,Gemeubileerd,14-08-2021 tot 28-02-2022,2 weken geleden geplaatst,https://kamernet.nl/huren/appartement-utrecht/houtrakgracht/appartement-1980243,"{'Woonkamer': ' Eigen ', 'Keuken': ' Eigen ', 'Badkamer': ' Eigen ', 'Toilet': ' Eigen ', 'Internet': ' Nee ', 'Energielabel': ' B ', 'Huisdieren': ' Nee '}",
Katendrechtsestraat,in Rotterdam,11 m,Totale oppervlakte: 99 m 2,â‚¬ 480,p/m | excl. g/w/e,Gestoffeerd,15-09-2021,2 weken geleden geplaatst,https://kamernet.nl/huren/kamer-rotterdam/katendrechtsestraat/kamer-1980259,"{'Woonkamer': ' Gedeeld ', 'Keuken': ' Gedeeld ', 'Badkamer': ' Gedeeld ', 'Toilet': ' Gedeeld ', 'Internet': ' Ja ', 'Energielabel': ' Onbekend ', 'Huisgenoten': '  2 ', 'Geslacht': ' Gemengd ', 'Huisdieren': ' Nee '}",
Nobelstraat,in Utrecht,65 m,Totaal 2 kamers (1 slaapkamer) ,â‚¬ 1300,p/m | excl. g/w/e,Gemeubileerd,01-12-2021,2 weken geleden geplaatst,https://kamernet.nl/huren/appartement-utrecht/nobelstraat/appartement-1980266,"{'Woonkamer': ' Eigen ', 'Keuken': ' Eigen ', 'Badkamer': ' Eigen ', 'Toilet': ' Eigen ', 'Internet': ' Ja ', 'Energielabel': ' Onbekend ', 'Huisdieren': ' Nee '}",
Tulpstraat,in Tiel,18 m,Totale oppervlakte: 48 m 2,â‚¬ 450,p/m | incl. g/w/e,Gemeubileerd,15-09-2021 tot 31-08-2022,2 weken geleden geplaatst,https://kamernet.nl/huren/kamer-tiel/tulpstraat/kamer-1980263,"{'Woonkamer': ' Gedeeld ', 'Keuken': ' Gedeeld ', 'Badkamer': ' Gedeeld ', 'Toilet': ' Gedeeld ', 'Internet': ' Onbekend ', 'Energielabel': ' Onbekend ', 'Huisgenoten': '  1 ', 'Geslacht': ' Vrouw ', 'Huisdieren': ' In overleg '}",
Franklinstraat,in Den Haag,51 m,Totaal 3 kamers,â‚¬ 1175,p/m | excl. g/w/e,Gestoffeerd,20-08-2021,2 weken geleden geplaatst,https://kamernet.nl/huren/appartement-den-haag/franklinstraat/appartement-1980251,"{'Woonkamer': ' Onbekend ', 'Keuken': ' Onbekend ', 'Badkamer': ' Onbekend ', 'Toilet': ' Onbekend ', 'Internet': ' Onbekend ', 'Energielabel': ' Onbekend ', 'Huisdieren': ' In overleg '}",
Bentinckstraat,in Amsterdam,120 m,Totaal 4 kamers,â‚¬ 2500,p/m | excl. g/w/e,Gestoffeerd,14-08-2021,2 weken geleden geplaatst,https://kamernet.nl/huren/appartement-amsterdam/bentinckstraat/appartement-1980250,"{'Woonkamer': ' Onbekend ', 'Keuken': ' Onbekend ', 'Badkamer': ' Onbekend ', 'Toilet': ' Onbekend ', 'Internet': ' Onbekend ', 'Energielabel': ' Onbekend ', 'Huisdieren': ' In overleg '}",
Landmeter,in Assendelft,15 m,,â‚¬ 500,p/m | incl. g/w/e,Gestoffeerd,15-08-2021,2 weken geleden geplaatst,https://kamernet.nl/huren/kamer-assendelft/landmeter/kamer-1980253,"{'Woonkamer': ' Onbekend ', 'Keuken': ' Gedeeld ', 'Badkamer': ' Gedeeld ', 'Toilet': ' Gedeeld ', 'Internet': ' Onbekend ', 'Energielabel': ' Onbekend ', 'Huisgenoten': '  2 ', 'Geslacht': ' Gemengd ', 'Huisdieren': ' Nee '}",
Parkweg,in Groningen,16 m,Totale oppervlakte: 70 m 2,â‚¬ 365,p/m | incl. g/w/e,Gestoffeerd,04-04-2020,3 weken geleden geplaatst,https://kamernet.nl/huren/kamer-groningen/parkweg/kamer-1787967,"{'Woonkamer': ' Eigen ', 'Keuken': ' Gedeeld ', 'Badkamer': ' Onbekend ', 'Toilet': ' Gedeeld ', 'Internet': ' Ja ', 'Energielabel': ' Onbekend ', 'Huisgenoten': '  3 ', 'Geslacht': ' Vrouw ', 'Huisdieren': ' Nee '}",
Lange Leidsedwarsstraat,in Amsterdam,55 m,Totaal 2 kamers (1 slaapkamer) ,â‚¬ 1890,p/m | excl. g/w/e,Gemeubileerd,01-10-2021 tot 31-03-2022,2 weken geleden geplaatst,https://kamernet.nl/huren/anti-kraak-amsterdam/lange-leidsedwarsstraat/anti-kraak-1980028,"{'Woonkamer': ' Eigen ', 'Keuken': ' Eigen ', 'Badkamer': ' Eigen ', 'Toilet': ' Eigen ', 'Internet': ' Ja ', 'Energielabel': ' A ', 'Huisdieren': ' Ja '}",
Hisveltplein,in Arnhem,13 m,,â‚¬ 400,p/m | incl. g/w/e,Gestoffeerd,01-09-2021,2 weken geleden geplaatst,https://kamernet.nl/huren/kamer-arnhem/hisveltplein/kamer-1980241,"{'Woonkamer': ' Geen ', 'Keuken': ' Gedeeld ', 'Badkamer': ' Gedeeld ', 'Toilet': ' Gedeeld ', 'Internet': ' Nee ', 'Energielabel': ' Onbekend ', 'Huisgenoten': '  3 ', 'Geslacht': ' Man ', 'Huisdieren': ' Nee '}",
Magdalena Moonsstraat,in Leiden,25 m,Totale oppervlakte: 25 m 2,â‚¬ 700,p/m | incl. g/w/e,Gemeubileerd,14-08-2021,2 weken geleden geplaatst,https://kamernet.nl/huren/kamer-leiden/magdalena-moonsstraat/kamer-1980379,"{'Woonkamer': ' Eigen ', 'Keuken': ' Eigen ', 'Badkamer': ' Eigen ', 'Toilet': ' Eigen ', 'Internet': ' Ja ', 'Energielabel': ' C ', 'Huisgenoten': '  Onbekend  ', 'Geslacht': ' Onbekend ', 'Huisdieren': ' Nee '}",
Murenepad,in Almere,35 m,Totale oppervlakte: 20 m 2,â‚¬ 590,p/m | incl. g/w/e,Gestoffeerd,15-08-2021,2 weken geleden geplaatst,https://kamernet.nl/huren/kamer-almere/murenepad/kamer-1980416,"{'Woonkamer': ' Geen ', 'Keuken': ' Gedeeld ', 'Badkamer': ' Gedeeld ', 'Toilet': ' Gedeeld ', 'Internet': ' Ja ', 'Energielabel': ' Onbekend ', 'Huisgenoten': '  3 ', 'Geslacht': ' Gemengd ', 'Huisdieren': ' Nee '}",
Parkweg,in Groningen,15 m,,â‚¬ 320,p/m | incl. g/w/e,Gestoffeerd,13-09-2021,1 week geleden geplaatst,https://kamernet.nl/huren/kamer-groningen/parkweg/kamer-1981738,"{'Woonkamer': ' Geen ', 'Keuken': ' Gedeeld ', 'Badkamer': ' Gedeeld ', 'Toilet': ' Gedeeld ', 'Internet': ' Ja ', 'Energielabel': ' Onbekend ', 'Huisgenoten': '  3 ', 'Geslacht': ' Gemengd ', 'Huisdieren': ' Nee '}",
Bagijnhof,in Delft,18 m,Totale oppervlakte: 200 m 2,â‚¬ 390,p/m | incl. g/w/e,Gemeubileerd,19-08-2021,2 weken geleden geplaatst,https://kamernet.nl/huren/kamer-delft/bagijnhof/kamer-1981456,"{'Woonkamer': ' Gedeeld ', 'Keuken': ' Gedeeld ', 'Badkamer': ' Gedeeld ', 'Toilet': ' Gedeeld ', 'Internet': ' Ja ', 'Energielabel': ' Onbekend ', 'Huisgenoten': '  Meer dan 8 ', 'Geslacht': ' Gemengd ', 'Huisdieren': ' Ja '}",
Jack Sharp park,in Vijfhuizen,30 m,,â‚¬ 1100,p/m | incl. g/w/e,Gemeubileerd,12-08-2021,3 weken geleden geplaatst,https://kamernet.nl/huren/kamer-vijfhuizen/jack-sharp-park/kamer-1979888,"{'Woonkamer': ' Onbekend ', 'Keuken': ' Gedeeld ', 'Badkamer': ' Gedeeld ', 'Toilet': ' Gedeeld ', 'Internet': ' Ja ', 'Energielabel': ' Onbekend ', 'Huisgenoten': '  3 ', 'Geslacht': ' Onbekend ', 'Huisdieren': ' Nee '}",
Lange Wal,in Arnhem,8 m,,â‚¬ 350,p/m | incl. g/w/e,Gemeubileerd,01-04-2021,2 weken geleden geplaatst,https://kamernet.nl/huren/kamer-arnhem/lange-wal/kamer-1981351,"{'Woonkamer': ' Gedeeld ', 'Keuken': ' Gedeeld ', 'Badkamer': ' Gedeeld ', 'Toilet': ' Gedeeld ', 'Internet': ' Ja ', 'Energielabel': ' Onbekend ', 'Huisgenoten': '  1 ', 'Geslacht': ' Vrouw ', 'Huisdieren': ' Ja '}",
Sporadenlaan,in Amsterdam,16 m,,â‚¬ 500,p/m | incl. g/w/e,Gemeubileerd,16-08-2021,2 weken geleden geplaatst,https://kamernet.nl/huren/kamer-amsterdam/sporadenlaan/kamer-1980818,"{'Woonkamer': ' Onbekend ', 'Keuken': ' Gedeeld ', 'Badkamer': ' Gedeeld ', 'Toilet': ' Gedeeld ', 'Internet': ' Ja ', 'Energielabel': ' Onbekend ', 'Huisgenoten': '  1 ', 'Geslacht': ' Vrouw ', 'Huisdieren': ' Nee '}",
Carterlaan,in Goes,16 m,,â‚¬ 395,p/m | incl. g/w/e,Gemeubileerd,01-10-2021,1 week geleden geplaatst,https://kamernet.nl/huren/kamer-goes/carterlaan/kamer-1982401,"{'Woonkamer': ' Gedeeld ', 'Keuken': ' Gedeeld ', 'Badkamer': ' Gedeeld ', 'Toilet': ' Gedeeld ', 'Internet': ' Ja ', 'Energielabel': ' Onbekend ', 'Huisgenoten': '  4  ', 'Geslacht': ' Gemengd ', 'Huisdieren': ' Nee '}",
Oldegaarde,in Rotterdam,13 m,Totale oppervlakte: 45 m 2,â‚¬ 550,p/m | excl. g/w/e,Gemeubileerd,15-09-2021 tot 01-08-2022,2 weken geleden geplaatst,https://kamernet.nl/huren/kamer-rotterdam/oldegaarde/kamer-1980050,"{'Woonkamer': ' Gedeeld ', 'Keuken': ' Gedeeld ', 'Badkamer': ' Gedeeld ', 'Toilet': ' Gedeeld ', 'Internet': ' Ja ', 'Energielabel': ' Onbekend ', 'Huisgenoten': '  2 ', 'Geslacht': ' Vrouw ', 'Huisdieren': ' Nee '}",
H.F. van Riellaan,in Utrecht,14 m,,â‚¬ 290,p/m | incl. g/w/e,Gestoffeerd,05-09-2021,2 weken geleden geplaatst,https://kamernet.nl/huren/kamer-utrecht/h.f.-van-riellaan/kamer-1980352,"{'Woonkamer': ' Geen ', 'Keuken': ' Gedeeld ', 'Badkamer': ' Gedeeld ', 'Toilet': ' Gedeeld ', 'Internet': ' Ja ', 'Energielabel': ' Onbekend ', 'Huisgenoten': '  1 ', 'Geslacht': ' Vrouw ', 'Huisdieren': ' Nee '}",
Weimarstraat,in Den Haag,12 m,,â‚¬ 600,p/m | incl. g/w/e,Gemeubileerd,01-09-2021 tot 01-10-2021,2 weken geleden geplaatst,https://kamernet.nl/huren/kamer-den-haag/weimarstraat/kamer-1980191,"{'Woonkamer': ' Geen ', 'Keuken': ' Gedeeld ', 'Badkamer': ' Gedeeld ', 'Toilet': ' Gedeeld ', 'Internet': ' Ja ', 'Energielabel': ' Onbekend ', 'Huisgenoten': '  1 ', 'Geslacht': ' Vrouw ', 'Huisdieren': ' Nee '}",
Smaragdhof,in Utrecht,60 m,Totaal 2 kamers (1 slaapkamer) ,â‚¬ 1250,p/m | excl. g/w/e,Gestoffeerd,03-10-2021,4 weken geleden geplaatst,https://kamernet.nl/huren/appartement-utrecht/smaragdhof/appartement-1977928,"{'Woonkamer': ' Eigen ', 'Keuken': ' Eigen ', 'Badkamer': ' Eigen ', 'Toilet': ' Eigen ', 'Internet': ' Nee ', 'Energielabel': ' Onbekend ', 'Huisdieren': ' Nee '}",
Illegaliteitslaan,in Groningen,8 m,,â‚¬ 300,p/m | incl. g/w/e,Gemeubileerd,10-12-2021 tot 31-03-2022,4 weken geleden geplaatst,https://kamernet.nl/huren/kamer-groningen/illegaliteitslaan/kamer-1976518,"{'Woonkamer': ' Gedeeld ', 'Keuken': ' Gedeeld ', 'Badkamer': ' Gedeeld ', 'Toilet': ' Gedeeld ', 'Internet': ' Ja ', 'Energielabel': ' Onbekend ', 'Huisgenoten': '  3 ', 'Geslacht': ' Gemengd ', 'Huisdieren': ' Nee '}",
Vivaldistraat,in Den Bosch,80 m,Totaal 3 kamers (1 slaapkamer) ,â‚¬ 1140,p/m | excl. g/w/e,Gestoffeerd,01-09-2021,4 weken geleden geplaatst,https://kamernet.nl/huren/appartement-den-bosch/vivaldistraat/appartement-1977625,"{'Woonkamer': ' Eigen ', 'Keuken': ' Eigen ', 'Badkamer': ' Eigen ', 'Toilet': ' Eigen ', 'Internet': ' Ja ', 'Energielabel': ' B ', 'Huisdieren': ' Nee '}",
Visserstraat,in Groningen,50 m,Totaal 2 kamers (1 slaapkamer) ,â‚¬ 1395,p/m | incl. g/w/e,Gemeubileerd,01-09-2021 tot 01-09-2022,2 weken geleden geplaatst,https://kamernet.nl/huren/appartement-groningen/visserstraat/appartement-1981484,"{'Woonkamer': ' Eigen ', 'Keuken': ' Eigen ', 'Badkamer': ' Eigen ', 'Toilet': ' Eigen ', 'Internet': ' Ja ', 'Energielabel': ' Onbekend ', 'Huisdieren': ' Ja '}",
Graslaan,in Arnhem,14 m,,â‚¬ 350,p/m | incl. g/w/e,Gestoffeerd,31-07-2021,4 weken geleden geplaatst,https://kamernet.nl/huren/kamer-arnhem/graslaan/kamer-1977171,"{'Woonkamer': ' Gedeeld ', 'Keuken': ' Gedeeld ', 'Badkamer': ' Gedeeld ', 'Toilet': ' Gedeeld ', 'Internet': ' Ja ', 'Energielabel': ' B ', 'Huisgenoten': '  1 ', 'Geslacht': ' Vrouw ', 'Huisdieren': ' Nee '}",
Kraneweg,in Groningen,12 m,,â‚¬ 350,p/m | incl. g/w/e,Gestoffeerd,29-07-2021,5 weken geleden geplaatst,https://kamernet.nl/huren/kamer-groningen/kraneweg/kamer-1976738,"{'Woonkamer': ' Onbekend ', 'Keuken': ' Onbekend ', 'Badkamer': ' Onbekend ', 'Toilet': ' Onbekend ', 'Internet': ' Onbekend ', 'Energielabel': ' Onbekend ', 'Huisgenoten': '  Geen ', 'Geslacht': ' Onbekend ', 'Huisdieren': ' Nee '}",
Meelbeskamp,in Diemen,17 m,Totale oppervlakte: 120 m 2,â‚¬ 800,p/m | incl. g/w/e,Gemeubileerd,01-08-2021,5 weken geleden geplaatst,https://kamernet.nl/huren/kamer-diemen/meelbeskamp/kamer-1976586,"{'Woonkamer': ' Gedeeld ', 'Keuken': ' Gedeeld ', 'Badkamer': ' Gedeeld ', 'Toilet': ' Gedeeld ', 'Internet': ' Ja ', 'Energielabel': ' Onbekend ', 'Huisgenoten': '  3 ', 'Geslacht': ' Gemengd ', 'Huisdieren': ' Nee '}",
Gerrit Rietveldsingel,in Diemen,75 m,,â‚¬ 900,p/m | incl. g/w/e,Gemeubileerd,01-09-2021,5 weken geleden geplaatst,https://kamernet.nl/huren/appartement-diemen/gerrit-rietveldsingel/appartement-1976531,"{'Woonkamer': ' Gedeeld ', 'Keuken': ' Gedeeld ', 'Badkamer': ' Gedeeld ', 'Toilet': ' Gedeeld ', 'Internet': ' Ja ', 'Energielabel': ' A ', 'Huisdieren': ' Ja '}",
Van Vollenhovenstraat,in Rotterdam,62 m,,â‚¬ 1245,p/m | excl. g/w/e,Gemeubileerd,28-09-2021,5 weken geleden geplaatst,https://kamernet.nl/huren/appartement-rotterdam/van-vollenhovenstraat/appartement-1976598,"{'Woonkamer': ' Eigen ', 'Keuken': ' Eigen ', 'Badkamer': ' Eigen ', 'Toilet': ' Eigen ', 'Internet': ' Ja ', 'Energielabel': ' Onbekend ', 'Huisdieren': ' Nee '}",
Markt,in Reusel,20 m,,â‚¬ 250,p/m | incl. g/w/e,Kaal,02-08-2021,4 weken geleden geplaatst,https://kamernet.nl/huren/kamer-reusel/markt/kamer-1977619,"{'Woonkamer': ' Gedeeld ', 'Keuken': ' Gedeeld ', 'Badkamer': ' Gedeeld ', 'Toilet': ' Gedeeld ', 'Internet': ' Onbekend ', 'Energielabel': ' Onbekend ', 'Huisgenoten': '  5 ', 'Geslacht': ' Gemengd ', 'Huisdieren': ' Nee '}",
Bernadottelaan,in Utrecht,14 m,Totale oppervlakte: 108 m 2,â‚¬ 550,p/m | incl. g/w/e,Gemeubileerd,01-09-2021 tot 31-08-2022,4 weken geleden geplaatst,https://kamernet.nl/huren/kamer-utrecht/bernadottelaan/kamer-1977466,"{'Woonkamer': ' Gedeeld ', 'Keuken': ' Gedeeld ', 'Badkamer': ' Gedeeld ', 'Toilet': ' Gedeeld ', 'Internet': ' Ja ', 'Energielabel': ' A ', 'Huisgenoten': '  4  ', 'Geslacht': ' Gemengd ', 'Huisdieren': ' Nee '}",
Praamweg,in Stadskanaal,142 m,Totaal 1 kamer (4 slaapkamers) ,â‚¬ 1100,p/m | excl. g/w/e,Gemeubileerd,01-08-2021 tot 01-07-2022,4 weken geleden geplaatst,https://kamernet.nl/huren/appartement-stadskanaal/praamweg/appartement-1977451,"{'Woonkamer': ' Eigen ', 'Keuken': ' Eigen ', 'Badkamer': ' Eigen ', 'Toilet': ' Eigen ', 'Internet': ' Ja ', 'Energielabel': ' B ', 'Huisdieren': ' In overleg '}",
Haagdijk,in Breda,14 m,,â‚¬ 520,p/m | incl. g/w/e,Gestoffeerd,01-08-2021,4 weken geleden geplaatst,https://kamernet.nl/huren/kamer-breda/haagdijk/kamer-1977350,"{'Woonkamer': ' Geen ', 'Keuken': ' Gedeeld ', 'Badkamer': ' Gedeeld ', 'Toilet': ' Gedeeld ', 'Internet': ' Ja ', 'Energielabel': ' Onbekend ', 'Huisgenoten': '  2 ', 'Geslacht': ' Vrouw ', 'Huisdieren': ' Nee '}",
Catharina van Aragonlaan,in Hoofddorp,18 m,Totale oppervlakte: 100 m 2,â‚¬ 980,p/m | incl. g/w/e,Gemeubileerd,01-09-2021,4 weken geleden geplaatst,https://kamernet.nl/huren/kamer-hoofddorp/catharina-van-aragonlaan/kamer-1977388,"{'Woonkamer': ' Gedeeld ', 'Keuken': ' Gedeeld ', 'Badkamer': ' Eigen ', 'Toilet': ' Eigen ', 'Internet': ' Ja ', 'Energielabel': ' A ', 'Huisgenoten': '  1 ', 'Geslacht': ' Vrouw ', 'Huisdieren': ' Nee '}",
Laan der V.O.C.,in Almere,15 m,Totale oppervlakte: 35 m 2,â‚¬ 486,p/m | incl. g/w/e,Gestoffeerd,27-07-2021,5 weken geleden geplaatst,https://kamernet.nl/huren/kamer-almere/laan-der-v.o.c./kamer-1976302,"{'Woonkamer': ' Geen ', 'Keuken': ' Gedeeld ', 'Badkamer': ' Gedeeld ', 'Toilet': ' Gedeeld ', 'Internet': ' Ja ', 'Energielabel': ' A ', 'Huisgenoten': '  4  ', 'Geslacht': ' Gemengd ', 'Huisdieren': ' Nee '}",
Laan der V.O.C.,in Almere,15 m,Totale oppervlakte: 35 m 2,â‚¬ 486,p/m | incl. g/w/e,Gestoffeerd,31-07-2021,5 weken geleden geplaatst,https://kamernet.nl/huren/kamer-almere/laan-der-v.o.c./kamer-1976303,"{'Woonkamer': ' Geen ', 'Keuken': ' Gedeeld ', 'Badkamer': ' Gedeeld ', 'Toilet': ' Gedeeld ', 'Internet': ' Ja ', 'Energielabel': ' A ', 'Huisgenoten': '  4  ', 'Geslacht': ' Gemengd ', 'Huisdieren': ' Nee '}",
Emmastraat,in Breda,25 m,Totale oppervlakte: 140 m 2,â‚¬ 620,p/m | incl. g/w/e,Gestoffeerd,01-09-2021,5 weken geleden geplaatst,https://kamernet.nl/huren/kamer-breda/emmastraat/kamer-1976557,"{'Woonkamer': ' Gedeeld ', 'Keuken': ' Gedeeld ', 'Badkamer': ' Gedeeld ', 'Toilet': ' Gedeeld ', 'Internet': ' Ja ', 'Energielabel': ' Onbekend ', 'Huisgenoten': '  3 ', 'Geslacht': ' Vrouw ', 'Huisdieren': ' Nee '}",
Morsweg,in Leiden,12 m,,â‚¬ 280,p/m | incl. g/w/e,Kaal,01-09-2021,5 weken geleden geplaatst,https://kamernet.nl/huren/kamer-leiden/morsweg/kamer-1976353,"{'Woonkamer': ' Gedeeld ', 'Keuken': ' Gedeeld ', 'Badkamer': ' Gedeeld ', 'Toilet': ' Gedeeld ', 'Internet': ' Ja ', 'Energielabel': ' Onbekend ', 'Huisgenoten': '  8  ', 'Geslacht': ' Gemengd ', 'Huisdieren': ' Nee '}",
Kanaalstraat,in Enschede,12 m,,â‚¬ 300,p/m | incl. g/w/e,Gestoffeerd,02-08-2021,5 weken geleden geplaatst,https://kamernet.nl/huren/kamer-enschede/kanaalstraat/kamer-1976364,"{'Woonkamer': ' Gedeeld ', 'Keuken': ' Gedeeld ', 'Badkamer': ' Gedeeld ', 'Toilet': ' Gedeeld ', 'Internet': ' Ja ', 'Energielabel': ' Onbekend ', 'Huisgenoten': '  6 ', 'Geslacht': ' Vrouw ', 'Huisdieren': ' Nee '}",
Dankmeijerpad,in Leiden,14 m,,â‚¬ 360,p/m | incl. g/w/e,Gestoffeerd,01-09-2021,5 weken geleden geplaatst,https://kamernet.nl/huren/kamer-leiden/dankmeijerpad/kamer-1962309,"{'Woonkamer': ' Gedeeld ', 'Keuken': ' Gedeeld ', 'Badkamer': ' Eigen ', 'Toilet': ' Eigen ', 'Internet': ' Ja ', 'Energielabel': ' Onbekend ', 'Huisgenoten': '  4  ', 'Geslacht': ' Man ', 'Huisdieren': ' Nee '}",
Campuslaan,in Enschede,14 m,,â‚¬ 292,p/m | incl. g/w/e,Kaal,09-09-2021,4 weken geleden geplaatst,https://kamernet.nl/huren/kamer-enschede/campuslaan/kamer-1977175,"{'Woonkamer': ' Gedeeld ', 'Keuken': ' Gedeeld ', 'Badkamer': ' Gedeeld ', 'Toilet': ' Gedeeld ', 'Internet': ' Ja ', 'Energielabel': ' Onbekend ', 'Huisgenoten': '  Meer dan 8 ', 'Geslacht': ' Gemengd ', 'Huisdieren': ' Nee '}",
Veemarktstraat,in Groningen,10 m,,â‚¬ 290,p/m | incl. g/w/e,Gestoffeerd,01-09-2021,5 weken geleden geplaatst,https://kamernet.nl/huren/kamer-groningen/veemarktstraat/kamer-1976468,"{'Woonkamer': ' Gedeeld ', 'Keuken': ' Gedeeld ', 'Badkamer': ' Gedeeld ', 'Toilet': ' Gedeeld ', 'Internet': ' Ja ', 'Energielabel': ' Onbekend ', 'Huisgenoten': '  Onbekend  ', 'Geslacht': ' Onbekend ', 'Huisdieren': ' Nee '}",
Korte Poten,in Den Haag,16 m,,â‚¬ 575,p/m | excl. g/w/e,Gestoffeerd,01-09-2021,5 weken geleden geplaatst,https://kamernet.nl/huren/appartement-den-haag/korte-poten/appartement-1976485,"{'Woonkamer': ' Gedeeld ', 'Keuken': ' Gedeeld ', 'Badkamer': ' Gedeeld ', 'Toilet': ' Gedeeld ', 'Internet': ' Ja ', 'Energielabel': ' Onbekend ', 'Huisdieren': ' Nee '}",
Lambertusstraat,in Rotterdam,8 m,Totale oppervlakte: 140 m 2,â‚¬ 370,p/m | incl. g/w/e,Kaal,01-08-2021,5 weken geleden geplaatst,https://kamernet.nl/huren/kamer-rotterdam/lambertusstraat/kamer-1976491,"{'Woonkamer': ' Gedeeld ', 'Keuken': ' Gedeeld ', 'Badkamer': ' Gedeeld ', 'Toilet': ' Gedeeld ', 'Internet': ' Ja ', 'Energielabel': ' Onbekend ', 'Huisgenoten': '  Onbekend  ', 'Geslacht': ' Onbekend ', 'Huisdieren': ' In overleg '}",
Oostzeedijk,in Rotterdam,18 m,,â‚¬ 540,p/m | incl. g/w/e,Gestoffeerd,01-08-2021,5 weken geleden geplaatst,https://kamernet.nl/huren/kamer-rotterdam/oostzeedijk/kamer-1976523,"{'Woonkamer': ' Gedeeld ', 'Keuken': ' Gedeeld ', 'Badkamer': ' Gedeeld ', 'Toilet': ' Gedeeld ', 'Internet': ' Ja ', 'Energielabel': ' Onbekend ', 'Huisgenoten': '  3 ', 'Geslacht': ' Man ', 'Huisdieren': ' Nee '}",
Zwanebloemweg,in Kudelstaart,26 m,,â‚¬ 395,p/m | incl. g/w/e,Gestoffeerd,15-08-2021 tot 16-08-2022,5 weken geleden geplaatst,https://kamernet.nl/huren/kamer-kudelstaart/zwanebloemweg/kamer-1976534,"{'Woonkamer': ' Gedeeld ', 'Keuken': ' Gedeeld ', 'Badkamer': ' Gedeeld ', 'Toilet': ' Gedeeld ', 'Internet': ' Ja ', 'Energielabel': ' Onbekend ', 'Huisgenoten': '  3 ', 'Geslacht': ' Vrouw ', 'Huisdieren': ' Nee '}",
Rijn en Schiekade,in Leiden,13 m,,â‚¬ 300,p/m | incl. g/w/e,Kaal,05-08-2021,5 weken geleden geplaatst,https://kamernet.nl/huren/kamer-leiden/rijn-en-schiekade/kamer-1976530,"{'Woonkamer': ' Gedeeld ', 'Keuken': ' Gedeeld ', 'Badkamer': ' Gedeeld ', 'Toilet': ' Gedeeld ', 'Internet': ' Ja ', 'Energielabel': ' Onbekend ', 'Huisgenoten': '  Meer dan 8 ', 'Geslacht': ' Gemengd ', 'Huisdieren': ' Nee '}",
Rederijkerstraat,in Den Haag,12 m,,â‚¬ 385,p/m | excl. g/w/e,Gestoffeerd,26-07-2021 tot 01-10-2024,5 weken geleden geplaatst,https://kamernet.nl/huren/kamer-den-haag/rederijkerstraat/kamer-1976060,"{'Woonkamer': ' Geen ', 'Keuken': ' Gedeeld ', 'Badkamer': ' Gedeeld ', 'Toilet': ' Gedeeld ', 'Internet': ' Ja ', 'Energielabel': ' Onbekend ', 'Huisgenoten': '  7 ', 'Geslacht': ' Gemengd ', 'Huisdieren': ' Nee '}",
Lambertus Zijlplein,in Amsterdam,15 m,,â‚¬ 775,p/m | incl. g/w/e,Gemeubileerd,29-07-2021,4 weken geleden geplaatst,https://kamernet.nl/huren/appartement-amsterdam/lambertus-zijlplein/appartement-1976826,"{'Woonkamer': ' Gedeeld ', 'Keuken': ' Gedeeld ', 'Badkamer': ' Gedeeld ', 'Toilet': ' Gedeeld ', 'Internet': ' Ja ', 'Energielabel': ' Onbekend ', 'Huisdieren': ' Nee '}",
Graaf Florisstraat,in Amsterdam,20 m,Totale oppervlakte: 20 m 2,â‚¬ 800,p/m | incl. g/w/e,Gestoffeerd,01-08-2021 tot 01-08-2023,4 weken geleden geplaatst,https://kamernet.nl/huren/kamer-amsterdam/graaf-florisstraat/kamer-1976927,"{'Woonkamer': ' Eigen ', 'Keuken': ' Eigen ', 'Badkamer': ' Gedeeld ', 'Toilet': ' Gedeeld ', 'Internet': ' Ja ', 'Energielabel': ' E ', 'Huisgenoten': '  Onbekend  ', 'Geslacht': ' Onbekend ', 'Huisdieren': ' Nee '}",
Westlandgracht,in Amsterdam,60 m,Totale oppervlakte: 60 m 2,â‚¬ 800,p/m | excl. g/w/e,Kaal,01-09-2021,4 weken geleden geplaatst,https://kamernet.nl/huren/kamer-amsterdam/westlandgracht/kamer-1977009,"{'Woonkamer': ' Gedeeld ', 'Keuken': ' Gedeeld ', 'Badkamer': ' Gedeeld ', 'Toilet': ' Gedeeld ', 'Internet': ' Ja ', 'Energielabel': ' Onbekend ', 'Huisgenoten': '  1 ', 'Geslacht': ' Vrouw ', 'Huisdieren': ' Nee '}",
Motorkade,in Amsterdam,23 m,Totale oppervlakte: 70 m 2,â‚¬ 1300,p/m | incl. g/w/e,Gemeubileerd,30-07-2021,4 weken geleden geplaatst,https://kamernet.nl/huren/kamer-amsterdam/motorkade/kamer-1976984,"{'Woonkamer': ' Gedeeld ', 'Keuken': ' Geen ', 'Badkamer': ' Eigen ', 'Toilet': ' Eigen ', 'Internet': ' Ja ', 'Energielabel': ' A ', 'Huisgenoten': '  Meer dan 8 ', 'Geslacht': ' Gemengd ', 'Huisdieren': ' Nee '}",
Vechtstraat,in Amsterdam,9 m,Totale oppervlakte: 79 m 2,â‚¬ 800,p/m | excl. g/w/e,Gemeubileerd,01-08-2021,4 weken geleden geplaatst,https://kamernet.nl/huren/kamer-amsterdam/vechtstraat/kamer-1976910,"{'Woonkamer': ' Gedeeld ', 'Keuken': ' Gedeeld ', 'Badkamer': ' Gedeeld ', 'Toilet': ' Gedeeld ', 'Internet': ' Ja ', 'Energielabel': ' Onbekend ', 'Huisgenoten': '  1 ', 'Geslacht': ' Man ', 'Huisdieren': ' Nee '}",
Veerstraat,in Waardenburg,14 m,,â‚¬ 575,p/m | incl. g/w/e,Gemeubileerd,31-07-2021,4 weken geleden geplaatst,https://kamernet.nl/huren/kamer-waardenburg/veerstraat/kamer-1918081,"{'Woonkamer': ' Eigen ', 'Keuken': ' Eigen ', 'Badkamer': ' Eigen ', 'Toilet': ' Eigen ', 'Internet': ' Ja ', 'Energielabel': ' Onbekend ', 'Huisgenoten': '  Onbekend  ', 'Geslacht': ' Onbekend ', 'Huisdieren': ' Nee '}",
Dam,in Amsterdam,35 m,Totaal 1 kamer (1 slaapkamer) ,â‚¬ 1800,p/m | incl. g/w/e,Gemeubileerd,30-07-2021 tot 30-09-2021,4 weken geleden geplaatst,https://kamernet.nl/huren/appartement-amsterdam/dam/appartement-1976971,"{'Woonkamer': ' Eigen ', 'Keuken': ' Eigen ', 'Badkamer': ' Eigen ', 'Toilet': ' Eigen ', 'Internet': ' Nee ', 'Energielabel': ' Onbekend ', 'Huisdieren': ' In overleg '}",
Speenkruid,in Beilen,12 m,,â‚¬ 550,p/m | incl. g/w/e,Gemeubileerd,05-02-2022 tot 08-07-2022,4 weken geleden geplaatst,https://kamernet.nl/huren/kamer-beilen/speenkruid/kamer-1977039,"{'Woonkamer': ' Eigen ', 'Keuken': ' Gedeeld ', 'Badkamer': ' Gedeeld ', 'Toilet': ' Gedeeld ', 'Internet': ' Ja ', 'Energielabel': ' C ', 'Huisgenoten': '  3 ', 'Geslacht': ' Gemengd ', 'Huisdieren': ' Nee '}",
Cornelis Trompstraat,in Delft,9 m,Totale oppervlakte: 37 m 2,â‚¬ 379,p/m | incl. g/w/e,Kaal,30-07-2021,4 weken geleden geplaatst,https://kamernet.nl/huren/kamer-delft/cornelis-trompstraat/kamer-1977048,"{'Woonkamer': ' Gedeeld ', 'Keuken': ' Gedeeld ', 'Badkamer': ' Gedeeld ', 'Toilet': ' Gedeeld ', 'Internet': ' Ja ', 'Energielabel': ' Onbekend ', 'Huisgenoten': '  3 ', 'Geslacht': ' Man ', 'Huisdieren': ' Nee '}",
Mgr. van de Weteringstraat,in Utrecht,35 m,Totale oppervlakte: 30 m 2,â‚¬ 640,p/m | incl. g/w/e,Gemeubileerd,01-09-2021 tot 31-12-2021,4 weken geleden geplaatst,https://kamernet.nl/huren/kamer-utrecht/mgr.-van-de-weteringstraat/kamer-1977082,"{'Woonkamer': ' Onbekend ', 'Keuken': ' Onbekend ', 'Badkamer': ' Gedeeld ', 'Toilet': ' Gedeeld ', 'Internet': ' Ja ', 'Energielabel': ' Onbekend ', 'Huisgenoten': '  5 ', 'Geslacht': ' Vrouw ', 'Huisdieren': ' Nee '}",
Annastraat,in Enschede,20 m,,â‚¬ 307,p/m | incl. g/w/e,Gestoffeerd,01-09-2021,4 weken geleden geplaatst,https://kamernet.nl/huren/kamer-enschede/annastraat/kamer-1977047,"{'Woonkamer': ' Gedeeld ', 'Keuken': ' Gedeeld ', 'Badkamer': ' Gedeeld ', 'Toilet': ' Gedeeld ', 'Internet': ' Onbekend ', 'Energielabel': ' Onbekend ', 'Huisgenoten': '  4  ', 'Geslacht': ' Gemengd ', 'Huisdieren': ' In overleg '}",
Carnisselaan,in Rotterdam,15 m,Totale oppervlakte: 18 m 2,â‚¬ 375,p/m | incl. g/w/e,Gemeubileerd,01-09-2021,4 weken geleden geplaatst,https://kamernet.nl/huren/kamer-rotterdam/carnisselaan/kamer-1977046,"{'Woonkamer': ' Geen ', 'Keuken': ' Gedeeld ', 'Badkamer': ' Gedeeld ', 'Toilet': ' Gedeeld ', 'Internet': ' Ja ', 'Energielabel': ' Onbekend ', 'Huisgenoten': '  1 ', 'Geslacht': ' Vrouw ', 'Huisdieren': ' Ja '}",
Leliestraat,in St. Willebrord,32 m,,â‚¬ 575,p/m | excl. g/w/e,Gestoffeerd,01-08-2021,4 weken geleden geplaatst,https://kamernet.nl/huren/studio-st.-willebrord/leliestraat/studio-1977091,"{'Woonkamer': ' Eigen ', 'Keuken': ' Eigen ', 'Badkamer': ' Eigen ', 'Toilet': ' Eigen ', 'Internet': ' Ja ', 'Energielabel': ' Onbekend ', 'Huisdieren': ' Nee '}",
St Servaasweg,in Eindhoven,12 m,Totale oppervlakte: 6 m 2,â‚¬ 350,p/m | incl. g/w/e,Kaal,01-08-2021,4 weken geleden geplaatst,https://kamernet.nl/huren/kamer-eindhoven/st-servaasweg/kamer-1977108,"{'Woonkamer': ' Geen ', 'Keuken': ' Gedeeld ', 'Badkamer': ' Gedeeld ', 'Toilet': ' Gedeeld ', 'Internet': ' Ja ', 'Energielabel': ' Onbekend ', 'Huisgenoten': '  1 ', 'Geslacht': ' Man ', 'Huisdieren': ' In overleg '}",
Stadsgravenstraat,in Enschede,14 m,,â‚¬ 223,p/m | incl. g/w/e,Gestoffeerd,01-09-2021,2 weken geleden geplaatst,https://kamernet.nl/huren/kamer-enschede/stadsgravenstraat/kamer-1980020,"{'Woonkamer': ' Geen ', 'Keuken': ' Gedeeld ', 'Badkamer': ' Gedeeld ', 'Toilet': ' Gedeeld ', 'Internet': ' Ja ', 'Energielabel': ' Onbekend ', 'Huisgenoten': '  Onbekend  ', 'Geslacht': ' Onbekend ', 'Huisdieren': ' Nee '}",
President Brandstraat,in Amsterdam,8 m,Totale oppervlakte: 58 m 2,â‚¬ 525,p/m | incl. g/w/e,Kaal,15-08-2021 tot 15-08-2023,4 weken geleden geplaatst,https://kamernet.nl/huren/kamer-amsterdam/president-brandstraat/kamer-1975715,"{'Woonkamer': ' Gedeeld ', 'Keuken': ' Gedeeld ', 'Badkamer': ' Gedeeld ', 'Toilet': ' Gedeeld ', 'Internet': ' Ja ', 'Energielabel': ' Onbekend ', 'Huisgenoten': '  2 ', 'Geslacht': ' Vrouw ', 'Huisdieren': ' Nee '}",
Zeelsterstraat,in Eindhoven,24 m,,â‚¬ 325,p/m | incl. g/w/e,Kaal,31-08-2021,4 weken geleden geplaatst,https://kamernet.nl/huren/kamer-eindhoven/zeelsterstraat/kamer-1977154,"{'Woonkamer': ' Gedeeld ', 'Keuken': ' Gedeeld ', 'Badkamer': ' Gedeeld ', 'Toilet': ' Gedeeld ', 'Internet': ' Ja ', 'Energielabel': ' Onbekend ', 'Huisgenoten': '  8  ', 'Geslacht': ' Man ', 'Huisdieren': ' Nee '}",
Vicarie,in Heteren,9 m,Totale oppervlakte: 85 m 2,â‚¬ 400,p/m | excl. g/w/e,Gemeubileerd,04-08-2021,4 weken geleden geplaatst,https://kamernet.nl/huren/kamer-heteren/vicarie/kamer-1977751,"{'Woonkamer': ' Gedeeld ', 'Keuken': ' Gedeeld ', 'Badkamer': ' Gedeeld ', 'Toilet': ' Gedeeld ', 'Internet': ' Ja ', 'Energielabel': ' B ', 'Huisgenoten': '  3 ', 'Geslacht': ' Gemengd ', 'Huisdieren': ' In overleg '}",
Lambertusstraat,in Rotterdam,8 m,Totale oppervlakte: 140 m 2,â‚¬ 370,p/m | incl. g/w/e,Kaal,01-08-2021,5 weken geleden geplaatst,https://kamernet.nl/huren/kamer-rotterdam/lambertusstraat/kamer-1976515,"{'Woonkamer': ' Gedeeld ', 'Keuken': ' Gedeeld ', 'Badkamer': ' Gedeeld ', 'Toilet': ' Gedeeld ', 'Internet': ' Ja ', 'Energielabel': ' Onbekend ', 'Huisgenoten': '  Onbekend  ', 'Geslacht': ' Onbekend ', 'Huisdieren': ' Nee '}",
Ravelijn,in Geertruidenberg,9 m,Totale oppervlakte: 45 m 2,â‚¬ 400,p/m | incl. g/w/e,Gemeubileerd,01-08-2021,5 weken geleden geplaatst,https://kamernet.nl/huren/kamer-geertruidenberg/ravelijn/kamer-1976570,"{'Woonkamer': ' Gedeeld ', 'Keuken': ' Gedeeld ', 'Badkamer': ' Gedeeld ', 'Toilet': ' Gedeeld ', 'Internet': ' Ja ', 'Energielabel': ' Onbekend ', 'Huisgenoten': '  1 ', 'Geslacht': ' Vrouw ', 'Huisdieren': ' Nee '}",
Weegbreestraat,in Nieuw-Vennep,25 m,,â‚¬ 700,p/m | incl. g/w/e,Gemeubileerd,01-08-2021,4 weken geleden geplaatst,https://kamernet.nl/huren/kamer-nieuw-vennep/weegbreestraat/kamer-1977392,"{'Woonkamer': ' Gedeeld ', 'Keuken': ' Gedeeld ', 'Badkamer': ' Gedeeld ', 'Toilet': ' Gedeeld ', 'Internet': ' Ja ', 'Energielabel': ' Onbekend ', 'Huisgenoten': '  Onbekend  ', 'Geslacht': ' Onbekend ', 'Huisdieren': ' Nee '}",
Prof. Evertslaan,in Delft,13 m,Totale oppervlakte: 138 m 2,â‚¬ 310,p/m | incl. g/w/e,Kaal,30-08-2021,4 weken geleden geplaatst,https://kamernet.nl/huren/kamer-delft/prof.-evertslaan/kamer-1977412,"{'Woonkamer': ' Gedeeld ', 'Keuken': ' Gedeeld ', 'Badkamer': ' Gedeeld ', 'Toilet': ' Gedeeld ', 'Internet': ' Ja ', 'Energielabel': ' Onbekend ', 'Huisgenoten': '  Meer dan 8 ', 'Geslacht': ' Gemengd ', 'Huisdieren': ' Nee '}",
Zwanebloemweg,in Kudelstaart,20 m,,â‚¬ 405,p/m | excl. g/w/e,Gestoffeerd,15-08-2021 tot 29-08-2022,5 weken geleden geplaatst,https://kamernet.nl/huren/kamer-kudelstaart/zwanebloemweg/kamer-1976533,"{'Woonkamer': ' Gedeeld ', 'Keuken': ' Gedeeld ', 'Badkamer': ' Gedeeld ', 'Toilet': ' Gedeeld ', 'Internet': ' Ja ', 'Energielabel': ' Onbekend ', 'Huisgenoten': '  3 ', 'Geslacht': ' Vrouw ', 'Huisdieren': ' Nee '}",
Antwerpenhaven,in Purmerend,12 m,Totale oppervlakte: 50 m 2,â‚¬ 500,p/m | incl. g/w/e,Gemeubileerd,02-08-2021,4 weken geleden geplaatst,https://kamernet.nl/huren/kamer-purmerend/antwerpenhaven/kamer-1977527,"{'Woonkamer': ' Gedeeld ', 'Keuken': ' Gedeeld ', 'Badkamer': ' Gedeeld ', 'Toilet': ' Gedeeld ', 'Internet': ' Ja ', 'Energielabel': ' A ', 'Huisgenoten': '  2 ', 'Geslacht': ' Gemengd ', 'Huisdieren': ' Nee '}",
Hoogstraat,in Eindhoven,22 m,,â‚¬ 485,p/m | incl. g/w/e,Gestoffeerd,02-08-2021,4 weken geleden geplaatst,https://kamernet.nl/huren/kamer-eindhoven/hoogstraat/kamer-1977546,"{'Woonkamer': ' Eigen ', 'Keuken': ' Gedeeld ', 'Badkamer': ' Gedeeld ', 'Toilet': ' Gedeeld ', 'Internet': ' Ja ', 'Energielabel': ' Onbekend ', 'Huisgenoten': '  Meer dan 8 ', 'Geslacht': ' Gemengd ', 'Huisdieren': ' Nee '}",
Laan der V.O.C.,in Almere,17 m,Totale oppervlakte: 35 m 2,â‚¬ 535,p/m | incl. g/w/e,Gestoffeerd,31-07-2021,5 weken geleden geplaatst,https://kamernet.nl/huren/kamer-almere/laan-der-v.o.c./kamer-1976301,"{'Woonkamer': ' Geen ', 'Keuken': ' Gedeeld ', 'Badkamer': ' Gedeeld ', 'Toilet': ' Gedeeld ', 'Internet': ' Ja ', 'Energielabel': ' A ', 'Huisgenoten': '  4  ', 'Geslacht': ' Gemengd ', 'Huisdieren': ' Nee '}",
Groesbeeksedwarsweg,in Nijmegen,108 m,Totaal 2 kamers (2 slaapkamers) ,â‚¬ 1250,p/m | incl. g/w/e,Gemeubileerd,01-11-2021 tot 13-04-2022,4 weken geleden geplaatst,https://kamernet.nl/huren/appartement-nijmegen/groesbeeksedwarsweg/appartement-1977474,"{'Woonkamer': ' Eigen ', 'Keuken': ' Eigen ', 'Badkamer': ' Eigen ', 'Toilet': ' Eigen ', 'Internet': ' Ja ', 'Energielabel': ' G ', 'Huisdieren': ' Nee '}",
Wagnerplein,in Leiden,12 m,,â‚¬ 600,p/m | incl. g/w/e,Gemeubileerd,02-08-2021,4 weken geleden geplaatst,https://kamernet.nl/huren/kamer-leiden/wagnerplein/kamer-1977519,"{'Woonkamer': ' Gedeeld ', 'Keuken': ' Gedeeld ', 'Badkamer': ' Gedeeld ', 'Toilet': ' Gedeeld ', 'Internet': ' Ja ', 'Energielabel': ' Onbekend ', 'Huisgenoten': '  3 ', 'Geslacht': ' Gemengd ', 'Huisdieren': ' Nee '}",
Cornelis Kraanstraat,in Rotterdam,10 m,,â‚¬ 400,p/m | incl. g/w/e,Gestoffeerd,29-08-2021,4 weken geleden geplaatst,https://kamernet.nl/huren/kamer-rotterdam/cornelis-kraanstraat/kamer-1977180,"{'Woonkamer': ' Gedeeld ', 'Keuken': ' Gedeeld ', 'Badkamer': ' Gedeeld ', 'Toilet': ' Gedeeld ', 'Internet': ' Ja ', 'Energielabel': ' Onbekend ', 'Huisgenoten': '  2 ', 'Geslacht': ' Vrouw ', 'Huisdieren': ' Nee '}",
De Heze,in Apeldoorn,10 m,Totale oppervlakte: 183 m 2,â‚¬ 800,p/m | incl. g/w/e,Gestoffeerd,01-01-2022 tot 31-12-2022,4 weken geleden geplaatst,https://kamernet.nl/huren/kamer-apeldoorn/de-heze/kamer-1977538,"{'Woonkamer': ' Geen ', 'Keuken': ' Gedeeld ', 'Badkamer': ' Gedeeld ', 'Toilet': ' Gedeeld ', 'Internet': ' Ja ', 'Energielabel': ' D ', 'Huisgenoten': '  Onbekend  ', 'Geslacht': ' Onbekend ', 'Huisdieren': ' In overleg '}",
Poststraat,in Wageningen,16 m,,â‚¬ 370,p/m | incl. g/w/e,Gestoffeerd,02-08-2021,4 weken geleden geplaatst,https://kamernet.nl/huren/kamer-wageningen/poststraat/kamer-1977560,"{'Woonkamer': ' Gedeeld ', 'Keuken': ' Gedeeld ', 'Badkamer': ' Gedeeld ', 'Toilet': ' Gedeeld ', 'Internet': ' Onbekend ', 'Energielabel': ' Onbekend ', 'Huisgenoten': '  8  ', 'Geslacht': ' Gemengd ', 'Huisdieren': ' In overleg '}",
Grubbehoeve,in Amsterdam,12 m,,â‚¬ 640,p/m | incl. g/w/e,Gestoffeerd,01-08-2021,5 weken geleden geplaatst,https://kamernet.nl/huren/kamer-amsterdam/grubbehoeve/kamer-1976470,"{'Woonkamer': ' Gedeeld ', 'Keuken': ' Gedeeld ', 'Badkamer': ' Gedeeld ', 'Toilet': ' Gedeeld ', 'Internet': ' Ja ', 'Energielabel': ' Onbekend ', 'Huisgenoten': '  3 ', 'Geslacht': ' Man ', 'Huisdieren': ' Nee '}",
Haarlemmerstraat,in Amsterdam,45 m,Totaal 2 kamers (1 slaapkamer) ,â‚¬ 1200,p/m | excl. g/w/e,Gestoffeerd,02-08-2021,4 weken geleden geplaatst,https://kamernet.nl/huren/appartement-amsterdam/haarlemmerstraat/appartement-1977563,"{'Woonkamer': ' Eigen ', 'Keuken': ' Eigen ', 'Badkamer': ' Eigen ', 'Toilet': ' Eigen ', 'Internet': ' Nee ', 'Energielabel': ' Onbekend ', 'Huisdieren': ' Nee '}",
Dordtselaan,in Rotterdam,35 m,,â‚¬ 500,p/m | incl. g/w/e,Gemeubileerd,02-08-2021,4 weken geleden geplaatst,https://kamernet.nl/huren/kamer-rotterdam/dordtselaan/kamer-1977592,"{'Woonkamer': ' Geen ', 'Keuken': ' Gedeeld ', 'Badkamer': ' Gedeeld ', 'Toilet': ' Gedeeld ', 'Internet': ' Ja ', 'Energielabel': ' Onbekend ', 'Huisgenoten': '  2 ', 'Geslacht': ' Onbekend ', 'Huisdieren': ' Nee '}",
Mauritsweg,in Dordrecht,25 m,,â‚¬ 460,p/m | incl. g/w/e,Kaal,12-08-2021 tot 31-12-2022,3 weken geleden geplaatst,https://kamernet.nl/huren/studio-dordrecht/mauritsweg/studio-1979891,"{'Woonkamer': ' Eigen ', 'Keuken': ' Eigen ', 'Badkamer': ' Eigen ', 'Toilet': ' Eigen ', 'Internet': ' Ja ', 'Energielabel': ' C ', 'Huisdieren': ' Nee '}",
Admiraal De Ruijterweg,in Amsterdam,10 m,Totale oppervlakte: 60 m 2,â‚¬ 750,p/m | incl. g/w/e,Gestoffeerd,01-09-2021,5 weken geleden geplaatst,https://kamernet.nl/huren/kamer-amsterdam/admiraal-de-ruijterweg/kamer-1976593,"{'Woonkamer': ' Gedeeld ', 'Keuken': ' Gedeeld ', 'Badkamer': ' Gedeeld ', 'Toilet': ' Gedeeld ', 'Internet': ' Ja ', 'Energielabel': ' Onbekend ', 'Huisgenoten': '  1 ', 'Geslacht': ' Vrouw ', 'Huisdieren': ' Nee '}",
Rijksstraatweg,in Haarlem,45 m,Totaal 4 kamers (2 slaapkamers) ,â‚¬ 1390,p/m | incl. g/w/e,Gemeubileerd,01-08-2021,5 weken geleden geplaatst,https://kamernet.nl/huren/appartement-haarlem/rijksstraatweg/appartement-1976617,"{'Woonkamer': ' Eigen ', 'Keuken': ' Eigen ', 'Badkamer': ' Eigen ', 'Toilet': ' Eigen ', 'Internet': ' Ja ', 'Energielabel': ' Onbekend ', 'Huisdieren': ' Nee '}",
Sleggeplantsoen,in Arnhem,9 m,,â‚¬ 225,p/m | incl. g/w/e,Gemeubileerd,01-09-2021,4 weken geleden geplaatst,https://kamernet.nl/huren/kamer-arnhem/sleggeplantsoen/kamer-1977504,"{'Woonkamer': ' Geen ', 'Keuken': ' Geen ', 'Badkamer': ' Gedeeld ', 'Toilet': ' Gedeeld ', 'Internet': ' Ja ', 'Energielabel': ' B ', 'Huisgenoten': '  3 ', 'Geslacht': ' Gemengd ', 'Huisdieren': ' Nee '}",
Berkelsingel,in Zutphen,23 m,Totaal 1 kamer (1 slaapkamer) ,â‚¬ 535,p/m | excl. g/w/e,Kaal,02-08-2021,5 weken geleden geplaatst,https://kamernet.nl/huren/studio-zutphen/berkelsingel/studio-1976633,"{'Woonkamer': ' Eigen ', 'Keuken': ' Eigen ', 'Badkamer': ' Eigen ', 'Toilet': ' Eigen ', 'Internet': ' Onbekend ', 'Energielabel': ' Onbekend ', 'Huisdieren': ' In overleg '}",
Vleutenseweg,in Utrecht,25 m,,â‚¬ 1250,p/m | incl. g/w/e,Gemeubileerd,01-09-2021,5 weken geleden geplaatst,https://kamernet.nl/huren/studio-utrecht/vleutenseweg/studio-1976665,"{'Woonkamer': ' Onbekend ', 'Keuken': ' Gedeeld ', 'Badkamer': ' Gedeeld ', 'Toilet': ' Gedeeld ', 'Internet': ' Ja ', 'Energielabel': ' Onbekend ', 'Huisdieren': ' Nee '}",
Teakhout,in Zaandam,9 m,Totale oppervlakte: 88 m 2,â‚¬ 600,p/m | incl. g/w/e,Gestoffeerd,01-09-2021,5 weken geleden geplaatst,https://kamernet.nl/huren/kamer-zaandam/teakhout/kamer-1976630,"{'Woonkamer': ' Gedeeld ', 'Keuken': ' Gedeeld ', 'Badkamer': ' Gedeeld ', 'Toilet': ' Gedeeld ', 'Internet': ' Ja ', 'Energielabel': ' Onbekend ', 'Huisgenoten': '  1 ', 'Geslacht': ' Vrouw ', 'Huisdieren': ' In overleg '}",
Scherpenzeelstraat,in Amsterdam,75 m,Totaal 3 kamers (2 slaapkamers) ,â‚¬ 1575,p/m | excl. g/w/e,Gemeubileerd,16-08-2021 tot 01-09-2022,5 weken geleden geplaatst,https://kamernet.nl/huren/appartement-amsterdam/scherpenzeelstraat/appartement-1976637,"{'Woonkamer': ' Eigen ', 'Keuken': ' Eigen ', 'Badkamer': ' Eigen ', 'Toilet': ' Eigen ', 'Internet': ' Ja ', 'Energielabel': ' C ', 'Huisdieren': ' Nee '}",
Molenstraat,in Wageningen,24 m,,â‚¬ 320,p/m | incl. g/w/e,Gestoffeerd,01-08-2021,5 weken geleden geplaatst,https://kamernet.nl/huren/kamer-wageningen/molenstraat/kamer-1976711,"{'Woonkamer': ' Gedeeld ', 'Keuken': ' Gedeeld ', 'Badkamer': ' Gedeeld ', 'Toilet': ' Gedeeld ', 'Internet': ' Ja ', 'Energielabel': ' Onbekend ', 'Huisgenoten': '  Meer dan 8 ', 'Geslacht': ' Gemengd ', 'Huisdieren': ' Nee '}",
Winterjanstraat,in Eindhoven,54 m,Totaal 1 kamer (1 slaapkamer) ,â‚¬ 650,p/m | incl. g/w/e,Gestoffeerd,02-08-2021,5 weken geleden geplaatst,https://kamernet.nl/huren/studio-eindhoven/winterjanstraat/studio-1973978,"{'Woonkamer': ' Eigen ', 'Keuken': ' Eigen ', 'Badkamer': ' Eigen ', 'Toilet': ' Eigen ', 'Internet': ' Ja ', 'Energielabel': ' Onbekend ', 'Huisdieren': ' Nee '}",
Noorderhagen,in Enschede,20 m,Totale oppervlakte: 240 m 2,â‚¬ 265,p/m | incl. g/w/e,Kaal,29-07-2021,5 weken geleden geplaatst,https://kamernet.nl/huren/kamer-enschede/noorderhagen/kamer-1976698,"{'Woonkamer': ' Gedeeld ', 'Keuken': ' Gedeeld ', 'Badkamer': ' Gedeeld ', 'Toilet': ' Gedeeld ', 'Internet': ' Ja ', 'Energielabel': ' A ', 'Huisgenoten': '  5 ', 'Geslacht': ' Man ', 'Huisdieren': ' Nee '}",
Poelenburg,in Hoofddorp,8 m,Totale oppervlakte: 80 m 2,â‚¬ 475,p/m | incl. g/w/e,Gemeubileerd,01-01-2022 tot 31-12-2023,5 weken geleden geplaatst,https://kamernet.nl/huren/kamer-hoofddorp/poelenburg/kamer-1976440,"{'Woonkamer': ' Gedeeld ', 'Keuken': ' Gedeeld ', 'Badkamer': ' Gedeeld ', 'Toilet': ' Gedeeld ', 'Internet': ' Ja ', 'Energielabel': ' B ', 'Huisgenoten': '  3 ', 'Geslacht': ' Man ', 'Huisdieren': ' Nee '}",
Botenlaan,in Eindhoven,16 m,,â‚¬ 360,p/m | incl. g/w/e,Gestoffeerd,09-08-2021,5 weken geleden geplaatst,https://kamernet.nl/huren/kamer-eindhoven/botenlaan/kamer-1976688,"{'Woonkamer': ' Geen ', 'Keuken': ' Gedeeld ', 'Badkamer': ' Gedeeld ', 'Toilet': ' Gedeeld ', 'Internet': ' Ja ', 'Energielabel': ' Onbekend ', 'Huisgenoten': '  5 ', 'Geslacht': ' Gemengd ', 'Huisdieren': ' Nee '}",
Leksmondhof,in Amsterdam,140 m,Totaal 6 kamers (5 slaapkamers) ,â‚¬ 2500,p/m | excl. g/w/e,Gestoffeerd,29-07-2021,5 weken geleden geplaatst,https://kamernet.nl/huren/appartement-amsterdam/leksmondhof/appartement-1976715,"{'Woonkamer': ' Eigen ', 'Keuken': ' Eigen ', 'Badkamer': ' Eigen ', 'Toilet': ' Eigen ', 'Internet': ' Onbekend ', 'Energielabel': ' Onbekend ', 'Huisdieren': ' Nee '}",
Heydenrijckstraat,in Nijmegen,40 m,Totale oppervlakte: 60 m 2,â‚¬ 800,p/m | incl. g/w/e,Gestoffeerd,01-09-2021,5 weken geleden geplaatst,https://kamernet.nl/huren/kamer-nijmegen/heydenrijckstraat/kamer-1976752,"{'Woonkamer': ' Eigen ', 'Keuken': ' Eigen ', 'Badkamer': ' Gedeeld ', 'Toilet': ' Eigen ', 'Internet': ' Ja ', 'Energielabel': ' Onbekend ', 'Huisgenoten': '  Onbekend  ', 'Geslacht': ' Onbekend ', 'Huisdieren': ' Nee '}",
Kerkstraat,in Amsterdam,10 m,,â‚¬ 800,p/m | incl. g/w/e,Gemeubileerd,01-01-2022 tot 01-03-2022,4 weken geleden geplaatst,https://kamernet.nl/huren/kamer-amsterdam/kerkstraat/kamer-1977569,"{'Woonkamer': ' Gedeeld ', 'Keuken': ' Gedeeld ', 'Badkamer': ' Gedeeld ', 'Toilet': ' Gedeeld ', 'Internet': ' Ja ', 'Energielabel': ' Onbekend ', 'Huisgenoten': '  1 ', 'Geslacht': ' Vrouw ', 'Huisdieren': ' Nee '}",
Dunantlaan,in Pijnacker,20 m,,â‚¬ 290,p/m | incl. g/w/e,Gemeubileerd,29-07-2021,5 weken geleden geplaatst,https://kamernet.nl/huren/kamer-pijnacker/dunantlaan/kamer-1976788,"{'Woonkamer': ' Gedeeld ', 'Keuken': ' Eigen ', 'Badkamer': ' Gedeeld ', 'Toilet': ' Gedeeld ', 'Internet': ' Ja ', 'Energielabel': ' Onbekend ', 'Huisgenoten': '  1 ', 'Geslacht': ' Vrouw ', 'Huisdieren': ' Nee '}",
Prinses Beatrixlaan,in Ouderkerk aan de Amstel,13 m,Totale oppervlakte: 70 m 2,â‚¬ 400,p/m | incl. g/w/e,Gestoffeerd,01-08-2021,5 weken geleden geplaatst,https://kamernet.nl/huren/kamer-ouderkerk-aan-de-amstel/prinses-beatrixlaan/kamer-1976796,"{'Woonkamer': ' Geen ', 'Keuken': ' Gedeeld ', 'Badkamer': ' Gedeeld ', 'Toilet': ' Gedeeld ', 'Internet': ' Ja ', 'Energielabel': ' Onbekend ', 'Huisgenoten': '  1 ', 'Geslacht': ' Vrouw ', 'Huisdieren': ' Nee '}",
Ruigoord,in Rotterdam,80 m,Totaal 4 kamers (3 slaapkamers) ,â‚¬ 1250,p/m | excl. g/w/e,Gestoffeerd,29-07-2021,5 weken geleden geplaatst,https://kamernet.nl/huren/appartement-rotterdam/ruigoord/appartement-1976672,"{'Woonkamer': ' Eigen ', 'Keuken': ' Eigen ', 'Badkamer': ' Eigen ', 'Toilet': ' Eigen ', 'Internet': ' Nee ', 'Energielabel': ' Onbekend ', 'Huisdieren': ' Nee '}",
Spoorsingel,in Delft,15 m,Totale oppervlakte: 39 m 2,â‚¬ 500,p/m | incl. g/w/e,Gemeubileerd,06-09-2021 tot 31-12-2021,5 weken geleden geplaatst,https://kamernet.nl/huren/kamer-delft/spoorsingel/kamer-1976824,"{'Woonkamer': ' Gedeeld ', 'Keuken': ' Gedeeld ', 'Badkamer': ' Gedeeld ', 'Toilet': ' Gedeeld ', 'Internet': ' Ja ', 'Energielabel': ' Onbekend ', 'Huisgenoten': '  Meer dan 8 ', 'Geslacht': ' Man ', 'Huisdieren': ' Nee '}",
Wallenbergstraat,in Hoofddorp,46 m,Totaal 2 kamers (1 slaapkamer) ,â‚¬ 1050,p/m | incl. g/w/e,Gemeubileerd,16-08-2021,4 weken geleden geplaatst,https://kamernet.nl/huren/appartement-hoofddorp/wallenbergstraat/appartement-1976582,"{'Woonkamer': ' Eigen ', 'Keuken': ' Eigen ', 'Badkamer': ' Eigen ', 'Toilet': ' Eigen ', 'Internet': ' Ja ', 'Energielabel': ' Onbekend ', 'Huisdieren': ' Nee '}",
Nieuwe Gracht,in Haarlem,50 m,Totale oppervlakte: 10 m 2,â‚¬ 850,p/m | incl. g/w/e,Gemeubileerd,01-10-2021 tot 01-05-2022,4 weken geleden geplaatst,https://kamernet.nl/huren/kamer-haarlem/nieuwe-gracht/kamer-1976803,"{'Woonkamer': ' Eigen ', 'Keuken': ' Eigen ', 'Badkamer': ' Eigen ', 'Toilet': ' Eigen ', 'Internet': ' Ja ', 'Energielabel': ' Onbekend ', 'Huisgenoten': '  2 ', 'Geslacht': ' Gemengd ', 'Huisdieren': ' Nee '}",
Turfmarkt,in Gouda,62 m,Totaal 2 kamers (1 slaapkamer) ,â‚¬ 1250,p/m | incl. g/w/e,Kaal,29-07-2021 tot 29-07-2023,5 weken geleden geplaatst,https://kamernet.nl/huren/appartement-gouda/turfmarkt/appartement-1976727,"{'Woonkamer': ' Eigen ', 'Keuken': ' Eigen ', 'Badkamer': ' Eigen ', 'Toilet': ' Eigen ', 'Internet': ' Ja ', 'Energielabel': ' Onbekend ', 'Huisdieren': ' Nee '}",
Bergsingel,in Rotterdam,65 m,Totaal 2 kamers (1 slaapkamer) ,â‚¬ 1075,p/m | excl. g/w/e,Gemeubileerd,15-10-2021 tot 31-03-2022,4 weken geleden geplaatst,https://kamernet.nl/huren/appartement-rotterdam/bergsingel/appartement-1976895,"{'Woonkamer': ' Eigen ', 'Keuken': ' Eigen ', 'Badkamer': ' Eigen ', 'Toilet': ' Eigen ', 'Internet': ' Ja ', 'Energielabel': ' Onbekend ', 'Huisdieren': ' Nee '}",
Dunantlaan,in Pijnacker,20 m,,â‚¬ 290,p/m | incl. g/w/e,Gemeubileerd,15-07-2021,5 weken geleden geplaatst,https://kamernet.nl/huren/kamer-pijnacker/dunantlaan/kamer-1973481,"{'Woonkamer': ' Eigen ', 'Keuken': ' Eigen ', 'Badkamer': ' Gedeeld ', 'Toilet': ' Gedeeld ', 'Internet': ' Ja ', 'Energielabel': ' Onbekend ', 'Huisgenoten': '  1 ', 'Geslacht': ' Vrouw ', 'Huisdieren': ' Nee '}",
Planetenlaan,in Groningen,12 m,,â‚¬ 400,p/m | incl. g/w/e,Gestoffeerd,30-07-2021,4 weken geleden geplaatst,https://kamernet.nl/huren/kamer-groningen/planetenlaan/kamer-1976849,"{'Woonkamer': ' Gedeeld ', 'Keuken': ' Gedeeld ', 'Badkamer': ' Gedeeld ', 'Toilet': ' Gedeeld ', 'Internet': ' Ja ', 'Energielabel': ' Onbekend ', 'Huisgenoten': '  3 ', 'Geslacht': ' Gemengd ', 'Huisdieren': ' Nee '}",
Gerdesiaweg,in Rotterdam,20 m,,â‚¬ 650,p/m | incl. g/w/e,Gemeubileerd,08-08-2021 tot 31-10-2021,4 weken geleden geplaatst,https://kamernet.nl/huren/kamer-rotterdam/gerdesiaweg/kamer-1976866,"{'Woonkamer': ' Gedeeld ', 'Keuken': ' Gedeeld ', 'Badkamer': ' Gedeeld ', 'Toilet': ' Gedeeld ', 'Internet': ' Ja ', 'Energielabel': ' Onbekend ', 'Huisgenoten': '  2 ', 'Geslacht': ' Gemengd ', 'Huisdieren': ' Nee '}",
Heemraadssingel,in Rotterdam,20 m,,â‚¬ 400,p/m | incl. g/w/e,Kaal,01-09-2021,4 weken geleden geplaatst,https://kamernet.nl/huren/kamer-rotterdam/heemraadssingel/kamer-1976883,"{'Woonkamer': ' Onbekend ', 'Keuken': ' Gedeeld ', 'Badkamer': ' Gedeeld ', 'Toilet': ' Gedeeld ', 'Internet': ' Ja ', 'Energielabel': ' Onbekend ', 'Huisgenoten': '  Meer dan 8 ', 'Geslacht': ' Gemengd ', 'Huisdieren': ' Nee '}",
Adamshofstraat,in Rotterdam,45 m,Totaal 2 kamers (1 slaapkamer) ,â‚¬ 1050,p/m | excl. g/w/e,Gestoffeerd,08-08-2021,4 weken geleden geplaatst,https://kamernet.nl/huren/appartement-rotterdam/adamshofstraat/appartement-1976686,"{'Woonkamer': ' Eigen ', 'Keuken': ' Eigen ', 'Badkamer': ' Eigen ', 'Toilet': ' Eigen ', 'Internet': ' Nee ', 'Energielabel': ' B ', 'Huisdieren': ' Nee '}",
Aaf Bouberstraat,in Amsterdam,15 m,,â‚¬ 690,p/m | incl. g/w/e,Gemeubileerd,29-07-2021,4 weken geleden geplaatst,https://kamernet.nl/huren/kamer-amsterdam/aaf-bouberstraat/kamer-1976817,"{'Woonkamer': ' Geen ', 'Keuken': ' Gedeeld ', 'Badkamer': ' Gedeeld ', 'Toilet': ' Gedeeld ', 'Internet': ' Ja ', 'Energielabel': ' Onbekend ', 'Huisgenoten': '  4  ', 'Geslacht': ' Gemengd ', 'Huisdieren': ' Nee '}",
Eeldersingel,in Groningen,18 m,,â‚¬ 390,p/m | incl. g/w/e,Gestoffeerd,30-07-2021,4 weken geleden geplaatst,https://kamernet.nl/huren/kamer-groningen/eeldersingel/kamer-1977007,"{'Woonkamer': ' Geen ', 'Keuken': ' Gedeeld ', 'Badkamer': ' Gedeeld ', 'Toilet': ' Gedeeld ', 'Internet': ' Ja ', 'Energielabel': ' Onbekend ', 'Huisgenoten': '  2 ', 'Geslacht': ' Gemengd ', 'Huisdieren': ' Nee '}",
Riemsdijkstraat,in Wageningen,12 m,Totale oppervlakte: 420 m 2,â‚¬ 300,p/m | incl. g/w/e,Gemeubileerd,01-08-2021,4 weken geleden geplaatst,https://kamernet.nl/huren/kamer-wageningen/riemsdijkstraat/kamer-1977197,"{'Woonkamer': ' Gedeeld ', 'Keuken': ' Gedeeld ', 'Badkamer': ' Gedeeld ', 'Toilet': ' Gedeeld ', 'Internet': ' Ja ', 'Energielabel': ' A ', 'Huisgenoten': '  7 ', 'Geslacht': ' Man ', 'Huisdieren': ' Ja '}",
Julianalaan,in Schiedam,50 m,Totaal 1 kamer (1 slaapkamer) ,â‚¬ 895,p/m | excl. g/w/e,Gestoffeerd,15-08-2021,4 weken geleden geplaatst,https://kamernet.nl/huren/appartement-schiedam/julianalaan/appartement-1977205,"{'Woonkamer': ' Eigen ', 'Keuken': ' Eigen ', 'Badkamer': ' Eigen ', 'Toilet': ' Eigen ', 'Internet': ' Onbekend ', 'Energielabel': ' Onbekend ', 'Huisdieren': ' Nee '}",
Sluis,in Huizen,10 m,,â‚¬ 700,p/m | incl. g/w/e,Gemeubileerd,24-04-2021,4 weken geleden geplaatst,https://kamernet.nl/huren/kamer-huizen/sluis/kamer-1977216,"{'Woonkamer': ' Gedeeld ', 'Keuken': ' Gedeeld ', 'Badkamer': ' Gedeeld ', 'Toilet': ' Gedeeld ', 'Internet': ' Ja ', 'Energielabel': ' Onbekend ', 'Huisgenoten': '  4  ', 'Geslacht': ' Gemengd ', 'Huisdieren': ' Ja '}",
August Allebeplein,in Amsterdam,10 m,Totale oppervlakte: 59 m 2,â‚¬ 770,p/m | incl. g/w/e,Gemeubileerd,01-09-2021,4 weken geleden geplaatst,https://kamernet.nl/huren/kamer-amsterdam/august-allebeplein/kamer-1977265,"{'Woonkamer': ' Gedeeld ', 'Keuken': ' Gedeeld ', 'Badkamer': ' Gedeeld ', 'Toilet': ' Gedeeld ', 'Internet': ' Ja ', 'Energielabel': ' Onbekend ', 'Huisgenoten': '  1 ', 'Geslacht': ' Vrouw ', 'Huisdieren': ' Nee '}",
1e Middellandstraat,in Rotterdam,12 m,Totale oppervlakte: 108 m 2,â‚¬ 510,p/m | excl. g/w/e,Gemeubileerd,01-09-2021 tot 01-09-2022,4 weken geleden geplaatst,https://kamernet.nl/huren/kamer-rotterdam/1e-middellandstraat/kamer-1977228,"{'Woonkamer': ' Gedeeld ', 'Keuken': ' Gedeeld ', 'Badkamer': ' Gedeeld ', 'Toilet': ' Gedeeld ', 'Internet': ' Ja ', 'Energielabel': ' Onbekend ', 'Huisgenoten': '  2 ', 'Geslacht': ' Man ', 'Huisdieren': ' In overleg '}",
Van Heenvlietlaan,in Amsterdam,10 m,Totale oppervlakte: 55 m 2,â‚¬ 575,p/m | incl. g/w/e,Gestoffeerd,31-07-2021,4 weken geleden geplaatst,https://kamernet.nl/huren/kamer-amsterdam/van-heenvlietlaan/kamer-1977232,"{'Woonkamer': ' Eigen ', 'Keuken': ' Eigen ', 'Badkamer': ' Eigen ', 'Toilet': ' Eigen ', 'Internet': ' Ja ', 'Energielabel': ' Onbekend ', 'Huisgenoten': '  1 ', 'Geslacht': ' Man ', 'Huisdieren': ' Nee '}",
Oude Rijksstraatweg,in Doorn,16 m,,â‚¬ 479,p/m | incl. g/w/e,Gemeubileerd,01-10-2021,4 weken geleden geplaatst,https://kamernet.nl/huren/kamer-doorn/oude-rijksstraatweg/kamer-1977260,"{'Woonkamer': ' Geen ', 'Keuken': ' Gedeeld ', 'Badkamer': ' Gedeeld ', 'Toilet': ' Gedeeld ', 'Internet': ' Ja ', 'Energielabel': ' Onbekend ', 'Huisgenoten': '  1 ', 'Geslacht': ' Vrouw ', 'Huisdieren': ' Nee '}",
Bermweg,in Oost-Souburg,109 m,Totaal 5 kamers (4 slaapkamers) ,â‚¬ 1285,p/m | excl. g/w/e,Gestoffeerd,27-09-2021,4 weken geleden geplaatst,https://kamernet.nl/huren/appartement-oost-souburg/bermweg/appartement-1977281,"{'Woonkamer': ' Eigen ', 'Keuken': ' Eigen ', 'Badkamer': ' Eigen ', 'Toilet': ' Eigen ', 'Internet': ' Nee ', 'Energielabel': ' C ', 'Huisdieren': ' In overleg '}",
Krijtstraat,in Utrecht,40 m,Totaal 1 kamer (1 slaapkamer) ,â‚¬ 965,p/m | incl. g/w/e,Gestoffeerd,01-10-2021,4 weken geleden geplaatst,https://kamernet.nl/huren/appartement-utrecht/krijtstraat/appartement-1977278,"{'Woonkamer': ' Eigen ', 'Keuken': ' Eigen ', 'Badkamer': ' Eigen ', 'Toilet': ' Eigen ', 'Internet': ' Ja ', 'Energielabel': ' D ', 'Huisdieren': ' Nee '}",
Prinses Beatrixlaan,in Ouderkerk aan de Amstel,13 m,,â‚¬ 400,p/m | incl. g/w/e,Gestoffeerd,01-09-2021,5 weken geleden geplaatst,https://kamernet.nl/huren/kamer-ouderkerk-aan-de-amstel/prinses-beatrixlaan/kamer-1976805,"{'Woonkamer': ' Geen ', 'Keuken': ' Gedeeld ', 'Badkamer': ' Gedeeld ', 'Toilet': ' Gedeeld ', 'Internet': ' Ja ', 'Energielabel': ' Onbekend ', 'Huisgenoten': '  1 ', 'Geslacht': ' Vrouw ', 'Huisdieren': ' Nee '}",
Lawickse Allee,in Wageningen,12 m,Totale oppervlakte: 160 m 2,â‚¬ 245,p/m | incl. g/w/e,Gestoffeerd,06-09-2021,4 weken geleden geplaatst,https://kamernet.nl/huren/kamer-wageningen/lawickse-allee/kamer-1977317,"{'Woonkamer': ' Gedeeld ', 'Keuken': ' Gedeeld ', 'Badkamer': ' Gedeeld ', 'Toilet': ' Gedeeld ', 'Internet': ' Ja ', 'Energielabel': ' C ', 'Huisgenoten': '  8  ', 'Geslacht': ' Man ', 'Huisdieren': ' Ja '}",
1e Middellandstraat,in Rotterdam,16 m,,â‚¬ 530,p/m | incl. g/w/e,Gemeubileerd,01-09-2021 tot 06-11-2021,4 weken geleden geplaatst,https://kamernet.nl/huren/kamer-rotterdam/1e-middellandstraat/kamer-1976499,"{'Woonkamer': ' Gedeeld ', 'Keuken': ' Gedeeld ', 'Badkamer': ' Gedeeld ', 'Toilet': ' Gedeeld ', 'Internet': ' Ja ', 'Energielabel': ' Onbekend ', 'Huisgenoten': '  3 ', 'Geslacht': ' Man ', 'Huisdieren': ' Nee '}",
Spaarwaterstraat,in Den Haag,82 m,Totaal 6 kamers (1 slaapkamer) ,â‚¬ 1499,p/m | incl. g/w/e,Gemeubileerd,15-09-2021 tot 15-12-2021,4 weken geleden geplaatst,https://kamernet.nl/huren/appartement-den-haag/spaarwaterstraat/appartement-1977318,"{'Woonkamer': ' Eigen ', 'Keuken': ' Eigen ', 'Badkamer': ' Eigen ', 'Toilet': ' Eigen ', 'Internet': ' Ja ', 'Energielabel': ' Onbekend ', 'Huisdieren': ' In overleg '}",
Zwarteweg,in Aalsmeer,10 m,,â‚¬ 450,p/m | incl. g/w/e,Gemeubileerd,01-08-2021,4 weken geleden geplaatst,https://kamernet.nl/huren/kamer-aalsmeer/zwarteweg/kamer-1977316,"{'Woonkamer': ' Geen ', 'Keuken': ' Gedeeld ', 'Badkamer': ' Gedeeld ', 'Toilet': ' Gedeeld ', 'Internet': ' Ja ', 'Energielabel': ' Onbekend ', 'Huisgenoten': '  2 ', 'Geslacht': ' Vrouw ', 'Huisdieren': ' Ja '}",
Vreewijkstraat,in Leiden,25 m,,â‚¬ 480,p/m | incl. g/w/e,Kaal,03-08-2021 tot 10-09-2021,4 weken geleden geplaatst,https://kamernet.nl/huren/kamer-leiden/vreewijkstraat/kamer-1976848,"{'Woonkamer': ' Gedeeld ', 'Keuken': ' Gedeeld ', 'Badkamer': ' Gedeeld ', 'Toilet': ' Gedeeld ', 'Internet': ' Ja ', 'Energielabel': ' Onbekend ', 'Huisgenoten': '  Meer dan 8 ', 'Geslacht': ' Vrouw ', 'Huisdieren': ' Nee '}",
Sloterweg,in Amsterdam,82 m,Totaal 3 kamers (1 slaapkamer) ,â‚¬ 1950,p/m | incl. g/w/e,Gemeubileerd,03-08-2021 tot 30-06-2023,4 weken geleden geplaatst,https://kamernet.nl/huren/appartement-amsterdam/sloterweg/appartement-1977429,"{'Woonkamer': ' Eigen ', 'Keuken': ' Eigen ', 'Badkamer': ' Eigen ', 'Toilet': ' Eigen ', 'Internet': ' Ja ', 'Energielabel': ' D ', 'Huisdieren': ' Nee '}",
Soderblomstraat,in Hoofddorp,20 m,,â‚¬ 650,p/m | incl. g/w/e,Gemeubileerd,30-07-2021,4 weken geleden geplaatst,https://kamernet.nl/huren/kamer-hoofddorp/soderblomstraat/kamer-1976972,"{'Woonkamer': ' Geen ', 'Keuken': ' Gedeeld ', 'Badkamer': ' Gedeeld ', 'Toilet': ' Gedeeld ', 'Internet': ' Ja ', 'Energielabel': ' Onbekend ', 'Huisgenoten': '  3 ', 'Geslacht': ' Gemengd ', 'Huisdieren': ' Nee '}",
Waterhof,in Duizel,58 m,Totaal 1 kamer (2 slaapkamers) ,â‚¬ 175,p/m | excl. g/w/e,Kaal,02-08-2021,4 weken geleden geplaatst,https://kamernet.nl/huren/anti-kraak-duizel/waterhof/anti-kraak-1977594,"{'Woonkamer': ' Eigen ', 'Keuken': ' Eigen ', 'Badkamer': ' Eigen ', 'Toilet': ' Eigen ', 'Internet': ' Onbekend ', 'Energielabel': ' Onbekend ', 'Huisdieren': ' Nee '}",
Markt,in Eersel,75 m,Totaal 1 kamer (2 slaapkamers) ,â‚¬ 175,p/m | excl. g/w/e,Kaal,02-08-2021,4 weken geleden geplaatst,https://kamernet.nl/huren/anti-kraak-eersel/markt/anti-kraak-1977617,"{'Woonkamer': ' Eigen ', 'Keuken': ' Eigen ', 'Badkamer': ' Eigen ', 'Toilet': ' Eigen ', 'Internet': ' Onbekend ', 'Energielabel': ' Onbekend ', 'Huisdieren': ' Nee '}",
Postjesweg,in Amsterdam,80 m,Totaal 4 kamers (3 slaapkamers) ,â‚¬ 1350,p/m | excl. g/w/e,Gemeubileerd,01-08-2021 tot 01-08-2022,4 weken geleden geplaatst,https://kamernet.nl/huren/appartement-amsterdam/postjesweg/appartement-1977309,"{'Woonkamer': ' Eigen ', 'Keuken': ' Eigen ', 'Badkamer': ' Eigen ', 'Toilet': ' Eigen ', 'Internet': ' Ja ', 'Energielabel': ' Onbekend ', 'Huisdieren': ' Nee '}",
Androsdreef,in Utrecht,10 m,Totale oppervlakte: 20 m 2,â‚¬ 725,p/m | incl. g/w/e,Gemeubileerd,02-08-2021,4 weken geleden geplaatst,https://kamernet.nl/huren/kamer-utrecht/androsdreef/kamer-1977632,"{'Woonkamer': ' Geen ', 'Keuken': ' Gedeeld ', 'Badkamer': ' Gedeeld ', 'Toilet': ' Gedeeld ', 'Internet': ' Ja ', 'Energielabel': ' Onbekend ', 'Huisgenoten': '  1 ', 'Geslacht': ' Vrouw ', 'Huisdieren': ' Nee '}",
Looakker,in Boxtel,90 m,,â‚¬ 175,p/m | excl. g/w/e,Kaal,02-08-2021,4 weken geleden geplaatst,https://kamernet.nl/huren/anti-kraak-boxtel/looakker/anti-kraak-1977627,"{'Woonkamer': ' Eigen ', 'Keuken': ' Eigen ', 'Badkamer': ' Eigen ', 'Toilet': ' Eigen ', 'Internet': ' Onbekend ', 'Energielabel': ' Onbekend ', 'Huisdieren': ' Nee '}",
Heerestraat,in Leeuwarden,80 m,Totaal 3 kamers (2 slaapkamers) ,â‚¬ 752,p/m | excl. g/w/e,Gestoffeerd,01-09-2021,4 weken geleden geplaatst,https://kamernet.nl/huren/appartement-leeuwarden/heerestraat/appartement-1977622,"{'Woonkamer': ' Eigen ', 'Keuken': ' Eigen ', 'Badkamer': ' Eigen ', 'Toilet': ' Eigen ', 'Internet': ' Ja ', 'Energielabel': ' Onbekend ', 'Huisdieren': ' Nee '}",
Taarloseweg,in Ubbena,20 m,Totaal 6 kamers (4 slaapkamers) ,â‚¬ 350,p/m | incl. g/w/e,Gemeubileerd,02-08-2021,4 weken geleden geplaatst,https://kamernet.nl/huren/appartement-ubbena/taarloseweg/appartement-1977647,"{'Woonkamer': ' Gedeeld ', 'Keuken': ' Gedeeld ', 'Badkamer': ' Gedeeld ', 'Toilet': ' Gedeeld ', 'Internet': ' Ja ', 'Energielabel': ' E ', 'Huisdieren': ' Nee '}",
Taarloseweg,in Ubbena,16 m,Totale oppervlakte: 50 m 2,â‚¬ 500,p/m | incl. g/w/e,Gestoffeerd,04-08-2021 tot 04-06-2022,4 weken geleden geplaatst,https://kamernet.nl/huren/kamer-ubbena/taarloseweg/kamer-1877215,"{'Woonkamer': ' Gedeeld ', 'Keuken': ' Gedeeld ', 'Badkamer': ' Gedeeld ', 'Toilet': ' Gedeeld ', 'Internet': ' Onbekend ', 'Energielabel': ' Onbekend ', 'Huisgenoten': '  4  ', 'Geslacht': ' Gemengd ', 'Huisdieren': ' Nee '}",
Dr. Zamenhoflaan,in Enschede,15 m,,â‚¬ 220,p/m | excl. g/w/e,Gestoffeerd,02-08-2021,4 weken geleden geplaatst,https://kamernet.nl/huren/kamer-enschede/dr.-zamenhoflaan/kamer-1977656,"{'Woonkamer': ' Gedeeld ', 'Keuken': ' Gedeeld ', 'Badkamer': ' Gedeeld ', 'Toilet': ' Gedeeld ', 'Internet': ' Onbekend ', 'Energielabel': ' Onbekend ', 'Huisgenoten': '  5 ', 'Geslacht': ' Man ', 'Huisdieren': ' In overleg '}",
Verheijstraat,in Vlaardingen,8 m,,â‚¬ 600,p/m | incl. g/w/e,Gemeubileerd,30-09-2021,4 weken geleden geplaatst,https://kamernet.nl/huren/kamer-vlaardingen/verheijstraat/kamer-1977620,"{'Woonkamer': ' Gedeeld ', 'Keuken': ' Gedeeld ', 'Badkamer': ' Gedeeld ', 'Toilet': ' Gedeeld ', 'Internet': ' Ja ', 'Energielabel': ' Onbekend ', 'Huisgenoten': '  2 ', 'Geslacht': ' Onbekend ', 'Huisdieren': ' Nee '}",
Schubertsingel,in Den Bosch,52 m,Totaal 3 kamers (1 slaapkamer) ,â‚¬ 1150,p/m | excl. g/w/e,Gemeubileerd,13-08-2021 tot 15-09-2022,4 weken geleden geplaatst,https://kamernet.nl/huren/studio-den-bosch/schubertsingel/studio-1977686,"{'Woonkamer': ' Eigen ', 'Keuken': ' Eigen ', 'Badkamer': ' Eigen ', 'Toilet': ' Eigen ', 'Internet': ' Ja ', 'Energielabel': ' A ', 'Huisdieren': ' Nee '}",
Herteweide,in Nieuwegein,15 m,,â‚¬ 400,p/m | incl. g/w/e,Gemeubileerd,22-10-2021,4 weken geleden geplaatst,https://kamernet.nl/huren/kamer-nieuwegein/herteweide/kamer-1977427,"{'Woonkamer': ' Geen ', 'Keuken': ' Gedeeld ', 'Badkamer': ' Gedeeld ', 'Toilet': ' Gedeeld ', 'Internet': ' Ja ', 'Energielabel': ' Onbekend ', 'Huisgenoten': '  2 ', 'Geslacht': ' Vrouw ', 'Huisdieren': ' Nee '}",
Piet Avontuurstraat,in Breda,17 m,,â‚¬ 385,p/m | incl. g/w/e,Gestoffeerd,02-08-2021,4 weken geleden geplaatst,https://kamernet.nl/huren/kamer-breda/piet-avontuurstraat/kamer-1977745,"{'Woonkamer': ' Geen ', 'Keuken': ' Gedeeld ', 'Badkamer': ' Gedeeld ', 'Toilet': ' Gedeeld ', 'Internet': ' Ja ', 'Energielabel': ' Onbekend ', 'Huisgenoten': '  4  ', 'Geslacht': ' Vrouw ', 'Huisdieren': ' Nee '}",
Putsebocht,in Rotterdam,60 m,Totaal 3 kamers (2 slaapkamers) ,â‚¬ 1250,p/m | incl. g/w/e,Gemeubileerd,01-11-2021,4 weken geleden geplaatst,https://kamernet.nl/huren/appartement-rotterdam/putsebocht/appartement-1977703,"{'Woonkamer': ' Eigen ', 'Keuken': ' Eigen ', 'Badkamer': ' Eigen ', 'Toilet': ' Eigen ', 'Internet': ' Ja ', 'Energielabel': ' C ', 'Huisdieren': ' Nee '}",
Heymanslaan,in Groningen,16 m,,â‚¬ 275,p/m | excl. g/w/e,Kaal,01-05-2021,5 weken geleden geplaatst,https://kamernet.nl/huren/kamer-groningen/heymanslaan/kamer-1976599,"{'Woonkamer': ' Geen ', 'Keuken': ' Gedeeld ', 'Badkamer': ' Gedeeld ', 'Toilet': ' Gedeeld ', 'Internet': ' Ja ', 'Energielabel': ' Onbekend ', 'Huisgenoten': '  2 ', 'Geslacht': ' Man ', 'Huisdieren': ' Nee '}",
Salvador Allendelaan,in Den Bosch,40 m,Totaal 2 kamers (1 slaapkamer) ,â‚¬ 740,p/m | excl. g/w/e,Gemeubileerd,03-08-2021 tot 01-10-2021,4 weken geleden geplaatst,https://kamernet.nl/huren/studio-den-bosch/salvador-allendelaan/studio-1977891,"{'Woonkamer': ' Eigen ', 'Keuken': ' Eigen ', 'Badkamer': ' Eigen ', 'Toilet': ' Eigen ', 'Internet': ' Ja ', 'Energielabel': ' A ', 'Huisdieren': ' Nee '}",
President Steynstraat,in Amsterdam,15 m,Totale oppervlakte: 50 m 2,â‚¬ 680,p/m | incl. g/w/e,Gestoffeerd,01-10-2021 tot 01-10-2023,4 weken geleden geplaatst,https://kamernet.nl/huren/kamer-amsterdam/president-steynstraat/kamer-1977838,"{'Woonkamer': ' Geen ', 'Keuken': ' Gedeeld ', 'Badkamer': ' Gedeeld ', 'Toilet': ' Gedeeld ', 'Internet': ' Ja ', 'Energielabel': ' Onbekend ', 'Huisgenoten': '  Onbekend  ', 'Geslacht': ' Onbekend ', 'Huisdieren': ' Nee '}",
Monteverdilaan,in Zwolle,20 m,Totale oppervlakte: 85 m 2,â‚¬ 1425,p/m | excl. g/w/e,Gestoffeerd,01-09-2021,4 weken geleden geplaatst,https://kamernet.nl/huren/kamer-zwolle/monteverdilaan/kamer-1977052,"{'Woonkamer': ' Gedeeld ', 'Keuken': ' Gedeeld ', 'Badkamer': ' Gedeeld ', 'Toilet': ' Gedeeld ', 'Internet': ' Nee ', 'Energielabel': ' Onbekend ', 'Huisgenoten': '  4  ', 'Geslacht': ' Gemengd ', 'Huisdieren': ' Nee '}",
Kerkstraat,in Assen,14 m,,â‚¬ 375,p/m | incl. g/w/e,Gestoffeerd,03-08-2021,4 weken geleden geplaatst,https://kamernet.nl/huren/kamer-assen/kerkstraat/kamer-1924374,"{'Woonkamer': ' Eigen ', 'Keuken': ' Gedeeld ', 'Badkamer': ' Gedeeld ', 'Toilet': ' Gedeeld ', 'Internet': ' Ja ', 'Energielabel': ' Onbekend ', 'Huisgenoten': '  3 ', 'Geslacht': ' Gemengd ', 'Huisdieren': ' In overleg '}",
Oliemolen,in Delft,18 m,,â‚¬ 395,p/m | incl. g/w/e,Gestoffeerd,15-08-2021 tot 15-03-2022,4 weken geleden geplaatst,https://kamernet.nl/huren/kamer-delft/oliemolen/kamer-1977847,"{'Woonkamer': ' Gedeeld ', 'Keuken': ' Gedeeld ', 'Badkamer': ' Gedeeld ', 'Toilet': ' Gedeeld ', 'Internet': ' Ja ', 'Energielabel': ' A ', 'Huisgenoten': '  1 ', 'Geslacht': ' Man ', 'Huisdieren': ' Nee '}",
Graadt van Roggenstraat,in Nijmegen,12 m,,â‚¬ 298,p/m | incl. g/w/e,Kaal,03-08-2021,4 weken geleden geplaatst,https://kamernet.nl/huren/kamer-nijmegen/graadt-van-roggenstraat/kamer-1977908,"{'Woonkamer': ' Gedeeld ', 'Keuken': ' Gedeeld ', 'Badkamer': ' Gedeeld ', 'Toilet': ' Gedeeld ', 'Internet': ' Ja ', 'Energielabel': ' Onbekend ', 'Huisgenoten': '  Meer dan 8 ', 'Geslacht': ' Man ', 'Huisdieren': ' Nee '}",
Lange Hilleweg,in Rotterdam,35 m,Totaal 2 kamers (1 slaapkamer) ,â‚¬ 750,p/m | excl. g/w/e,Gestoffeerd,03-08-2021,4 weken geleden geplaatst,https://kamernet.nl/huren/studio-rotterdam/lange-hilleweg/studio-1977916,"{'Woonkamer': ' Eigen ', 'Keuken': ' Eigen ', 'Badkamer': ' Eigen ', 'Toilet': ' Gedeeld ', 'Internet': ' Onbekend ', 'Energielabel': ' Onbekend ', 'Huisdieren': ' Nee '}",
Ceintuurbaan,in Amsterdam,75 m,,â‚¬ 790,p/m | excl. g/w/e,Kaal,15-08-2021,4 weken geleden geplaatst,https://kamernet.nl/huren/appartement-amsterdam/ceintuurbaan/appartement-1977917,"{'Woonkamer': ' Eigen ', 'Keuken': ' Eigen ', 'Badkamer': ' Eigen ', 'Toilet': ' Eigen ', 'Internet': ' Onbekend ', 'Energielabel': ' Onbekend ', 'Huisdieren': ' In overleg '}",
Hoogstraat,in Enschede,22 m,Totale oppervlakte: 120 m 2,â‚¬ 220,p/m | excl. g/w/e,Kaal,03-08-2021,4 weken geleden geplaatst,https://kamernet.nl/huren/kamer-enschede/hoogstraat/kamer-1977948,"{'Woonkamer': ' Gedeeld ', 'Keuken': ' Gedeeld ', 'Badkamer': ' Gedeeld ', 'Toilet': ' Gedeeld ', 'Internet': ' Ja ', 'Energielabel': ' Onbekend ', 'Huisgenoten': '  5 ', 'Geslacht': ' Man ', 'Huisdieren': ' Nee '}",
Poststraat,in Wageningen,16 m,,â‚¬ 370,p/m | incl. g/w/e,Gestoffeerd,01-09-2021,4 weken geleden geplaatst,https://kamernet.nl/huren/kamer-wageningen/poststraat/kamer-1977951,"{'Woonkamer': ' Gedeeld ', 'Keuken': ' Gedeeld ', 'Badkamer': ' Gedeeld ', 'Toilet': ' Gedeeld ', 'Internet': ' Ja ', 'Energielabel': ' Onbekend ', 'Huisgenoten': '  8  ', 'Geslacht': ' Gemengd ', 'Huisdieren': ' Nee '}",
Briljantstraat,in Groningen,15 m,,â‚¬ 280,p/m | incl. g/w/e,Gestoffeerd,01-09-2021,4 weken geleden geplaatst,https://kamernet.nl/huren/kamer-groningen/briljantstraat/kamer-1977806,"{'Woonkamer': ' Geen ', 'Keuken': ' Gedeeld ', 'Badkamer': ' Gedeeld ', 'Toilet': ' Gedeeld ', 'Internet': ' Ja ', 'Energielabel': ' Onbekend ', 'Huisgenoten': '  5 ', 'Geslacht': ' Gemengd ', 'Huisdieren': ' Nee '}",
De Vluchtestraat,in Enschede,16 m,,â‚¬ 230,p/m | incl. g/w/e,Gestoffeerd,10-08-2021,4 weken geleden geplaatst,https://kamernet.nl/huren/kamer-enschede/de-vluchtestraat/kamer-1977973,"{'Woonkamer': ' Gedeeld ', 'Keuken': ' Gedeeld ', 'Badkamer': ' Gedeeld ', 'Toilet': ' Gedeeld ', 'Internet': ' Ja ', 'Energielabel': ' Onbekend ', 'Huisgenoten': '  4  ', 'Geslacht': ' Man ', 'Huisdieren': ' Nee '}",
Bunder,in Beuningen Gld,25 m,Totale oppervlakte: 10 m 2,â‚¬ 300,p/m | incl. g/w/e,Gemeubileerd,03-08-2021,4 weken geleden geplaatst,https://kamernet.nl/huren/kamer-beuningen-gld/bunder/kamer-1977980,"{'Woonkamer': ' Eigen ', 'Keuken': ' Eigen ', 'Badkamer': ' Gedeeld ', 'Toilet': ' Gedeeld ', 'Internet': ' Ja ', 'Energielabel': ' A ', 'Huisgenoten': '  2 ', 'Geslacht': ' Gemengd ', 'Huisdieren': ' Nee '}",
Odysseuslaan,in Eindhoven,14 m,Totale oppervlakte: 70 m 2,â‚¬ 395,p/m | excl. g/w/e,Kaal,23-08-2021,4 weken geleden geplaatst,https://kamernet.nl/huren/kamer-eindhoven/odysseuslaan/kamer-1977981,"{'Woonkamer': ' Gedeeld ', 'Keuken': ' Gedeeld ', 'Badkamer': ' Gedeeld ', 'Toilet': ' Gedeeld ', 'Internet': ' Ja ', 'Energielabel': ' Onbekend ', 'Huisgenoten': '  5 ', 'Geslacht': ' Man ', 'Huisdieren': ' In overleg '}",
De Clercqstraat,in Amsterdam,52 m,Totaal 3 kamers (2 slaapkamers) ,â‚¬ 1750,p/m | excl. g/w/e,Gemeubileerd,27-08-2021,4 weken geleden geplaatst,https://kamernet.nl/huren/appartement-amsterdam/de-clercqstraat/appartement-1977977,"{'Woonkamer': ' Eigen ', 'Keuken': ' Eigen ', 'Badkamer': ' Eigen ', 'Toilet': ' Eigen ', 'Internet': ' Ja ', 'Energielabel': ' Onbekend ', 'Huisdieren': ' Nee '}",
Oostersingel,in Groningen,25 m,,â‚¬ 445,p/m | incl. g/w/e,Kaal,12-11-2020,4 weken geleden geplaatst,https://kamernet.nl/huren/kamer-groningen/oostersingel/kamer-1871258,"{'Woonkamer': ' Eigen ', 'Keuken': ' Gedeeld ', 'Badkamer': ' Gedeeld ', 'Toilet': ' Gedeeld ', 'Internet': ' Ja ', 'Energielabel': ' Onbekend ', 'Huisgenoten': '  2 ', 'Geslacht': ' Man ', 'Huisdieren': ' Nee '}",
Zandvoortselaan,in Heemstede,90 m,,â‚¬ 1550,p/m | incl. g/w/e,Gestoffeerd,03-08-2021 tot 04-08-2023,4 weken geleden geplaatst,https://kamernet.nl/huren/appartement-heemstede/zandvoortselaan/appartement-1977974,"{'Woonkamer': ' Gedeeld ', 'Keuken': ' Gedeeld ', 'Badkamer': ' Gedeeld ', 'Toilet': ' Gedeeld ', 'Internet': ' Nee ', 'Energielabel': ' B ', 'Huisdieren': ' Nee '}",
Korvelseweg,in Tilburg,20 m,,â‚¬ 330,p/m | incl. g/w/e,Kaal,01-09-2021,4 weken geleden geplaatst,https://kamernet.nl/huren/kamer-tilburg/korvelseweg/kamer-1978067,"{'Woonkamer': ' Geen ', 'Keuken': ' Gedeeld ', 'Badkamer': ' Gedeeld ', 'Toilet': ' Gedeeld ', 'Internet': ' Ja ', 'Energielabel': ' Onbekend ', 'Huisgenoten': '  2 ', 'Geslacht': ' Man ', 'Huisdieren': ' Nee '}",
Tolhuis,in Nijmegen,22 m,Totale oppervlakte: 60 m 2,â‚¬ 390,p/m | excl. g/w/e,Gestoffeerd,15-08-2021,4 weken geleden geplaatst,https://kamernet.nl/huren/kamer-nijmegen/tolhuis/kamer-1978055,"{'Woonkamer': ' Gedeeld ', 'Keuken': ' Gedeeld ', 'Badkamer': ' Gedeeld ', 'Toilet': ' Gedeeld ', 'Internet': ' Ja ', 'Energielabel': ' Onbekend ', 'Huisgenoten': '  4  ', 'Geslacht': ' Man ', 'Huisdieren': ' Nee '}",
Aan 't Verlaat,in Delft,11 m,,â‚¬ 371,p/m | incl. g/w/e,Gestoffeerd,16-08-2021,4 weken geleden geplaatst,https://kamernet.nl/huren/kamer-delft/aan-'t-verlaat/kamer-1976475,"{'Woonkamer': ' Gedeeld ', 'Keuken': ' Gedeeld ', 'Badkamer': ' Gedeeld ', 'Toilet': ' Gedeeld ', 'Internet': ' Ja ', 'Energielabel': ' Onbekend ', 'Huisgenoten': '  7 ', 'Geslacht': ' Gemengd ', 'Huisdieren': ' Nee '}",
Kinrooistraat,in Amsterdam,60 m,,â‚¬ 1650,p/m | incl. g/w/e,Gemeubileerd,05-08-2021 tot 05-08-2022,4 weken geleden geplaatst,https://kamernet.nl/huren/appartement-amsterdam/kinrooistraat/appartement-1978069,"{'Woonkamer': ' Eigen ', 'Keuken': ' Eigen ', 'Badkamer': ' Eigen ', 'Toilet': ' Eigen ', 'Internet': ' Ja ', 'Energielabel': ' Onbekend ', 'Huisdieren': ' Nee '}",
Rassenbeekweg,in Zeewolde,35 m,Totaal 4 kamers (1 slaapkamer) ,â‚¬ 1750,p/m | incl. g/w/e,Gemeubileerd,01-09-2021 tot 15-11-2021,4 weken geleden geplaatst,https://kamernet.nl/huren/appartement-zeewolde/rassenbeekweg/appartement-1976388,"{'Woonkamer': ' Eigen ', 'Keuken': ' Eigen ', 'Badkamer': ' Eigen ', 'Toilet': ' Eigen ', 'Internet': ' Ja ', 'Energielabel': ' Onbekend ', 'Huisdieren': ' Nee '}",
Maria Koijenhof,in Breda,40 m,,â‚¬ 900,p/m | incl. g/w/e,Gestoffeerd,04-08-2021,4 weken geleden geplaatst,https://kamernet.nl/huren/appartement-breda/maria-koijenhof/appartement-1978087,"{'Woonkamer': ' Gedeeld ', 'Keuken': ' Gedeeld ', 'Badkamer': ' Gedeeld ', 'Toilet': ' Eigen ', 'Internet': ' Nee ', 'Energielabel': ' Onbekend ', 'Huisdieren': ' Nee '}",
Tweede Weteringdwarsstraat,in Amsterdam,35 m,Totaal 2 kamers (1 slaapkamer) ,â‚¬ 1600,p/m | incl. g/w/e,Gemeubileerd,04-08-2021 tot 05-08-2022,4 weken geleden geplaatst,https://kamernet.nl/huren/studio-amsterdam/tweede-weteringdwarsstraat/studio-1978089,"{'Woonkamer': ' Eigen ', 'Keuken': ' Eigen ', 'Badkamer': ' Eigen ', 'Toilet': ' Eigen ', 'Internet': ' Ja ', 'Energielabel': ' Onbekend ', 'Huisdieren': ' Nee '}",
Getfertweg,in Enschede,16 m,,â‚¬ 270,p/m | incl. g/w/e,Gemeubileerd,25-08-2021 tot 12-02-2022,4 weken geleden geplaatst,https://kamernet.nl/huren/kamer-enschede/getfertweg/kamer-1977892,"{'Woonkamer': ' Gedeeld ', 'Keuken': ' Gedeeld ', 'Badkamer': ' Gedeeld ', 'Toilet': ' Gedeeld ', 'Internet': ' Ja ', 'Energielabel': ' Onbekend ', 'Huisgenoten': '  6 ', 'Geslacht': ' Man ', 'Huisdieren': ' Nee '}",
Winschoterdiep,in Groningen,15 m,,â‚¬ 550,p/m | incl. g/w/e,Gemeubileerd,09-08-2021,4 weken geleden geplaatst,https://kamernet.nl/huren/kamer-groningen/winschoterdiep/kamer-1978153,"{'Woonkamer': ' Geen ', 'Keuken': ' Gedeeld ', 'Badkamer': ' Gedeeld ', 'Toilet': ' Gedeeld ', 'Internet': ' Ja ', 'Energielabel': ' Onbekend ', 'Huisgenoten': '  2 ', 'Geslacht': ' Gemengd ', 'Huisdieren': ' Nee '}",
Derde Weteringdwarsstraat,in Amsterdam,45 m,Totaal 1 kamer (1 slaapkamer) ,â‚¬ 1500,p/m | incl. g/w/e,Gemeubileerd,08-08-2021 tot 15-11-2021,4 weken geleden geplaatst,https://kamernet.nl/huren/appartement-amsterdam/derde-weteringdwarsstraat/appartement-1977914,"{'Woonkamer': ' Eigen ', 'Keuken': ' Eigen ', 'Badkamer': ' Eigen ', 'Toilet': ' Eigen ', 'Internet': ' Ja ', 'Energielabel': ' Onbekend ', 'Huisdieren': ' Nee '}",
Cornelis Trompstraat,in Delft,10 m,,â‚¬ 350,p/m | incl. g/w/e,Kaal,04-08-2021,4 weken geleden geplaatst,https://kamernet.nl/huren/kamer-delft/cornelis-trompstraat/kamer-1978187,"{'Woonkamer': ' Onbekend ', 'Keuken': ' Onbekend ', 'Badkamer': ' Onbekend ', 'Toilet': ' Onbekend ', 'Internet': ' Onbekend ', 'Energielabel': ' Onbekend ', 'Huisgenoten': '  4  ', 'Geslacht': ' Man ', 'Huisdieren': ' Nee '}",
Zuiderspoor,in Houten,12 m,Totale oppervlakte: 85 m 2,â‚¬ 700,p/m | incl. g/w/e,Kaal,04-08-2021,4 weken geleden geplaatst,https://kamernet.nl/huren/kamer-houten/zuiderspoor/kamer-1978182,"{'Woonkamer': ' Gedeeld ', 'Keuken': ' Gedeeld ', 'Badkamer': ' Gedeeld ', 'Toilet': ' Gedeeld ', 'Internet': ' Ja ', 'Energielabel': ' Onbekend ', 'Huisgenoten': '  1 ', 'Geslacht': ' Man ', 'Huisdieren': ' In overleg '}",
Stationstraat,in Alkmaar,16 m,,â‚¬ 385,p/m | excl. g/w/e,Gestoffeerd,01-07-2021,4 weken geleden geplaatst,https://kamernet.nl/huren/kamer-alkmaar/stationstraat/kamer-1978174,"{'Woonkamer': ' Geen ', 'Keuken': ' Gedeeld ', 'Badkamer': ' Gedeeld ', 'Toilet': ' Gedeeld ', 'Internet': ' Ja ', 'Energielabel': ' Onbekend ', 'Huisgenoten': '  2 ', 'Geslacht': ' Vrouw ', 'Huisdieren': ' Nee '}",
Esplanade de Meer,in Amsterdam,8 m,Totale oppervlakte: 40 m 2,â‚¬ 450,p/m | excl. g/w/e,Kaal,01-10-2021,4 weken geleden geplaatst,https://kamernet.nl/huren/kamer-amsterdam/esplanade-de-meer/kamer-1978218,"{'Woonkamer': ' Geen ', 'Keuken': ' Gedeeld ', 'Badkamer': ' Gedeeld ', 'Toilet': ' Gedeeld ', 'Internet': ' Ja ', 'Energielabel': ' Onbekend ', 'Huisgenoten': '  3 ', 'Geslacht': ' Vrouw ', 'Huisdieren': ' Nee '}",
Poelenburg,in Zaandam,9 m,,â‚¬ 399,p/m | incl. g/w/e,Gemeubileerd,02-09-2021,4 weken geleden geplaatst,https://kamernet.nl/huren/kamer-zaandam/poelenburg/kamer-1978284,"{'Woonkamer': ' Geen ', 'Keuken': ' Gedeeld ', 'Badkamer': ' Gedeeld ', 'Toilet': ' Gedeeld ', 'Internet': ' Ja ', 'Energielabel': ' Onbekend ', 'Huisgenoten': '  1 ', 'Geslacht': ' Man ', 'Huisdieren': ' Nee '}",
Amsterdamsestraatweg,in Utrecht,30 m,,â‚¬ 885,p/m | incl. g/w/e,Kaal,07-08-2021,4 weken geleden geplaatst,https://kamernet.nl/huren/kamer-utrecht/amsterdamsestraatweg/kamer-1977987,"{'Woonkamer': ' Eigen ', 'Keuken': ' Eigen ', 'Badkamer': ' Eigen ', 'Toilet': ' Gedeeld ', 'Internet': ' Ja ', 'Energielabel': ' Onbekend ', 'Huisgenoten': '  3 ', 'Geslacht': ' Gemengd ', 'Huisdieren': ' Nee '}",
Slachthuisstraat,in Groningen,24 m,,â‚¬ 400,p/m | incl. g/w/e,Kaal,30-08-2021,4 weken geleden geplaatst,https://kamernet.nl/huren/kamer-groningen/slachthuisstraat/kamer-1978265,"{'Woonkamer': ' Gedeeld ', 'Keuken': ' Gedeeld ', 'Badkamer': ' Gedeeld ', 'Toilet': ' Gedeeld ', 'Internet': ' Ja ', 'Energielabel': ' Onbekend ', 'Huisgenoten': '  5 ', 'Geslacht': ' Gemengd ', 'Huisdieren': ' Nee '}",
Venestraat,in Nijkerk,9 m,,â‚¬ 450,p/m | incl. g/w/e,Gestoffeerd,05-08-2021,4 weken geleden geplaatst,https://kamernet.nl/huren/kamer-nijkerk/venestraat/kamer-1978289,"{'Woonkamer': ' Geen ', 'Keuken': ' Gedeeld ', 'Badkamer': ' Gedeeld ', 'Toilet': ' Gedeeld ', 'Internet': ' Ja ', 'Energielabel': ' Onbekend ', 'Huisgenoten': '  Onbekend  ', 'Geslacht': ' Onbekend ', 'Huisdieren': ' In overleg '}",
Bozenhoven,in Mijdrecht,72 m,Totaal 2 kamers (1 slaapkamer) ,â‚¬ 1250,p/m | excl. g/w/e,Gestoffeerd,01-09-2021,4 weken geleden geplaatst,https://kamernet.nl/huren/appartement-mijdrecht/bozenhoven/appartement-1978313,"{'Woonkamer': ' Eigen ', 'Keuken': ' Eigen ', 'Badkamer': ' Eigen ', 'Toilet': ' Eigen ', 'Internet': ' Ja ', 'Energielabel': ' Onbekend ', 'Huisdieren': ' Nee '}",
Pharus,in Zaandam,9 m,,â‚¬ 500,p/m | incl. g/w/e,Gemeubileerd,10-08-2021,4 weken geleden geplaatst,https://kamernet.nl/huren/kamer-zaandam/pharus/kamer-1978250,"{'Woonkamer': ' Gedeeld ', 'Keuken': ' Gedeeld ', 'Badkamer': ' Gedeeld ', 'Toilet': ' Gedeeld ', 'Internet': ' Ja ', 'Energielabel': ' Onbekend ', 'Huisgenoten': '  3 ', 'Geslacht': ' Gemengd ', 'Huisdieren': ' Ja '}",
Lethmaetstraat,in Gouda,12 m,Totale oppervlakte: 88 m 2,â‚¬ 500,p/m | incl. g/w/e,Gemeubileerd,01-09-2021,4 weken geleden geplaatst,https://kamernet.nl/huren/kamer-gouda/lethmaetstraat/kamer-1978374,"{'Woonkamer': ' Onbekend ', 'Keuken': ' Gedeeld ', 'Badkamer': ' Gedeeld ', 'Toilet': ' Gedeeld ', 'Internet': ' Ja ', 'Energielabel': ' Onbekend ', 'Huisgenoten': '  1 ', 'Geslacht': ' Vrouw ', 'Huisdieren': ' Nee '}",
Solitudolaan,in Amsterdam,70 m,Totaal 3 kamers (2 slaapkamers) ,â‚¬ 1950,p/m | excl. g/w/e,Gemeubileerd,01-09-2021,4 weken geleden geplaatst,https://kamernet.nl/huren/appartement-amsterdam/solitudolaan/appartement-1978336,"{'Woonkamer': ' Eigen ', 'Keuken': ' Eigen ', 'Badkamer': ' Eigen ', 'Toilet': ' Eigen ', 'Internet': ' Ja ', 'Energielabel': ' A ', 'Huisdieren': ' Nee '}",
Hiddemaheerd,in Groningen,18 m,,â‚¬ 390,p/m | incl. g/w/e,Gemeubileerd,05-08-2021,4 weken geleden geplaatst,https://kamernet.nl/huren/kamer-groningen/hiddemaheerd/kamer-1978341,"{'Woonkamer': ' Geen ', 'Keuken': ' Eigen ', 'Badkamer': ' Gedeeld ', 'Toilet': ' Gedeeld ', 'Internet': ' Ja ', 'Energielabel': ' Onbekend ', 'Huisgenoten': '  1 ', 'Geslacht': ' Vrouw ', 'Huisdieren': ' Nee '}",
Jacoba van Beierenlaan,in Delft,14 m,,â‚¬ 350,p/m | incl. g/w/e,Gemeubileerd,01-09-2021 tot 01-02-2022,4 weken geleden geplaatst,https://kamernet.nl/huren/kamer-delft/jacoba-van-beierenlaan/kamer-1978372,"{'Woonkamer': ' Gedeeld ', 'Keuken': ' Gedeeld ', 'Badkamer': ' Gedeeld ', 'Toilet': ' Gedeeld ', 'Internet': ' Ja ', 'Energielabel': ' Onbekend ', 'Huisgenoten': '  Meer dan 8 ', 'Geslacht': ' Gemengd ', 'Huisdieren': ' Nee '}",
Pleinweg,in Rotterdam,85 m,Totaal 2 kamers (1 slaapkamer) ,â‚¬ 1000,p/m | excl. g/w/e,Gemeubileerd,01-12-2021,4 weken geleden geplaatst,https://kamernet.nl/huren/appartement-rotterdam/pleinweg/appartement-1977704,"{'Woonkamer': ' Eigen ', 'Keuken': ' Eigen ', 'Badkamer': ' Eigen ', 'Toilet': ' Eigen ', 'Internet': ' Ja ', 'Energielabel': ' C ', 'Huisdieren': ' Nee '}",
Tongerseweg,in Maastricht,24 m,,â‚¬ 450,p/m | incl. g/w/e,Kaal,05-08-2021,4 weken geleden geplaatst,https://kamernet.nl/huren/kamer-maastricht/tongerseweg/kamer-1978386,"{'Woonkamer': ' Eigen ', 'Keuken': ' Eigen ', 'Badkamer': ' Eigen ', 'Toilet': ' Eigen ', 'Internet': ' Ja ', 'Energielabel': ' Onbekend ', 'Huisgenoten': '  7 ', 'Geslacht': ' Gemengd ', 'Huisdieren': ' Nee '}",
Zwaluwstraat,in Rotterdam,56 m,Totaal 2 kamers (1 slaapkamer) ,â‚¬ 1500,p/m | excl. g/w/e,Gestoffeerd,07-08-2021,4 weken geleden geplaatst,https://kamernet.nl/huren/appartement-rotterdam/zwaluwstraat/appartement-1978340,"{'Woonkamer': ' Eigen ', 'Keuken': ' Eigen ', 'Badkamer': ' Eigen ', 'Toilet': ' Eigen ', 'Internet': ' Onbekend ', 'Energielabel': ' Onbekend ', 'Huisdieren': ' Ja '}",
Henry Dunantlaan,in Diemen,38 m,,â‚¬ 1000,p/m | excl. g/w/e,Gemeubileerd,10-08-2021,4 weken geleden geplaatst,https://kamernet.nl/huren/kamer-diemen/henry-dunantlaan/kamer-1978267,"{'Woonkamer': ' Gedeeld ', 'Keuken': ' Gedeeld ', 'Badkamer': ' Gedeeld ', 'Toilet': ' Gedeeld ', 'Internet': ' Ja ', 'Energielabel': ' Onbekend ', 'Huisgenoten': '  2 ', 'Geslacht': ' Gemengd ', 'Huisdieren': ' Nee '}",
Rotterdamseweg,in Delft,24 m,Totale oppervlakte: 50 m 2,â‚¬ 600,p/m | incl. g/w/e,Kaal,28-08-2021 tot 01-12-2021,4 weken geleden geplaatst,https://kamernet.nl/huren/kamer-delft/rotterdamseweg/kamer-1978402,"{'Woonkamer': ' Gedeeld ', 'Keuken': ' Gedeeld ', 'Badkamer': ' Gedeeld ', 'Toilet': ' Gedeeld ', 'Internet': ' Ja ', 'Energielabel': ' E ', 'Huisgenoten': '  1 ', 'Geslacht': ' Man ', 'Huisdieren': ' Nee '}",
Van Marumstraat,in Haarlem,73 m,Totaal 4 kamers (3 slaapkamers) ,â‚¬ 1200,p/m | excl. g/w/e,Gestoffeerd,10-08-2021 tot 10-08-2022,4 weken geleden geplaatst,https://kamernet.nl/huren/appartement-haarlem/van-marumstraat/appartement-1977473,"{'Woonkamer': ' Eigen ', 'Keuken': ' Eigen ', 'Badkamer': ' Eigen ', 'Toilet': ' Eigen ', 'Internet': ' Ja ', 'Energielabel': ' Onbekend ', 'Huisdieren': ' Ja '}",
Rijnstraat,in Amsterdam,8 m,,â‚¬ 685,p/m | incl. g/w/e,Kaal,02-08-2021,4 weken geleden geplaatst,https://kamernet.nl/huren/kamer-amsterdam/rijnstraat/kamer-1977662,"{'Woonkamer': ' Onbekend ', 'Keuken': ' Onbekend ', 'Badkamer': ' Onbekend ', 'Toilet': ' Onbekend ', 'Internet': ' Ja ', 'Energielabel': ' Onbekend ', 'Huisgenoten': '  3 ', 'Geslacht': ' Gemengd ', 'Huisdieren': ' Nee '}",
Anna Paulownastraat,in Den Haag,89 m,Totaal 3 kamers (2 slaapkamers) ,â‚¬ 3250,p/m | excl. g/w/e,Gemeubileerd,05-08-2021,4 weken geleden geplaatst,https://kamernet.nl/huren/appartement-den-haag/anna-paulownastraat/appartement-1978437,"{'Woonkamer': ' Eigen ', 'Keuken': ' Eigen ', 'Badkamer': ' Eigen ', 'Toilet': ' Eigen ', 'Internet': ' Ja ', 'Energielabel': ' B ', 'Huisdieren': ' Nee '}",
Dorpsweg,in Rotterdam,72 m,Totaal 4 kamers (3 slaapkamers) ,â‚¬ 1250,p/m | excl. g/w/e,Kaal,05-08-2021,4 weken geleden geplaatst,https://kamernet.nl/huren/appartement-rotterdam/dorpsweg/appartement-1978434,"{'Woonkamer': ' Eigen ', 'Keuken': ' Eigen ', 'Badkamer': ' Eigen ', 'Toilet': ' Eigen ', 'Internet': ' Nee ', 'Energielabel': ' Onbekend ', 'Huisdieren': ' Nee '}",
Aan 't Verlaat,in Delft,11 m,,â‚¬ 353,p/m | incl. g/w/e,Kaal,01-09-2021,4 weken geleden geplaatst,https://kamernet.nl/huren/kamer-delft/aan-'t-verlaat/kamer-1978420,"{'Woonkamer': ' Gedeeld ', 'Keuken': ' Gedeeld ', 'Badkamer': ' Gedeeld ', 'Toilet': ' Gedeeld ', 'Internet': ' Ja ', 'Energielabel': ' Onbekend ', 'Huisgenoten': '  Meer dan 8 ', 'Geslacht': ' Gemengd ', 'Huisdieren': ' Nee '}",
Helmersstraat,in Dordrecht,45 m,Totaal 3 kamers (1 slaapkamer) ,â‚¬ 675,p/m | excl. g/w/e,Gestoffeerd,09-08-2021,3 weken geleden geplaatst,https://kamernet.nl/huren/appartement-dordrecht/helmersstraat/appartement-1979328,"{'Woonkamer': ' Eigen ', 'Keuken': ' Eigen ', 'Badkamer': ' Eigen ', 'Toilet': ' Eigen ', 'Internet': ' Ja ', 'Energielabel': ' Onbekend ', 'Huisdieren': ' Ja '}",
Josephus Jittastraat,in Amsterdam,12 m,Totale oppervlakte: 120 m 2,â‚¬ 700,p/m | incl. g/w/e,Gemeubileerd,02-08-2021 tot 30-09-2021,4 weken geleden geplaatst,https://kamernet.nl/huren/kamer-amsterdam/josephus-jittastraat/kamer-1977678,"{'Woonkamer': ' Onbekend ', 'Keuken': ' Onbekend ', 'Badkamer': ' Onbekend ', 'Toilet': ' Onbekend ', 'Internet': ' Ja ', 'Energielabel': ' Onbekend ', 'Huisgenoten': '  2 ', 'Geslacht': ' Man ', 'Huisdieren': ' Nee '}",
Kwakersstraat,in Amsterdam,15 m,Totale oppervlakte: 120 m 2,â‚¬ 1200,p/m | incl. g/w/e,Gemeubileerd,31-10-2021,4 weken geleden geplaatst,https://kamernet.nl/huren/kamer-amsterdam/kwakersstraat/kamer-1978158,"{'Woonkamer': ' Gedeeld ', 'Keuken': ' Gedeeld ', 'Badkamer': ' Gedeeld ', 'Toilet': ' Gedeeld ', 'Internet': ' Ja ', 'Energielabel': ' Onbekend ', 'Huisgenoten': '  1 ', 'Geslacht': ' Vrouw ', 'Huisdieren': ' Nee '}",
Herenstraat,in Wageningen,25 m,,â‚¬ 225,p/m | incl. g/w/e,Gestoffeerd,02-09-2021,5 weken geleden geplaatst,https://kamernet.nl/huren/kamer-wageningen/herenstraat/kamer-1975794,"{'Woonkamer': ' Gedeeld ', 'Keuken': ' Gedeeld ', 'Badkamer': ' Gedeeld ', 'Toilet': ' Gedeeld ', 'Internet': ' Ja ', 'Energielabel': ' Onbekend ', 'Huisgenoten': '  Meer dan 8 ', 'Geslacht': ' Man ', 'Huisdieren': ' Nee '}",
Landscheidingskade,in Amstelveen,12 m,Totale oppervlakte: 80 m 2,â‚¬ 600,p/m | incl. g/w/e,Gemeubileerd,24-07-2021,5 weken geleden geplaatst,https://kamernet.nl/huren/kamer-amstelveen/landscheidingskade/kamer-1975509,"{'Woonkamer': ' Geen ', 'Keuken': ' Gedeeld ', 'Badkamer': ' Gedeeld ', 'Toilet': ' Gedeeld ', 'Internet': ' Ja ', 'Energielabel': ' A ', 'Huisgenoten': '  1 ', 'Geslacht': ' Man ', 'Huisdieren': ' Nee '}",
Schieweg,in Rotterdam,15 m,Totale oppervlakte: 105 m 2,â‚¬ 580,p/m | incl. g/w/e,Gemeubileerd,29-08-2021,6 weken geleden geplaatst,https://kamernet.nl/huren/kamer-rotterdam/schieweg/kamer-1975212,"{'Woonkamer': ' Gedeeld ', 'Keuken': ' Gedeeld ', 'Badkamer': ' Gedeeld ', 'Toilet': ' Gedeeld ', 'Internet': ' Ja ', 'Energielabel': ' Onbekend ', 'Huisgenoten': '  3 ', 'Geslacht': ' Gemengd ', 'Huisdieren': ' In overleg '}",
Gorechtkade,in Groningen,70 m,Totaal 4 kamers (2 slaapkamers) ,â‚¬ 1250,p/m | excl. g/w/e,Gestoffeerd,01-09-2021,6 weken geleden geplaatst,https://kamernet.nl/huren/appartement-groningen/gorechtkade/appartement-1974965,"{'Woonkamer': ' Eigen ', 'Keuken': ' Eigen ', 'Badkamer': ' Eigen ', 'Toilet': ' Eigen ', 'Internet': ' Nee ', 'Energielabel': ' B ', 'Huisdieren': ' Ja '}",
Anna Paulownastraat,in Eindhoven,19 m,,â‚¬ 400,p/m | excl. g/w/e,Gemeubileerd,01-08-2021,6 weken geleden geplaatst,https://kamernet.nl/huren/kamer-eindhoven/anna-paulownastraat/kamer-1947590,"{'Woonkamer': ' Eigen ', 'Keuken': ' Eigen ', 'Badkamer': ' Gedeeld ', 'Toilet': ' Gedeeld ', 'Internet': ' Ja ', 'Energielabel': ' Onbekend ', 'Huisgenoten': '  1 ', 'Geslacht': ' Vrouw ', 'Huisdieren': ' Nee '}",
Zwanensteeg,in Noordwijk,100 m,Totaal 3 kamers (2 slaapkamers) ,â‚¬ 1475,p/m | excl. g/w/e,Gemeubileerd,01-03-2022 tot 01-09-2022,6 weken geleden geplaatst,https://kamernet.nl/huren/appartement-noordwijk/zwanensteeg/appartement-1974023,"{'Woonkamer': ' Eigen ', 'Keuken': ' Eigen ', 'Badkamer': ' Eigen ', 'Toilet': ' Eigen ', 'Internet': ' Ja ', 'Energielabel': ' Onbekend ', 'Huisdieren': ' Nee '}",
Van Diemenstraat,in Den Haag,62 m,Totaal 3 kamers,â‚¬ 1250,p/m | excl. g/w/e,Gestoffeerd,14-07-2021,7 weken geleden geplaatst,https://kamernet.nl/huren/appartement-den-haag/van-diemenstraat/appartement-1972249,"{'Woonkamer': ' Onbekend ', 'Keuken': ' Onbekend ', 'Badkamer': ' Onbekend ', 'Toilet': ' Onbekend ', 'Internet': ' Onbekend ', 'Energielabel': ' Onbekend ', 'Huisdieren': ' In overleg '}",
Dode Nieuwstraat,in Den Bosch,105 m,Totaal 3 kamers,â‚¬ 1395,p/m | excl. g/w/e,Gestoffeerd,01-07-2021,12 weken geleden geplaatst,https://kamernet.nl/huren/appartement-den-bosch/dode-nieuwstraat/appartement-1952982,"{'Woonkamer': ' Onbekend ', 'Keuken': ' Onbekend ', 'Badkamer': ' Onbekend ', 'Toilet': ' Onbekend ', 'Internet': ' Onbekend ', 'Energielabel': ' Onbekend ', 'Huisdieren': ' In overleg '}",
Wessel Gansfortstraat,in Amsterdam,12 m,Totale oppervlakte: 30 m 2,â‚¬ 550,p/m | incl. g/w/e,Gestoffeerd,19-07-2021,6 weken geleden geplaatst,https://kamernet.nl/huren/kamer-amsterdam/wessel-gansfortstraat/kamer-1974332,"{'Woonkamer': ' Onbekend ', 'Keuken': ' Gedeeld ', 'Badkamer': ' Gedeeld ', 'Toilet': ' Gedeeld ', 'Internet': ' Ja ', 'Energielabel': ' Onbekend ', 'Huisgenoten': '  2 ', 'Geslacht': ' Gemengd ', 'Huisdieren': ' Nee '}",
Steenstraat,in Arnhem,47 m,,â‚¬ 746,p/m | incl. g/w/e,Gestoffeerd,01-10-2021,4 weken geleden geplaatst,https://kamernet.nl/huren/kamer-arnhem/steenstraat/kamer-1978380,"{'Woonkamer': ' Eigen ', 'Keuken': ' Eigen ', 'Badkamer': ' Gedeeld ', 'Toilet': ' Gedeeld ', 'Internet': ' Ja ', 'Energielabel': ' Onbekend ', 'Huisgenoten': '  3 ', 'Geslacht': ' Gemengd ', 'Huisdieren': ' Nee '}",
Vrouwestraat,in Vlissingen,15 m,,â‚¬ 290,p/m | incl. g/w/e,Gestoffeerd,20-07-2021,6 weken geleden geplaatst,https://kamernet.nl/huren/kamer-vlissingen/vrouwestraat/kamer-1974611,"{'Woonkamer': ' Gedeeld ', 'Keuken': ' Gedeeld ', 'Badkamer': ' Gedeeld ', 'Toilet': ' Gedeeld ', 'Internet': ' Ja ', 'Energielabel': ' Onbekend ', 'Huisgenoten': '  Meer dan 8 ', 'Geslacht': ' Gemengd ', 'Huisdieren': ' Nee '}",
Dordtselaan,in Rotterdam,35 m,Totaal 1 kamer (1 slaapkamer) ,â‚¬ 950,p/m | incl. g/w/e,Gestoffeerd,01-08-2021 tot 31-07-2023,6 weken geleden geplaatst,https://kamernet.nl/huren/studio-rotterdam/dordtselaan/studio-1974357,"{'Woonkamer': ' Eigen ', 'Keuken': ' Eigen ', 'Badkamer': ' Eigen ', 'Toilet': ' Eigen ', 'Internet': ' Ja ', 'Energielabel': ' Onbekend ', 'Huisdieren': ' Nee '}",
Graslaan,in Arnhem,75 m,Totaal 5 kamers (2 slaapkamers) ,â‚¬ 1350,p/m | excl. g/w/e,Kaal,12-08-2021,6 weken geleden geplaatst,https://kamernet.nl/huren/appartement-arnhem/graslaan/appartement-1974412,"{'Woonkamer': ' Eigen ', 'Keuken': ' Eigen ', 'Badkamer': ' Eigen ', 'Toilet': ' Eigen ', 'Internet': ' Onbekend ', 'Energielabel': ' A ', 'Huisdieren': ' Nee '}",
Nijverheidstraat,in Enschede,15 m,Totaal 7 kamers (7 slaapkamers) ,â‚¬ 330,p/m | incl. g/w/e,Gestoffeerd,01-08-2021,6 weken geleden geplaatst,https://kamernet.nl/huren/appartement-enschede/nijverheidstraat/appartement-1974447,"{'Woonkamer': ' Gedeeld ', 'Keuken': ' Gedeeld ', 'Badkamer': ' Gedeeld ', 'Toilet': ' Gedeeld ', 'Internet': ' Ja ', 'Energielabel': ' Onbekend ', 'Huisdieren': ' Nee '}",
Sonmansstraat,in Rotterdam,30 m,Totaal 1 kamer (1 slaapkamer) ,â‚¬ 975,p/m | incl. g/w/e,Gestoffeerd,01-11-2021,4 weken geleden geplaatst,https://kamernet.nl/huren/studio-rotterdam/sonmansstraat/studio-1978439,"{'Woonkamer': ' Eigen ', 'Keuken': ' Eigen ', 'Badkamer': ' Eigen ', 'Toilet': ' Eigen ', 'Internet': ' Ja ', 'Energielabel': ' B ', 'Huisdieren': ' Nee '}",
IJdoornlaan,in Amsterdam,6 m,,â‚¬ 650,p/m | incl. g/w/e,Onbekend,20-07-2021,6 weken geleden geplaatst,https://kamernet.nl/huren/kamer-amsterdam/ijdoornlaan/kamer-1974402,"{'Woonkamer': ' Gedeeld ', 'Keuken': ' Gedeeld ', 'Badkamer': ' Gedeeld ', 'Toilet': ' Gedeeld ', 'Internet': ' Ja ', 'Energielabel': ' C ', 'Huisgenoten': '  1 ', 'Geslacht': ' Vrouw ', 'Huisdieren': ' Nee '}",
Azielaan,in Delft,16 m,Totale oppervlakte: 70 m 2,â‚¬ 500,p/m | incl. g/w/e,Gestoffeerd,01-09-2021,6 weken geleden geplaatst,https://kamernet.nl/huren/kamer-delft/azielaan/kamer-1974431,"{'Woonkamer': ' Eigen ', 'Keuken': ' Gedeeld ', 'Badkamer': ' Gedeeld ', 'Toilet': ' Gedeeld ', 'Internet': ' Ja ', 'Energielabel': ' Onbekend ', 'Huisgenoten': '  Onbekend  ', 'Geslacht': ' Onbekend ', 'Huisdieren': ' Nee '}",
Petrarcalaan,in Utrecht,45 m,,â‚¬ 635,p/m | excl. g/w/e,Gemeubileerd,19-07-2021,6 weken geleden geplaatst,https://kamernet.nl/huren/kamer-utrecht/petrarcalaan/kamer-1974428,"{'Woonkamer': ' Eigen ', 'Keuken': ' Eigen ', 'Badkamer': ' Gedeeld ', 'Toilet': ' Gedeeld ', 'Internet': ' Ja ', 'Energielabel': ' Onbekend ', 'Huisgenoten': '  2 ', 'Geslacht': ' Gemengd ', 'Huisdieren': ' Nee '}",
Willem Dreespark,in Den Haag,20 m,,â‚¬ 450,p/m | incl. g/w/e,Gemeubileerd,19-07-2021,6 weken geleden geplaatst,https://kamernet.nl/huren/kamer-den-haag/willem-dreespark/kamer-1974408,"{'Woonkamer': ' Geen ', 'Keuken': ' Gedeeld ', 'Badkamer': ' Gedeeld ', 'Toilet': ' Gedeeld ', 'Internet': ' Ja ', 'Energielabel': ' Onbekend ', 'Huisgenoten': '  2 ', 'Geslacht': ' Gemengd ', 'Huisdieren': ' Nee '}",
Vispoortenplas,in Zwolle,82 m,Totaal 2 kamers,â‚¬ 1275,p/m | excl. g/w/e,Gestoffeerd,23-04-2021,18 weken geleden geplaatst,https://kamernet.nl/huren/appartement-zwolle/vispoortenplas/appartement-1936358,"{'Woonkamer': ' Onbekend ', 'Keuken': ' Onbekend ', 'Badkamer': ' Onbekend ', 'Toilet': ' Onbekend ', 'Internet': ' Onbekend ', 'Energielabel': ' Onbekend ', 'Huisdieren': ' In overleg '}",
Rijksweg-Noord,in Elst,45 m,Totaal 2 kamers,â‚¬ 780,p/m | incl. g/w/e,Gemeubileerd,23-04-2021,18 weken geleden geplaatst,https://kamernet.nl/huren/appartement-elst/rijksweg-noord/appartement-1936421,"{'Woonkamer': ' Onbekend ', 'Keuken': ' Onbekend ', 'Badkamer': ' Onbekend ', 'Toilet': ' Onbekend ', 'Internet': ' Onbekend ', 'Energielabel': ' Onbekend ', 'Huisdieren': ' In overleg '}",
Schilderstraat,in Den Bosch,72 m,Totaal 3 kamers,â‚¬ 1250,p/m | excl. g/w/e,Gestoffeerd,01-06-2021,19 weken geleden geplaatst,https://kamernet.nl/huren/appartement-den-bosch/schilderstraat/appartement-1933288,"{'Woonkamer': ' Onbekend ', 'Keuken': ' Onbekend ', 'Badkamer': ' Onbekend ', 'Toilet': ' Onbekend ', 'Internet': ' Onbekend ', 'Energielabel': ' Onbekend ', 'Huisdieren': ' In overleg '}",
Hooikade,in Den Haag,147 m,Totaal 3 kamers,â‚¬ 3520,p/m | excl. g/w/e,Gemeubileerd,10-07-2021,17 weken geleden geplaatst,https://kamernet.nl/huren/appartement-den-haag/hooikade/appartement-1939709,"{'Woonkamer': ' Onbekend ', 'Keuken': ' Onbekend ', 'Badkamer': ' Onbekend ', 'Toilet': ' Onbekend ', 'Internet': ' Onbekend ', 'Energielabel': ' Onbekend ', 'Huisdieren': ' In overleg '}",
Mastbosstraat,in Breda,73 m,Totaal 4 kamers,â‚¬ 1375,p/m | excl. g/w/e,Gestoffeerd,04-05-2021,17 weken geleden geplaatst,https://kamernet.nl/huren/appartement-breda/mastbosstraat/appartement-1939842,"{'Woonkamer': ' Onbekend ', 'Keuken': ' Onbekend ', 'Badkamer': ' Onbekend ', 'Toilet': ' Onbekend ', 'Internet': ' Onbekend ', 'Energielabel': ' Onbekend ', 'Huisdieren': ' Nee '}",
Noordzee,in Zaandam,28 m,Totale oppervlakte: 67 m 2,â‚¬ 350,p/m | incl. g/w/e,Gestoffeerd,01-09-2021 tot 31-03-2022,6 weken geleden geplaatst,https://kamernet.nl/huren/kamer-zaandam/noordzee/kamer-1974288,"{'Woonkamer': ' Gedeeld ', 'Keuken': ' Gedeeld ', 'Badkamer': ' Gedeeld ', 'Toilet': ' Gedeeld ', 'Internet': ' Ja ', 'Energielabel': ' Onbekend ', 'Huisgenoten': '  1 ', 'Geslacht': ' Gemengd ', 'Huisdieren': ' In overleg '}",
Sint-Janstraat,in Rotterdam,20 m,,â‚¬ 850,p/m | incl. g/w/e,Gemeubileerd,19-07-2021,6 weken geleden geplaatst,https://kamernet.nl/huren/kamer-rotterdam/sint-janstraat/kamer-1974449,"{'Woonkamer': ' Gedeeld ', 'Keuken': ' Gedeeld ', 'Badkamer': ' Gedeeld ', 'Toilet': ' Gedeeld ', 'Internet': ' Ja ', 'Energielabel': ' A ', 'Huisgenoten': '  3 ', 'Geslacht': ' Gemengd ', 'Huisdieren': ' Nee '}",
Lauriergracht,in Amsterdam,70 m,,â‚¬ 2250,p/m | excl. g/w/e,Gemeubileerd,04-05-2021,17 weken geleden geplaatst,https://kamernet.nl/huren/appartement-amsterdam/lauriergracht/appartement-1939627,"{'Woonkamer': ' Onbekend ', 'Keuken': ' Onbekend ', 'Badkamer': ' Onbekend ', 'Toilet': ' Onbekend ', 'Internet': ' Ja ', 'Energielabel': ' Onbekend ', 'Huisdieren': ' In overleg '}",
Willemstraat,in Eindhoven,28 m,,â‚¬ 850,p/m | excl. g/w/e,Gemeubileerd,01-07-2021,17 weken geleden geplaatst,https://kamernet.nl/huren/studio-eindhoven/willemstraat/studio-1940104,"{'Woonkamer': ' Onbekend ', 'Keuken': ' Onbekend ', 'Badkamer': ' Onbekend ', 'Toilet': ' Onbekend ', 'Internet': ' Onbekend ', 'Energielabel': ' Onbekend ', 'Huisdieren': ' Nee '}",
Willemstraat,in Eindhoven,29 m,,â‚¬ 895,p/m | excl. g/w/e,Gemeubileerd,01-07-2021,17 weken geleden geplaatst,https://kamernet.nl/huren/studio-eindhoven/willemstraat/studio-1940105,"{'Woonkamer': ' Onbekend ', 'Keuken': ' Onbekend ', 'Badkamer': ' Onbekend ', 'Toilet': ' Onbekend ', 'Internet': ' Onbekend ', 'Energielabel': ' Onbekend ', 'Huisdieren': ' Nee '}",
Willemstraat,in Eindhoven,39 m,,â‚¬ 950,p/m | excl. g/w/e,Gemeubileerd,01-07-2021,17 weken geleden geplaatst,https://kamernet.nl/huren/studio-eindhoven/willemstraat/studio-1940106,"{'Woonkamer': ' Onbekend ', 'Keuken': ' Onbekend ', 'Badkamer': ' Onbekend ', 'Toilet': ' Onbekend ', 'Internet': ' Onbekend ', 'Energielabel': ' Onbekend ', 'Huisdieren': ' Nee '}",
Willemstraat,in Eindhoven,62 m,Totaal 1 kamer,â‚¬ 1175,p/m | excl. g/w/e,Gemeubileerd,01-07-2021,17 weken geleden geplaatst,https://kamernet.nl/huren/appartement-eindhoven/willemstraat/appartement-1940107,"{'Woonkamer': ' Onbekend ', 'Keuken': ' Onbekend ', 'Badkamer': ' Onbekend ', 'Toilet': ' Onbekend ', 'Internet': ' Onbekend ', 'Energielabel': ' Onbekend ', 'Huisdieren': ' Nee '}",
Willemstraat,in Eindhoven,60 m,Totaal 1 kamer,â‚¬ 1125,p/m | excl. g/w/e,Gemeubileerd,01-07-2021,17 weken geleden geplaatst,https://kamernet.nl/huren/appartement-eindhoven/willemstraat/appartement-1940108,"{'Woonkamer': ' Onbekend ', 'Keuken': ' Onbekend ', 'Badkamer': ' Onbekend ', 'Toilet': ' Onbekend ', 'Internet': ' Onbekend ', 'Energielabel': ' Onbekend ', 'Huisdieren': ' Nee '}",
Stationsstraat,in Vught,81 m,Totaal 3 kamers,â‚¬ 1195,p/m | excl. g/w/e,Gestoffeerd,01-06-2021,16 weken geleden geplaatst,https://kamernet.nl/huren/appartement-vught/stationsstraat/appartement-1941808,"{'Woonkamer': ' Onbekend ', 'Keuken': ' Onbekend ', 'Badkamer': ' Onbekend ', 'Toilet': ' Onbekend ', 'Internet': ' Onbekend ', 'Energielabel': ' Onbekend ', 'Huisdieren': ' In overleg '}",
Mosselweg,in Biddinghuizen,56 m,,â‚¬ 1525,p/m | incl. g/w/e,Gemeubileerd,09-07-2021,15 weken geleden geplaatst,https://kamernet.nl/huren/appartement-biddinghuizen/mosselweg/appartement-1944939,"{'Woonkamer': ' Onbekend ', 'Keuken': ' Onbekend ', 'Badkamer': ' Onbekend ', 'Toilet': ' Onbekend ', 'Internet': ' Ja ', 'Energielabel': ' Onbekend ', 'Huisdieren': ' Nee '}",
Zeezigt,in Diemen,90 m,Totaal 3 kamers,â‚¬ 1600,p/m | excl. g/w/e,Gestoffeerd,01-06-2021,15 weken geleden geplaatst,https://kamernet.nl/huren/appartement-diemen/zeezigt/appartement-1944931,"{'Woonkamer': ' Onbekend ', 'Keuken': ' Onbekend ', 'Badkamer': ' Onbekend ', 'Toilet': ' Onbekend ', 'Internet': ' Onbekend ', 'Energielabel': ' Onbekend ', 'Huisdieren': ' In overleg '}",
Eikenhout,in Julianadorp,170 m,,â‚¬ 1950,p/m | excl. g/w/e,Gemeubileerd,29-05-2021,13 weken geleden geplaatst,https://kamernet.nl/huren/appartement-julianadorp/eikenhout/appartement-1948335,"{'Woonkamer': ' Onbekend ', 'Keuken': ' Onbekend ', 'Badkamer': ' Onbekend ', 'Toilet': ' Onbekend ', 'Internet': ' Onbekend ', 'Energielabel': ' Onbekend ', 'Huisdieren': ' Nee '}",
Oppert,in Rotterdam,20 m,,â‚¬ 850,p/m | incl. g/w/e,Gemeubileerd,19-07-2021,6 weken geleden geplaatst,https://kamernet.nl/huren/kamer-rotterdam/oppert/kamer-1974450,"{'Woonkamer': ' Gedeeld ', 'Keuken': ' Gedeeld ', 'Badkamer': ' Gedeeld ', 'Toilet': ' Gedeeld ', 'Internet': ' Onbekend ', 'Energielabel': ' Onbekend ', 'Huisgenoten': '  3 ', 'Geslacht': ' Gemengd ', 'Huisdieren': ' Nee '}",
Anna Paulownastraat,in Den Haag,92 m,Totaal 3 kamers (2 slaapkamers) ,â‚¬ 3250,p/m | excl. g/w/e,Gemeubileerd,05-08-2021,4 weken geleden geplaatst,https://kamernet.nl/huren/appartement-den-haag/anna-paulownastraat/appartement-1978436,"{'Woonkamer': ' Eigen ', 'Keuken': ' Eigen ', 'Badkamer': ' Eigen ', 'Toilet': ' Eigen ', 'Internet': ' Ja ', 'Energielabel': ' B ', 'Huisdieren': ' Nee '}",
Oppert,in Rotterdam,20 m,,â‚¬ 850,p/m | incl. g/w/e,Gemeubileerd,19-07-2021,6 weken geleden geplaatst,https://kamernet.nl/huren/kamer-rotterdam/oppert/kamer-1974452,"{'Woonkamer': ' Gedeeld ', 'Keuken': ' Gedeeld ', 'Badkamer': ' Gedeeld ', 'Toilet': ' Gedeeld ', 'Internet': ' Ja ', 'Energielabel': ' A ', 'Huisgenoten': '  2 ', 'Geslacht': ' Gemengd ', 'Huisdieren': ' Nee '}",
Oppert,in Rotterdam,8 m,,â‚¬ 750,p/m | incl. g/w/e,Gemeubileerd,19-07-2021,6 weken geleden geplaatst,https://kamernet.nl/huren/kamer-rotterdam/oppert/kamer-1974453,"{'Woonkamer': ' Gedeeld ', 'Keuken': ' Gedeeld ', 'Badkamer': ' Gedeeld ', 'Toilet': ' Gedeeld ', 'Internet': ' Ja ', 'Energielabel': ' A ', 'Huisgenoten': '  3 ', 'Geslacht': ' Gemengd ', 'Huisdieren': ' Nee '}",
Haparandaweg,in Amsterdam,91 m,Totaal 4 kamers (2 slaapkamers) ,â‚¬ 1750,p/m | excl. g/w/e,Gemeubileerd,01-10-2021 tot 30-09-2023,6 weken geleden geplaatst,https://kamernet.nl/huren/appartement-amsterdam/haparandaweg/appartement-1974455,"{'Woonkamer': ' Eigen ', 'Keuken': ' Eigen ', 'Badkamer': ' Eigen ', 'Toilet': ' Eigen ', 'Internet': ' Nee ', 'Energielabel': ' A ', 'Huisdieren': ' Nee '}",
Letlandsestraat,in Rotterdam,45 m,Totaal 1 kamer (1 slaapkamer) ,â‚¬ 850,p/m | excl. g/w/e,Gestoffeerd,20-07-2021,6 weken geleden geplaatst,https://kamernet.nl/huren/studio-rotterdam/letlandsestraat/studio-1974494,"{'Woonkamer': ' Eigen ', 'Keuken': ' Eigen ', 'Badkamer': ' Eigen ', 'Toilet': ' Gedeeld ', 'Internet': ' Onbekend ', 'Energielabel': ' Onbekend ', 'Huisdieren': ' Nee '}",
Letlandsestraat,in Rotterdam,35 m,Totaal 1 kamer (1 slaapkamer) ,â‚¬ 750,p/m | excl. g/w/e,Gestoffeerd,20-07-2021,6 weken geleden geplaatst,https://kamernet.nl/huren/studio-rotterdam/letlandsestraat/studio-1974489,"{'Woonkamer': ' Eigen ', 'Keuken': ' Eigen ', 'Badkamer': ' Eigen ', 'Toilet': ' Gedeeld ', 'Internet': ' Onbekend ', 'Energielabel': ' Onbekend ', 'Huisdieren': ' Nee '}",
Ploegstraat,in Vught,120 m,Totaal 3 kamers,â‚¬ 1750,p/m | excl. g/w/e,Gestoffeerd,09-06-2021,12 weken geleden geplaatst,https://kamernet.nl/huren/appartement-vught/ploegstraat/appartement-1952981,"{'Woonkamer': ' Onbekend ', 'Keuken': ' Onbekend ', 'Badkamer': ' Onbekend ', 'Toilet': ' Onbekend ', 'Internet': ' Onbekend ', 'Energielabel': ' Onbekend ', 'Huisdieren': ' In overleg '}",
Willemstraat,in Eindhoven,76 m,Totaal 2 kamers,â‚¬ 1295,p/m | excl. g/w/e,Gemeubileerd,01-07-2021,17 weken geleden geplaatst,https://kamernet.nl/huren/appartement-eindhoven/willemstraat/appartement-1940102,"{'Woonkamer': ' Onbekend ', 'Keuken': ' Onbekend ', 'Badkamer': ' Onbekend ', 'Toilet': ' Onbekend ', 'Internet': ' Onbekend ', 'Energielabel': ' Onbekend ', 'Huisdieren': ' Nee '}",
Beethovenstraat,in Amsterdam,210 m,,â‚¬ 3500,p/m | excl. g/w/e,Gestoffeerd,20-06-2021,11 weken geleden geplaatst,https://kamernet.nl/huren/appartement-amsterdam/beethovenstraat/appartement-1956241,"{'Woonkamer': ' Onbekend ', 'Keuken': ' Onbekend ', 'Badkamer': ' Onbekend ', 'Toilet': ' Onbekend ', 'Internet': ' Onbekend ', 'Energielabel': ' Onbekend ', 'Huisdieren': ' In overleg '}",
Pletterijkade,in Den Haag,279 m,Totaal 6 kamers,â‚¬ 2500,p/m | excl. g/w/e,Gestoffeerd,29-07-2021,11 weken geleden geplaatst,https://kamernet.nl/huren/appartement-den-haag/pletterijkade/appartement-1956302,"{'Woonkamer': ' Onbekend ', 'Keuken': ' Onbekend ', 'Badkamer': ' Onbekend ', 'Toilet': ' Onbekend ', 'Internet': ' Onbekend ', 'Energielabel': ' Onbekend ', 'Huisdieren': ' In overleg '}",
Haagstraat,in Sittard,100 m,,â‚¬ 1200,p/m | excl. g/w/e,Gemeubileerd,15-08-2021,10 weken geleden geplaatst,https://kamernet.nl/huren/appartement-sittard/haagstraat/appartement-1958828,"{'Woonkamer': ' Onbekend ', 'Keuken': ' Onbekend ', 'Badkamer': ' Onbekend ', 'Toilet': ' Onbekend ', 'Internet': ' Onbekend ', 'Energielabel': ' Onbekend ', 'Huisdieren': ' In overleg '}",
Frederik van Eedenlaan,in Hilversum,55 m,Totaal 2 kamers,â‚¬ 1075,p/m | excl. g/w/e,Gestoffeerd,27-07-2021,10 weken geleden geplaatst,https://kamernet.nl/huren/appartement-hilversum/frederik-van-eedenlaan/appartement-1959999,"{'Woonkamer': ' Onbekend ', 'Keuken': ' Onbekend ', 'Badkamer': ' Onbekend ', 'Toilet': ' Onbekend ', 'Internet': ' Onbekend ', 'Energielabel': ' Onbekend ', 'Huisdieren': ' In overleg '}",
Wormerhoek,in Capelle aan den IJssel,36 m,Totaal 1 kamer,â‚¬ 696,p/m | excl. g/w/e,Onbekend,23-06-2021,10 weken geleden geplaatst,https://kamernet.nl/huren/appartement-capelle-aan-den-ijssel/wormerhoek/appartement-1960304,"{'Woonkamer': ' Onbekend ', 'Keuken': ' Onbekend ', 'Badkamer': ' Onbekend ', 'Toilet': ' Onbekend ', 'Internet': ' Onbekend ', 'Energielabel': ' Onbekend ', 'Huisdieren': ' In overleg '}",
Dr. Poelsstraat,in Heerlen,135 m,,â‚¬ 1075,p/m | excl. g/w/e,Gestoffeerd,23-06-2021,10 weken geleden geplaatst,https://kamernet.nl/huren/appartement-heerlen/dr.-poelsstraat/appartement-1960293,"{'Woonkamer': ' Onbekend ', 'Keuken': ' Onbekend ', 'Badkamer': ' Onbekend ', 'Toilet': ' Onbekend ', 'Internet': ' Onbekend ', 'Energielabel': ' Onbekend ', 'Huisdieren': ' In overleg '}",
Achter de Kerk,in Geldrop,119 m,Totaal 2 kamers,â‚¬ 1150,p/m | excl. g/w/e,Onbekend,25-06-2021,9 weken geleden geplaatst,https://kamernet.nl/huren/appartement-geldrop/achter-de-kerk/appartement-1961970,"{'Woonkamer': ' Onbekend ', 'Keuken': ' Onbekend ', 'Badkamer': ' Onbekend ', 'Toilet': ' Onbekend ', 'Internet': ' Onbekend ', 'Energielabel': ' Onbekend ', 'Huisdieren': ' In overleg '}",
Willemstraat,in Eindhoven,27 m,,â‚¬ 850,p/m | excl. g/w/e,Gemeubileerd,01-07-2021,17 weken geleden geplaatst,https://kamernet.nl/huren/studio-eindhoven/willemstraat/studio-1940103,"{'Woonkamer': ' Onbekend ', 'Keuken': ' Onbekend ', 'Badkamer': ' Onbekend ', 'Toilet': ' Onbekend ', 'Internet': ' Onbekend ', 'Energielabel': ' Onbekend ', 'Huisdieren': ' Nee '}",
Amsterdamsestraatweg,in Naarden,80 m,Totaal 2 kamers,â‚¬ 1100,p/m | excl. g/w/e,Gemeubileerd,27-08-2021,9 weken geleden geplaatst,https://kamernet.nl/huren/appartement-naarden/amsterdamsestraatweg/appartement-1963466,"{'Woonkamer': ' Onbekend ', 'Keuken': ' Onbekend ', 'Badkamer': ' Onbekend ', 'Toilet': ' Onbekend ', 'Internet': ' Onbekend ', 'Energielabel': ' Onbekend ', 'Huisdieren': ' In overleg '}",
Parallelstraat,in Amstenrade,100 m,,â‚¬ 950,p/m | excl. g/w/e,Gestoffeerd,03-07-2021,8 weken geleden geplaatst,https://kamernet.nl/huren/appartement-amstenrade/parallelstraat/appartement-1965399,"{'Woonkamer': ' Onbekend ', 'Keuken': ' Onbekend ', 'Badkamer': ' Onbekend ', 'Toilet': ' Onbekend ', 'Internet': ' Onbekend ', 'Energielabel': ' Onbekend ', 'Huisdieren': ' In overleg '}",
Aubeldomein,in Maastricht,64 m,,â‚¬ 975,p/m | excl. g/w/e,Gestoffeerd,07-07-2021,8 weken geleden geplaatst,https://kamernet.nl/huren/appartement-maastricht/aubeldomein/appartement-1970476,"{'Woonkamer': ' Onbekend ', 'Keuken': ' Onbekend ', 'Badkamer': ' Onbekend ', 'Toilet': ' Onbekend ', 'Internet': ' Onbekend ', 'Energielabel': ' Onbekend ', 'Huisdieren': ' In overleg '}",
Stadionweg,in Amsterdam,120 m,Totaal 3 kamers,â‚¬ 2245,p/m | excl. g/w/e,Gemeubileerd,09-07-2021,8 weken geleden geplaatst,https://kamernet.nl/huren/appartement-amsterdam/stadionweg/appartement-1970868,"{'Woonkamer': ' Onbekend ', 'Keuken': ' Onbekend ', 'Badkamer': ' Onbekend ', 'Toilet': ' Onbekend ', 'Internet': ' Onbekend ', 'Energielabel': ' Onbekend ', 'Huisdieren': ' In overleg '}",
Pater Schreursstraat,in Sittard,240 m,,â‚¬ 1400,p/m | excl. g/w/e,Gemeubileerd,15-06-2021,11 weken geleden geplaatst,https://kamernet.nl/huren/appartement-sittard/pater-schreursstraat/appartement-1955861,"{'Woonkamer': ' Onbekend ', 'Keuken': ' Onbekend ', 'Badkamer': ' Onbekend ', 'Toilet': ' Onbekend ', 'Internet': ' Onbekend ', 'Energielabel': ' Onbekend ', 'Huisdieren': ' In overleg '}",
Proveniersstraat,in Rotterdam,60 m,Totaal 1 kamer,â‚¬ 1095,p/m | excl. g/w/e,Gemeubileerd,30-06-2021,9 weken geleden geplaatst,https://kamernet.nl/huren/appartement-rotterdam/proveniersstraat/appartement-1963400,"{'Woonkamer': ' Onbekend ', 'Keuken': ' Onbekend ', 'Badkamer': ' Onbekend ', 'Toilet': ' Onbekend ', 'Internet': ' Onbekend ', 'Energielabel': ' Onbekend ', 'Huisdieren': ' In overleg '}",
Bogardeind,in Geldrop,136 m,Totaal 4 kamers,â‚¬ 1395,p/m | excl. g/w/e,Gestoffeerd,31-08-2021 tot 30-08-2023,7 weken geleden geplaatst,https://kamernet.nl/huren/appartement-geldrop/bogardeind/appartement-1972034,"{'Woonkamer': ' Onbekend ', 'Keuken': ' Onbekend ', 'Badkamer': ' Onbekend ', 'Toilet': ' Onbekend ', 'Internet': ' Onbekend ', 'Energielabel': ' Onbekend ', 'Huisdieren': ' In overleg '}",
Kloosterdijk,in Monnickendam,42 m,Totaal 3 kamers,â‚¬ 1350,p/m | excl. g/w/e,Gemeubileerd,16-07-2021 tot 29-06-2023,7 weken geleden geplaatst,https://kamernet.nl/huren/appartement-monnickendam/kloosterdijk/appartement-1973474,"{'Woonkamer': ' Onbekend ', 'Keuken': ' Onbekend ', 'Badkamer': ' Onbekend ', 'Toilet': ' Onbekend ', 'Internet': ' Onbekend ', 'Energielabel': ' Onbekend ', 'Huisdieren': ' In overleg '}",
Larensestraat,in Den Haag,14 m,Totale oppervlakte: 70 m 2,â‚¬ 550,p/m | excl. g/w/e,Kaal,20-07-2021,6 weken geleden geplaatst,https://kamernet.nl/huren/kamer-den-haag/larensestraat/kamer-1973639,"{'Woonkamer': ' Gedeeld ', 'Keuken': ' Gedeeld ', 'Badkamer': ' Gedeeld ', 'Toilet': ' Gedeeld ', 'Internet': ' Ja ', 'Energielabel': ' Onbekend ', 'Huisgenoten': '  1 ', 'Geslacht': ' Man ', 'Huisdieren': ' Nee '}",
Veemarkt,in Zwolle,16 m,Totale oppervlakte: 30 m 2,â‚¬ 395,p/m | incl. g/w/e,Kaal,16-07-2021,6 weken geleden geplaatst,https://kamernet.nl/huren/kamer-zwolle/veemarkt/kamer-1973637,"{'Woonkamer': ' Onbekend ', 'Keuken': ' Gedeeld ', 'Badkamer': ' Gedeeld ', 'Toilet': ' Gedeeld ', 'Internet': ' Ja ', 'Energielabel': ' Onbekend ', 'Huisgenoten': '  4  ', 'Geslacht': ' Gemengd ', 'Huisdieren': ' Nee '}",
Letlandsestraat,in Rotterdam,30 m,Totaal 1 kamer (1 slaapkamer) ,â‚¬ 750,p/m | excl. g/w/e,Gestoffeerd,17-07-2021,6 weken geleden geplaatst,https://kamernet.nl/huren/studio-rotterdam/letlandsestraat/studio-1973659,"{'Woonkamer': ' Eigen ', 'Keuken': ' Eigen ', 'Badkamer': ' Eigen ', 'Toilet': ' Gedeeld ', 'Internet': ' Onbekend ', 'Energielabel': ' Onbekend ', 'Huisdieren': ' Nee '}",
Leyweg,in Den Haag,14 m,Totale oppervlakte: 75 m 2,â‚¬ 550,p/m | incl. g/w/e,Gestoffeerd,16-07-2021,6 weken geleden geplaatst,https://kamernet.nl/huren/kamer-den-haag/leyweg/kamer-1973664,"{'Woonkamer': ' Eigen ', 'Keuken': ' Gedeeld ', 'Badkamer': ' Gedeeld ', 'Toilet': ' Gedeeld ', 'Internet': ' Ja ', 'Energielabel': ' Onbekend ', 'Huisgenoten': '  4  ', 'Geslacht': ' Gemengd ', 'Huisdieren': ' Nee '}",
Letlandsestraat,in Rotterdam,45 m,Totaal 1 kamer (1 slaapkamer) ,â‚¬ 850,p/m | excl. g/w/e,Gestoffeerd,17-07-2021,6 weken geleden geplaatst,https://kamernet.nl/huren/studio-rotterdam/letlandsestraat/studio-1973666,"{'Woonkamer': ' Eigen ', 'Keuken': ' Eigen ', 'Badkamer': ' Eigen ', 'Toilet': ' Gedeeld ', 'Internet': ' Onbekend ', 'Energielabel': ' Onbekend ', 'Huisdieren': ' Nee '}",
Kolmschotlanden,in Enschede,20 m,,â‚¬ 460,p/m | incl. g/w/e,Gemeubileerd,16-07-2021,6 weken geleden geplaatst,https://kamernet.nl/huren/kamer-enschede/kolmschotlanden/kamer-1973685,"{'Woonkamer': ' Gedeeld ', 'Keuken': ' Gedeeld ', 'Badkamer': ' Gedeeld ', 'Toilet': ' Gedeeld ', 'Internet': ' Ja ', 'Energielabel': ' Onbekend ', 'Huisgenoten': '  4  ', 'Geslacht': ' Man ', 'Huisdieren': ' Nee '}",
Azaleastraat,in Den Haag,65 m,Totaal 2 kamers,â‚¬ 1550,p/m | excl. g/w/e,Gestoffeerd,16-07-2021,6 weken geleden geplaatst,https://kamernet.nl/huren/appartement-den-haag/azaleastraat/appartement-1973701,"{'Woonkamer': ' Onbekend ', 'Keuken': ' Onbekend ', 'Badkamer': ' Onbekend ', 'Toilet': ' Onbekend ', 'Internet': ' Onbekend ', 'Energielabel': ' Onbekend ', 'Huisdieren': ' In overleg '}",
Orteliusstraat,in Amsterdam,50 m,,â‚¬ 1550,p/m | excl. g/w/e,Gemeubileerd,01-10-2021,7 weken geleden geplaatst,https://kamernet.nl/huren/appartement-amsterdam/orteliusstraat/appartement-1971036,"{'Woonkamer': ' Onbekend ', 'Keuken': ' Onbekend ', 'Badkamer': ' Onbekend ', 'Toilet': ' Onbekend ', 'Internet': ' Ja ', 'Energielabel': ' Onbekend ', 'Huisdieren': ' In overleg '}",
Oliemolensingel,in Enschede,15 m,Totaal 8 kamers (4 slaapkamers) ,â‚¬ 343,p/m | incl. g/w/e,Gestoffeerd,24-08-2021,6 weken geleden geplaatst,https://kamernet.nl/huren/appartement-enschede/oliemolensingel/appartement-1973751,"{'Woonkamer': ' Gedeeld ', 'Keuken': ' Gedeeld ', 'Badkamer': ' Gedeeld ', 'Toilet': ' Gedeeld ', 'Internet': ' Ja ', 'Energielabel': ' Onbekend ', 'Huisdieren': ' Nee '}",
Soetendaalseweg,in Rotterdam,16 m,Totale oppervlakte: 60 m 2,â‚¬ 550,p/m | excl. g/w/e,Gestoffeerd,01-08-2021 tot 01-02-2022,6 weken geleden geplaatst,https://kamernet.nl/huren/kamer-rotterdam/soetendaalseweg/kamer-1974483,"{'Woonkamer': ' Gedeeld ', 'Keuken': ' Gedeeld ', 'Badkamer': ' Gedeeld ', 'Toilet': ' Gedeeld ', 'Internet': ' Ja ', 'Energielabel': ' C ', 'Huisgenoten': '  2 ', 'Geslacht': ' Man ', 'Huisdieren': ' Nee '}",
Groenhoven,in Amsterdam,19 m,,â‚¬ 570,p/m | incl. g/w/e,Gestoffeerd,01-08-2021,6 weken geleden geplaatst,https://kamernet.nl/huren/kamer-amsterdam/groenhoven/kamer-1973762,"{'Woonkamer': ' Gedeeld ', 'Keuken': ' Gedeeld ', 'Badkamer': ' Gedeeld ', 'Toilet': ' Gedeeld ', 'Internet': ' Ja ', 'Energielabel': ' Onbekend ', 'Huisgenoten': '  3 ', 'Geslacht': ' Gemengd ', 'Huisdieren': ' Nee '}",
Kloveniersburgwal,in Amsterdam,52 m,Totaal 2 kamers (1 slaapkamer) ,â‚¬ 1650,p/m | incl. g/w/e,Gemeubileerd,01-08-2021 tot 10-09-2021,6 weken geleden geplaatst,https://kamernet.nl/huren/appartement-amsterdam/kloveniersburgwal/appartement-1973797,"{'Woonkamer': ' Eigen ', 'Keuken': ' Eigen ', 'Badkamer': ' Eigen ', 'Toilet': ' Eigen ', 'Internet': ' Ja ', 'Energielabel': ' Onbekend ', 'Huisdieren': ' Ja '}",
Lambertusstraat,in Rotterdam,8 m,Totale oppervlakte: 100 m 2,â‚¬ 376,p/m | incl. g/w/e,Kaal,01-08-2021,6 weken geleden geplaatst,https://kamernet.nl/huren/kamer-rotterdam/lambertusstraat/kamer-1973783,"{'Woonkamer': ' Gedeeld ', 'Keuken': ' Gedeeld ', 'Badkamer': ' Gedeeld ', 'Toilet': ' Gedeeld ', 'Internet': ' Ja ', 'Energielabel': ' B ', 'Huisgenoten': '  4  ', 'Geslacht': ' Man ', 'Huisdieren': ' In overleg '}",
Laan op Zuid,in Rotterdam,30 m,Totale oppervlakte: 80 m 2,â‚¬ 750,p/m | incl. g/w/e,Gemeubileerd,30-09-2021,6 weken geleden geplaatst,https://kamernet.nl/huren/kamer-rotterdam/laan-op-zuid/kamer-1973796,"{'Woonkamer': ' Gedeeld ', 'Keuken': ' Gedeeld ', 'Badkamer': ' Gedeeld ', 'Toilet': ' Gedeeld ', 'Internet': ' Ja ', 'Energielabel': ' B ', 'Huisgenoten': '  3 ', 'Geslacht': ' Vrouw ', 'Huisdieren': ' Nee '}",
Olmenstraat,in Haarlem,75 m,Totaal 3 kamers (2 slaapkamers) ,â‚¬ 1222,p/m | incl. g/w/e,Gemeubileerd,29-09-2021 tot 31-03-2022,6 weken geleden geplaatst,https://kamernet.nl/huren/appartement-haarlem/olmenstraat/appartement-1973821,"{'Woonkamer': ' Eigen ', 'Keuken': ' Eigen ', 'Badkamer': ' Eigen ', 'Toilet': ' Eigen ', 'Internet': ' Ja ', 'Energielabel': ' Onbekend ', 'Huisdieren': ' In overleg '}",
Lorentzplein,in Den Haag,15 m,,â‚¬ 500,p/m | incl. g/w/e,Gemeubileerd,17-07-2021 tot 01-01-2022,6 weken geleden geplaatst,https://kamernet.nl/huren/kamer-den-haag/lorentzplein/kamer-1973860,"{'Woonkamer': ' Gedeeld ', 'Keuken': ' Gedeeld ', 'Badkamer': ' Gedeeld ', 'Toilet': ' Gedeeld ', 'Internet': ' Ja ', 'Energielabel': ' Onbekend ', 'Huisgenoten': '  1 ', 'Geslacht': ' Man ', 'Huisdieren': ' Nee '}",
Dorpsstraat,in Emmen,15 m,Totale oppervlakte: 100 m 2,â‚¬ 325,p/m | incl. g/w/e,Gemeubileerd,18-07-2021,6 weken geleden geplaatst,https://kamernet.nl/huren/kamer-emmen/dorpsstraat/kamer-1974064,"{'Woonkamer': ' Gedeeld ', 'Keuken': ' Gedeeld ', 'Badkamer': ' Gedeeld ', 'Toilet': ' Gedeeld ', 'Internet': ' Ja ', 'Energielabel': ' Onbekend ', 'Huisgenoten': '  2 ', 'Geslacht': ' Gemengd ', 'Huisdieren': ' Nee '}",
Lambertus Zijlplein,in Amsterdam,11 m,,â‚¬ 500,p/m | incl. g/w/e,Gemeubileerd,10-01-2021,6 weken geleden geplaatst,https://kamernet.nl/huren/kamer-amsterdam/lambertus-zijlplein/kamer-1974054,"{'Woonkamer': ' Gedeeld ', 'Keuken': ' Gedeeld ', 'Badkamer': ' Gedeeld ', 'Toilet': ' Gedeeld ', 'Internet': ' Ja ', 'Energielabel': ' Onbekend ', 'Huisgenoten': '  2 ', 'Geslacht': ' Onbekend ', 'Huisdieren': ' Nee '}",
Lambertus Zijlplein,in Amsterdam,11 m,,â‚¬ 500,p/m | incl. g/w/e,Gemeubileerd,30-03-2021,6 weken geleden geplaatst,https://kamernet.nl/huren/kamer-amsterdam/lambertus-zijlplein/kamer-1974053,"{'Woonkamer': ' Gedeeld ', 'Keuken': ' Gedeeld ', 'Badkamer': ' Gedeeld ', 'Toilet': ' Gedeeld ', 'Internet': ' Ja ', 'Energielabel': ' Onbekend ', 'Huisgenoten': '  1 ', 'Geslacht': ' Onbekend ', 'Huisdieren': ' Nee '}",
Oppert,in Rotterdam,10 m,,â‚¬ 750,p/m | incl. g/w/e,Gemeubileerd,19-07-2021,6 weken geleden geplaatst,https://kamernet.nl/huren/kamer-rotterdam/oppert/kamer-1974451,"{'Woonkamer': ' Gedeeld ', 'Keuken': ' Gedeeld ', 'Badkamer': ' Gedeeld ', 'Toilet': ' Gedeeld ', 'Internet': ' Ja ', 'Energielabel': ' A ', 'Huisgenoten': '  3 ', 'Geslacht': ' Gemengd ', 'Huisdieren': ' Nee '}",
De Lairesselaan,in Rotterdam,15 m,,â‚¬ 549,p/m | incl. g/w/e,Gestoffeerd,01-08-2021,6 weken geleden geplaatst,https://kamernet.nl/huren/kamer-rotterdam/de-lairesselaan/kamer-1974109,"{'Woonkamer': ' Gedeeld ', 'Keuken': ' Gedeeld ', 'Badkamer': ' Gedeeld ', 'Toilet': ' Gedeeld ', 'Internet': ' Ja ', 'Energielabel': ' Onbekend ', 'Huisgenoten': '  2 ', 'Geslacht': ' Man ', 'Huisdieren': ' Nee '}",
Herenhof,in Heerenveen,8 m,,â‚¬ 320,p/m | incl. g/w/e,Gemeubileerd,18-07-2021,6 weken geleden geplaatst,https://kamernet.nl/huren/kamer-heerenveen/herenhof/kamer-1974080,"{'Woonkamer': ' Geen ', 'Keuken': ' Gedeeld ', 'Badkamer': ' Gedeeld ', 'Toilet': ' Gedeeld ', 'Internet': ' Ja ', 'Energielabel': ' Onbekend ', 'Huisgenoten': '  3 ', 'Geslacht': ' Gemengd ', 'Huisdieren': ' Nee '}",
Boomstraat,in Tilburg,80 m,Totaal 3 kamers,â‚¬ 1450,p/m | excl. g/w/e,Onbekend,13-07-2021,7 weken geleden geplaatst,https://kamernet.nl/huren/appartement-tilburg/boomstraat/appartement-1971992,"{'Woonkamer': ' Onbekend ', 'Keuken': ' Onbekend ', 'Badkamer': ' Onbekend ', 'Toilet': ' Onbekend ', 'Internet': ' Onbekend ', 'Energielabel': ' Onbekend ', 'Huisdieren': ' Nee '}",
Teding van Berkhoutlaan,in Delft,12 m,Totale oppervlakte: 62 m 2,â‚¬ 400,p/m | incl. g/w/e,Gemeubileerd,25-12-2021,6 weken geleden geplaatst,https://kamernet.nl/huren/kamer-delft/teding-van-berkhoutlaan/kamer-1974129,"{'Woonkamer': ' Geen ', 'Keuken': ' Gedeeld ', 'Badkamer': ' Gedeeld ', 'Toilet': ' Gedeeld ', 'Internet': ' Ja ', 'Energielabel': ' Onbekend ', 'Huisgenoten': '  2 ', 'Geslacht': ' Gemengd ', 'Huisdieren': ' Nee '}",
Klaroenlaan,in Utrecht,15 m,,â‚¬ 700,p/m | incl. g/w/e,Gemeubileerd,01-09-2021 tot 31-08-2022,6 weken geleden geplaatst,https://kamernet.nl/huren/kamer-utrecht/klaroenlaan/kamer-1974176,"{'Woonkamer': ' Geen ', 'Keuken': ' Gedeeld ', 'Badkamer': ' Gedeeld ', 'Toilet': ' Gedeeld ', 'Internet': ' Nee ', 'Energielabel': ' Onbekend ', 'Huisgenoten': '  1 ', 'Geslacht': ' Vrouw ', 'Huisdieren': ' Nee '}",
Schollenbrugstraat,in Amsterdam,8 m,Totale oppervlakte: 55 m 2,â‚¬ 650,p/m | incl. g/w/e,Kaal,01-08-2021,6 weken geleden geplaatst,https://kamernet.nl/huren/kamer-amsterdam/schollenbrugstraat/kamer-1974094,"{'Woonkamer': ' Eigen ', 'Keuken': ' Eigen ', 'Badkamer': ' Eigen ', 'Toilet': ' Eigen ', 'Internet': ' Ja ', 'Energielabel': ' Onbekend ', 'Huisgenoten': '  1 ', 'Geslacht': ' Man ', 'Huisdieren': ' Nee '}",
Smildestraat,in Almere,20 m,Totale oppervlakte: 150 m 2,â‚¬ 675,p/m | incl. g/w/e,Gemeubileerd,31-07-2021,6 weken geleden geplaatst,https://kamernet.nl/huren/kamer-almere/smildestraat/kamer-1974215,"{'Woonkamer': ' Onbekend ', 'Keuken': ' Onbekend ', 'Badkamer': ' Onbekend ', 'Toilet': ' Onbekend ', 'Internet': ' Onbekend ', 'Energielabel': ' Onbekend ', 'Huisgenoten': '  2 ', 'Geslacht': ' Gemengd ', 'Huisdieren': ' In overleg '}",
Walstraat,in Enschede,15 m,,â‚¬ 375,p/m | incl. g/w/e,Kaal,19-07-2021,6 weken geleden geplaatst,https://kamernet.nl/huren/kamer-enschede/walstraat/kamer-1974222,"{'Woonkamer': ' Gedeeld ', 'Keuken': ' Gedeeld ', 'Badkamer': ' Gedeeld ', 'Toilet': ' Gedeeld ', 'Internet': ' Ja ', 'Energielabel': ' Onbekend ', 'Huisgenoten': '  4  ', 'Geslacht': ' Gemengd ', 'Huisdieren': ' In overleg '}",
Boterstraat,in Schiedam,14 m,Totale oppervlakte: 61 m 2,â‚¬ 497,p/m | excl. g/w/e,Gestoffeerd,19-07-2021,6 weken geleden geplaatst,https://kamernet.nl/huren/kamer-schiedam/boterstraat/kamer-1974307,"{'Woonkamer': ' Gedeeld ', 'Keuken': ' Gedeeld ', 'Badkamer': ' Gedeeld ', 'Toilet': ' Gedeeld ', 'Internet': ' Nee ', 'Energielabel': ' C ', 'Huisgenoten': '  3 ', 'Geslacht': ' Gemengd ', 'Huisdieren': ' Nee '}",
Boterstraat,in Schiedam,13 m,Totale oppervlakte: 66 m 2,â‚¬ 525,p/m | excl. g/w/e,Gestoffeerd,19-07-2021,6 weken geleden geplaatst,https://kamernet.nl/huren/kamer-schiedam/boterstraat/kamer-1974308,"{'Woonkamer': ' Gedeeld ', 'Keuken': ' Gedeeld ', 'Badkamer': ' Gedeeld ', 'Toilet': ' Gedeeld ', 'Internet': ' Nee ', 'Energielabel': ' C ', 'Huisgenoten': '  3 ', 'Geslacht': ' Gemengd ', 'Huisdieren': ' Nee '}",
Boterstraat,in Schiedam,15 m,Totale oppervlakte: 62 m 2,â‚¬ 513,p/m | excl. g/w/e,Gestoffeerd,19-07-2021,6 weken geleden geplaatst,https://kamernet.nl/huren/kamer-schiedam/boterstraat/kamer-1974309,"{'Woonkamer': ' Gedeeld ', 'Keuken': ' Gedeeld ', 'Badkamer': ' Gedeeld ', 'Toilet': ' Gedeeld ', 'Internet': ' Nee ', 'Energielabel': ' C ', 'Huisgenoten': '  3 ', 'Geslacht': ' Gemengd ', 'Huisdieren': ' Nee '}",
Zijtak WZ,in Nieuw-Amsterdam,20 m,Totaal 1 kamer (1 slaapkamer) ,â‚¬ 260,p/m | incl. g/w/e,Kaal,16-07-2021,6 weken geleden geplaatst,https://kamernet.nl/huren/anti-kraak-nieuw-amsterdam/zijtak-wz/anti-kraak-1973759,"{'Woonkamer': ' Gedeeld ', 'Keuken': ' Gedeeld ', 'Badkamer': ' Gedeeld ', 'Toilet': ' Gedeeld ', 'Internet': ' Ja ', 'Energielabel': ' Onbekend ', 'Huisdieren': ' Nee '}",
Lipperkerkstraat,in Enschede,10 m,,â‚¬ 240,p/m | incl. g/w/e,Gemeubileerd,25-08-2021 tot 01-02-2022,6 weken geleden geplaatst,https://kamernet.nl/huren/kamer-enschede/lipperkerkstraat/kamer-1974317,"{'Woonkamer': ' Gedeeld ', 'Keuken': ' Gedeeld ', 'Badkamer': ' Gedeeld ', 'Toilet': ' Gedeeld ', 'Internet': ' Ja ', 'Energielabel': ' Onbekend ', 'Huisgenoten': '  7 ', 'Geslacht': ' Gemengd ', 'Huisdieren': ' Nee '}",
Tandwielstraat,in Rotterdam,25 m,Totaal 1 kamer (1 slaapkamer) ,â‚¬ 709,p/m | excl. g/w/e,Gemeubileerd,16-07-2021,6 weken geleden geplaatst,https://kamernet.nl/huren/studio-rotterdam/tandwielstraat/studio-1973713,"{'Woonkamer': ' Eigen ', 'Keuken': ' Eigen ', 'Badkamer': ' Eigen ', 'Toilet': ' Eigen ', 'Internet': ' Onbekend ', 'Energielabel': ' Onbekend ', 'Huisdieren': ' Nee '}",
Vrouwestraat,in Vlissingen,18 m,,â‚¬ 290,p/m | incl. g/w/e,Gestoffeerd,20-07-2021,6 weken geleden geplaatst,https://kamernet.nl/huren/kamer-vlissingen/vrouwestraat/kamer-1974613,"{'Woonkamer': ' Gedeeld ', 'Keuken': ' Gedeeld ', 'Badkamer': ' Gedeeld ', 'Toilet': ' Gedeeld ', 'Internet': ' Ja ', 'Energielabel': ' Onbekend ', 'Huisgenoten': '  Meer dan 8 ', 'Geslacht': ' Gemengd ', 'Huisdieren': ' Nee '}",
Marnixkade,in Amsterdam,60 m,Totaal 3 kamers (1 slaapkamer) ,â‚¬ 1500,p/m | excl. g/w/e,Gemeubileerd,01-08-2021 tot 01-08-2023,6 weken geleden geplaatst,https://kamernet.nl/huren/appartement-amsterdam/marnixkade/appartement-1974681,"{'Woonkamer': ' Eigen ', 'Keuken': ' Eigen ', 'Badkamer': ' Eigen ', 'Toilet': ' Eigen ', 'Internet': ' Ja ', 'Energielabel': ' Onbekend ', 'Huisdieren': ' Nee '}",
Maaskade,in Rotterdam,25 m,,â‚¬ 525,p/m | incl. g/w/e,Gestoffeerd,01-08-2021,6 weken geleden geplaatst,https://kamernet.nl/huren/kamer-rotterdam/maaskade/kamer-1974738,"{'Woonkamer': ' Geen ', 'Keuken': ' Gedeeld ', 'Badkamer': ' Gedeeld ', 'Toilet': ' Gedeeld ', 'Internet': ' Ja ', 'Energielabel': ' C ', 'Huisgenoten': '  3 ', 'Geslacht': ' Gemengd ', 'Huisdieren': ' Nee '}",
Strevelsweg,in Rotterdam,20 m,,â‚¬ 425,p/m | incl. g/w/e,Gestoffeerd,01-08-2021,6 weken geleden geplaatst,https://kamernet.nl/huren/kamer-rotterdam/strevelsweg/kamer-1974729,"{'Woonkamer': ' Onbekend ', 'Keuken': ' Gedeeld ', 'Badkamer': ' Gedeeld ', 'Toilet': ' Gedeeld ', 'Internet': ' Ja ', 'Energielabel': ' C ', 'Huisgenoten': '  2 ', 'Geslacht': ' Vrouw ', 'Huisdieren': ' Nee '}",
Keizer Karelweg,in Amstelveen,85 m,Totaal 3 kamers (2 slaapkamers) ,â‚¬ 1500,p/m | excl. g/w/e,Gestoffeerd,17-07-2021,6 weken geleden geplaatst,https://kamernet.nl/huren/appartement-amstelveen/keizer-karelweg/appartement-1973985,"{'Woonkamer': ' Eigen ', 'Keuken': ' Eigen ', 'Badkamer': ' Eigen ', 'Toilet': ' Eigen ', 'Internet': ' Ja ', 'Energielabel': ' Onbekend ', 'Huisdieren': ' Nee '}",
Henriettedreef,in Utrecht,15 m,Totale oppervlakte: 75 m 2,â‚¬ 450,p/m | incl. g/w/e,Gemeubileerd,01-08-2021,6 weken geleden geplaatst,https://kamernet.nl/huren/kamer-utrecht/henriettedreef/kamer-1974111,"{'Woonkamer': ' Onbekend ', 'Keuken': ' Onbekend ', 'Badkamer': ' Onbekend ', 'Toilet': ' Onbekend ', 'Internet': ' Onbekend ', 'Energielabel': ' Onbekend ', 'Huisgenoten': '  Onbekend  ', 'Geslacht': ' Onbekend ', 'Huisdieren': ' Nee '}",
Soestdijksekade,in Den Haag,76 m,Totaal 3 kamers (1 slaapkamer) ,â‚¬ 1350,p/m | excl. g/w/e,Gestoffeerd,01-08-2021 tot 31-07-2022,6 weken geleden geplaatst,https://kamernet.nl/huren/appartement-den-haag/soestdijksekade/appartement-1974791,"{'Woonkamer': ' Eigen ', 'Keuken': ' Eigen ', 'Badkamer': ' Eigen ', 'Toilet': ' Eigen ', 'Internet': ' Ja ', 'Energielabel': ' E ', 'Huisdieren': ' Nee '}",
West Ringdijk,in Moordrecht,20 m,,â‚¬ 370,p/m | incl. g/w/e,Gemeubileerd,08-01-2021,6 weken geleden geplaatst,https://kamernet.nl/huren/kamer-moordrecht/west-ringdijk/kamer-1896607,"{'Woonkamer': ' Geen ', 'Keuken': ' Eigen ', 'Badkamer': ' Gedeeld ', 'Toilet': ' Gedeeld ', 'Internet': ' Ja ', 'Energielabel': ' Onbekend ', 'Huisgenoten': '  2 ', 'Geslacht': ' Gemengd ', 'Huisdieren': ' Nee '}",
Vrouwestraat,in Vlissingen,18 m,,â‚¬ 290,p/m | incl. g/w/e,Gestoffeerd,20-07-2021,6 weken geleden geplaatst,https://kamernet.nl/huren/kamer-vlissingen/vrouwestraat/kamer-1974612,"{'Woonkamer': ' Gedeeld ', 'Keuken': ' Gedeeld ', 'Badkamer': ' Gedeeld ', 'Toilet': ' Gedeeld ', 'Internet': ' Ja ', 'Energielabel': ' Onbekend ', 'Huisgenoten': '  Meer dan 8 ', 'Geslacht': ' Gemengd ', 'Huisdieren': ' Nee '}",
Smildestraat,in Almere,14 m,Totale oppervlakte: 150 m 2,â‚¬ 525,p/m | incl. g/w/e,Gemeubileerd,31-07-2021,6 weken geleden geplaatst,https://kamernet.nl/huren/kamer-almere/smildestraat/kamer-1974212,"{'Woonkamer': ' Gedeeld ', 'Keuken': ' Gedeeld ', 'Badkamer': ' Gedeeld ', 'Toilet': ' Gedeeld ', 'Internet': ' Ja ', 'Energielabel': ' Onbekend ', 'Huisgenoten': '  2 ', 'Geslacht': ' Gemengd ', 'Huisdieren': ' In overleg '}",
Lange Leidsedwarsstraat,in Amsterdam,66 m,Totaal 2 kamers,â‚¬ 1730,p/m | excl. g/w/e,Gestoffeerd,05-08-2021,6 weken geleden geplaatst,https://kamernet.nl/huren/appartement-amsterdam/lange-leidsedwarsstraat/appartement-1974886,"{'Woonkamer': ' Onbekend ', 'Keuken': ' Onbekend ', 'Badkamer': ' Onbekend ', 'Toilet': ' Onbekend ', 'Internet': ' Onbekend ', 'Energielabel': ' Onbekend ', 'Huisdieren': ' In overleg '}",
A. Reitsmakade,in Amsterdam,13 m,Totale oppervlakte: 80 m 2,â‚¬ 725,p/m | excl. g/w/e,Gemeubileerd,01-08-2021 tot 31-07-2022,6 weken geleden geplaatst,https://kamernet.nl/huren/kamer-amsterdam/a.-reitsmakade/kamer-1974887,"{'Woonkamer': ' Gedeeld ', 'Keuken': ' Gedeeld ', 'Badkamer': ' Gedeeld ', 'Toilet': ' Gedeeld ', 'Internet': ' Ja ', 'Energielabel': ' A ', 'Huisgenoten': '  Onbekend  ', 'Geslacht': ' Onbekend ', 'Huisdieren': ' In overleg '}",
Stationstraat,in Heerlen,26 m,Totaal 1 kamer (1 slaapkamer) ,â‚¬ 475,p/m | incl. g/w/e,Gestoffeerd,01-08-2021 tot 31-07-2023,5 weken geleden geplaatst,https://kamernet.nl/huren/studio-heerlen/stationstraat/studio-1976131,"{'Woonkamer': ' Eigen ', 'Keuken': ' Eigen ', 'Badkamer': ' Eigen ', 'Toilet': ' Eigen ', 'Internet': ' Ja ', 'Energielabel': ' Onbekend ', 'Huisdieren': ' Nee '}",
Stuwweg,in Maastricht,125 m,Totaal 2 kamers (1 slaapkamer) ,â‚¬ 1250,p/m | incl. g/w/e,Gemeubileerd,26-07-2021,5 weken geleden geplaatst,https://kamernet.nl/huren/appartement-maastricht/stuwweg/appartement-1976035,"{'Woonkamer': ' Eigen ', 'Keuken': ' Eigen ', 'Badkamer': ' Eigen ', 'Toilet': ' Eigen ', 'Internet': ' Ja ', 'Energielabel': ' Onbekend ', 'Huisdieren': ' Nee '}",
Van 't Hofflaan,in Amsterdam,35 m,,â‚¬ 750,p/m | incl. g/w/e,Kaal,04-08-2021 tot 01-08-2022,4 weken geleden geplaatst,https://kamernet.nl/huren/kamer-amsterdam/van-'t-hofflaan/kamer-1978258,"{'Woonkamer': ' Eigen ', 'Keuken': ' Gedeeld ', 'Badkamer': ' Gedeeld ', 'Toilet': ' Gedeeld ', 'Internet': ' Ja ', 'Energielabel': ' B ', 'Huisgenoten': '  4  ', 'Geslacht': ' Gemengd ', 'Huisdieren': ' Nee '}",
Overhoeksparklaan,in Amsterdam,9 m,,â‚¬ 900,p/m | incl. g/w/e,Gestoffeerd,01-09-2021,5 weken geleden geplaatst,https://kamernet.nl/huren/kamer-amsterdam/overhoeksparklaan/kamer-1976052,"{'Woonkamer': ' Gedeeld ', 'Keuken': ' Gedeeld ', 'Badkamer': ' Gedeeld ', 'Toilet': ' Gedeeld ', 'Internet': ' Ja ', 'Energielabel': ' Onbekend ', 'Huisgenoten': '  1 ', 'Geslacht': ' Vrouw ', 'Huisdieren': ' Nee '}",
Riemsdijkstraat,in Wageningen,10 m,Totale oppervlakte: 70 m 2,â‚¬ 260,p/m | incl. g/w/e,Gestoffeerd,04-09-2021,6 weken geleden geplaatst,https://kamernet.nl/huren/kamer-wageningen/riemsdijkstraat/kamer-1974733,"{'Woonkamer': ' Gedeeld ', 'Keuken': ' Gedeeld ', 'Badkamer': ' Gedeeld ', 'Toilet': ' Gedeeld ', 'Internet': ' Ja ', 'Energielabel': ' A ', 'Huisgenoten': '  6 ', 'Geslacht': ' Man ', 'Huisdieren': ' In overleg '}",
Mijnsherenplein,in Rotterdam,9 m,,â‚¬ 385,p/m | excl. g/w/e,Gestoffeerd,27-07-2021,5 weken geleden geplaatst,https://kamernet.nl/huren/kamer-rotterdam/mijnsherenplein/kamer-1976215,"{'Woonkamer': ' Gedeeld ', 'Keuken': ' Gedeeld ', 'Badkamer': ' Gedeeld ', 'Toilet': ' Gedeeld ', 'Internet': ' Nee ', 'Energielabel': ' Onbekend ', 'Huisgenoten': '  3 ', 'Geslacht': ' Man ', 'Huisdieren': ' Nee '}",
Burgemeester Hogguerstraat,in Amsterdam,20 m,,â‚¬ 800,p/m | incl. g/w/e,Gemeubileerd,01-08-2021,5 weken geleden geplaatst,https://kamernet.nl/huren/kamer-amsterdam/burgemeester-hogguerstraat/kamer-1976150,"{'Woonkamer': ' Geen ', 'Keuken': ' Gedeeld ', 'Badkamer': ' Gedeeld ', 'Toilet': ' Gedeeld ', 'Internet': ' Ja ', 'Energielabel': ' B ', 'Huisgenoten': '  3 ', 'Geslacht': ' Vrouw ', 'Huisdieren': ' Nee '}",
Delflandplein,in Amsterdam,8 m,,â‚¬ 625,p/m | incl. g/w/e,Gestoffeerd,01-08-2021,6 weken geleden geplaatst,https://kamernet.nl/huren/kamer-amsterdam/delflandplein/kamer-1974291,"{'Woonkamer': ' Gedeeld ', 'Keuken': ' Gedeeld ', 'Badkamer': ' Gedeeld ', 'Toilet': ' Gedeeld ', 'Internet': ' Ja ', 'Energielabel': ' Onbekend ', 'Huisgenoten': '  2 ', 'Geslacht': ' Man ', 'Huisdieren': ' Nee '}",
Bartolomeo Diazlaan,in Utrecht,20 m,,â‚¬ 440,p/m | incl. g/w/e,Kaal,31-07-2021,5 weken geleden geplaatst,https://kamernet.nl/huren/kamer-utrecht/bartolomeo-diazlaan/kamer-1976228,"{'Woonkamer': ' Gedeeld ', 'Keuken': ' Gedeeld ', 'Badkamer': ' Gedeeld ', 'Toilet': ' Gedeeld ', 'Internet': ' Ja ', 'Energielabel': ' Onbekend ', 'Huisgenoten': '  2 ', 'Geslacht': ' Man ', 'Huisdieren': ' Nee '}",
Buizerdhof,in Capelle aan den IJssel,106 m,Totaal 3 kamers (2 slaapkamers) ,â‚¬ 1500,p/m | excl. g/w/e,Gestoffeerd,31-08-2021 tot 30-08-2023,5 weken geleden geplaatst,https://kamernet.nl/huren/appartement-capelle-aan-den-ijssel/buizerdhof/appartement-1976213,"{'Woonkamer': ' Eigen ', 'Keuken': ' Eigen ', 'Badkamer': ' Eigen ', 'Toilet': ' Eigen ', 'Internet': ' Nee ', 'Energielabel': ' A ', 'Huisdieren': ' Nee '}",
Hendrik Veenemanstraat,in Son en Breugel,21 m,Totale oppervlakte: 120 m 2,â‚¬ 550,p/m | incl. g/w/e,Gemeubileerd,01-12-2021,6 weken geleden geplaatst,https://kamernet.nl/huren/kamer-son-en-breugel/hendrik-veenemanstraat/kamer-1974888,"{'Woonkamer': ' Gedeeld ', 'Keuken': ' Gedeeld ', 'Badkamer': ' Gedeeld ', 'Toilet': ' Gedeeld ', 'Internet': ' Ja ', 'Energielabel': ' C ', 'Huisgenoten': '  3 ', 'Geslacht': ' Man ', 'Huisdieren': ' In overleg '}",
Beresteinseweg,in Hilversum,25 m,,â‚¬ 550,p/m | incl. g/w/e,Gemeubileerd,01-09-2021,5 weken geleden geplaatst,https://kamernet.nl/huren/studio-hilversum/beresteinseweg/studio-1975774,"{'Woonkamer': ' Eigen ', 'Keuken': ' Eigen ', 'Badkamer': ' Gedeeld ', 'Toilet': ' Gedeeld ', 'Internet': ' Ja ', 'Energielabel': ' Onbekend ', 'Huisdieren': ' Nee '}",
v.d.Spiegelstraat,in Goes,20 m,,â‚¬ 240,p/m | incl. g/w/e,Kaal,27-07-2021,5 weken geleden geplaatst,https://kamernet.nl/huren/kamer-goes/v.d.spiegelstraat/kamer-1976255,"{'Woonkamer': ' Geen ', 'Keuken': ' Gedeeld ', 'Badkamer': ' Gedeeld ', 'Toilet': ' Gedeeld ', 'Internet': ' Onbekend ', 'Energielabel': ' Onbekend ', 'Huisgenoten': '  2 ', 'Geslacht': ' Onbekend ', 'Huisdieren': ' Nee '}",
Cantondreef,in Utrecht,64 m,Totaal 2 kamers (1 slaapkamer) ,â‚¬ 1350,p/m | excl. g/w/e,Gestoffeerd,01-09-2021 tot 01-09-2023,5 weken geleden geplaatst,https://kamernet.nl/huren/appartement-utrecht/cantondreef/appartement-1976275,"{'Woonkamer': ' Eigen ', 'Keuken': ' Eigen ', 'Badkamer': ' Eigen ', 'Toilet': ' Eigen ', 'Internet': ' Nee ', 'Energielabel': ' Onbekend ', 'Huisdieren': ' In overleg '}",
Vrijheidslaan,in Leiden,15 m,,â‚¬ 330,p/m | incl. g/w/e,Gestoffeerd,26-08-2021,5 weken geleden geplaatst,https://kamernet.nl/huren/kamer-leiden/vrijheidslaan/kamer-1976264,"{'Woonkamer': ' Gedeeld ', 'Keuken': ' Gedeeld ', 'Badkamer': ' Gedeeld ', 'Toilet': ' Gedeeld ', 'Internet': ' Ja ', 'Energielabel': ' Onbekend ', 'Huisgenoten': '  Meer dan 8 ', 'Geslacht': ' Gemengd ', 'Huisdieren': ' In overleg '}",
Terracottastraat,in Almere,10 m,Totale oppervlakte: 114 m 2,â‚¬ 500,p/m | incl. g/w/e,Gestoffeerd,27-07-2021,5 weken geleden geplaatst,https://kamernet.nl/huren/kamer-almere/terracottastraat/kamer-1936483,"{'Woonkamer': ' Geen ', 'Keuken': ' Gedeeld ', 'Badkamer': ' Gedeeld ', 'Toilet': ' Gedeeld ', 'Internet': ' Ja ', 'Energielabel': ' Onbekend ', 'Huisgenoten': '  4  ', 'Geslacht': ' Man ', 'Huisdieren': ' Nee '}",
Vlamingstraat,in Delft,12 m,,â‚¬ 360,p/m | incl. g/w/e,Gemeubileerd,30-08-2021 tot 12-01-2022,5 weken geleden geplaatst,https://kamernet.nl/huren/kamer-delft/vlamingstraat/kamer-1976325,"{'Woonkamer': ' Gedeeld ', 'Keuken': ' Gedeeld ', 'Badkamer': ' Gedeeld ', 'Toilet': ' Gedeeld ', 'Internet': ' Ja ', 'Energielabel': ' Onbekend ', 'Huisgenoten': '  4  ', 'Geslacht': ' Vrouw ', 'Huisdieren': ' Nee '}",
Rijswijkseweg,in Den Haag,19 m,,â‚¬ 435,p/m | incl. g/w/e,Kaal,22-07-2021,6 weken geleden geplaatst,https://kamernet.nl/huren/kamer-den-haag/rijswijkseweg/kamer-1974846,"{'Woonkamer': ' Eigen ', 'Keuken': ' Gedeeld ', 'Badkamer': ' Gedeeld ', 'Toilet': ' Gedeeld ', 'Internet': ' Ja ', 'Energielabel': ' Onbekend ', 'Huisgenoten': '  4  ', 'Geslacht': ' Man ', 'Huisdieren': ' Nee '}",
Antoni Verburghwijk,in Termunterzijl,30 m,Totale oppervlakte: 999 m 2,â‚¬ 260,p/m | incl. g/w/e,Gestoffeerd,21-07-2021,6 weken geleden geplaatst,https://kamernet.nl/huren/kamer-termunterzijl/antoni-verburghwijk/kamer-1974917,"{'Woonkamer': ' Eigen ', 'Keuken': ' Gedeeld ', 'Badkamer': ' Gedeeld ', 'Toilet': ' Gedeeld ', 'Internet': ' Ja ', 'Energielabel': ' Onbekend ', 'Huisgenoten': '  3 ', 'Geslacht': ' Gemengd ', 'Huisdieren': ' Nee '}",
Nieuwstraat,in Den Helder,50 m,,â‚¬ 750,p/m | excl. g/w/e,Gemeubileerd,21-07-2021,6 weken geleden geplaatst,https://kamernet.nl/huren/appartement-den-helder/nieuwstraat/appartement-1974913,"{'Woonkamer': ' Eigen ', 'Keuken': ' Eigen ', 'Badkamer': ' Eigen ', 'Toilet': ' Eigen ', 'Internet': ' Nee ', 'Energielabel': ' Onbekend ', 'Huisdieren': ' Nee '}",
Bergstraat,in Wageningen,8 m,,â‚¬ 250,p/m | incl. g/w/e,Gestoffeerd,31-08-2021,6 weken geleden geplaatst,https://kamernet.nl/huren/kamer-wageningen/bergstraat/kamer-1974981,"{'Woonkamer': ' Gedeeld ', 'Keuken': ' Gedeeld ', 'Badkamer': ' Gedeeld ', 'Toilet': ' Gedeeld ', 'Internet': ' Ja ', 'Energielabel': ' Onbekend ', 'Huisgenoten': '  4  ', 'Geslacht': ' Vrouw ', 'Huisdieren': ' Nee '}",
Van Heuven Goedhartlaan,in Amstelveen,16 m,Totale oppervlakte: 64 m 2,â‚¬ 750,p/m | incl. g/w/e,Gemeubileerd,21-07-2021,6 weken geleden geplaatst,https://kamernet.nl/huren/kamer-amstelveen/van-heuven-goedhartlaan/kamer-1974993,"{'Woonkamer': ' Gedeeld ', 'Keuken': ' Gedeeld ', 'Badkamer': ' Gedeeld ', 'Toilet': ' Gedeeld ', 'Internet': ' Ja ', 'Energielabel': ' Onbekend ', 'Huisgenoten': '  Onbekend  ', 'Geslacht': ' Onbekend ', 'Huisdieren': ' Nee '}",
Weissenbruchstraat,in Den Haag,12 m,,â‚¬ 550,p/m | excl. g/w/e,Gestoffeerd,01-09-2021,6 weken geleden geplaatst,https://kamernet.nl/huren/kamer-den-haag/weissenbruchstraat/kamer-1973887,"{'Woonkamer': ' Gedeeld ', 'Keuken': ' Gedeeld ', 'Badkamer': ' Gedeeld ', 'Toilet': ' Gedeeld ', 'Internet': ' Ja ', 'Energielabel': ' Onbekend ', 'Huisgenoten': '  3 ', 'Geslacht': ' Man ', 'Huisdieren': ' In overleg '}",
Prinses Beatrixlaan,in Diemen,15 m,,â‚¬ 650,p/m | incl. g/w/e,Gemeubileerd,21-07-2021,6 weken geleden geplaatst,https://kamernet.nl/huren/kamer-diemen/prinses-beatrixlaan/kamer-1975027,"{'Woonkamer': ' Geen ', 'Keuken': ' Gedeeld ', 'Badkamer': ' Gedeeld ', 'Toilet': ' Gedeeld ', 'Internet': ' Ja ', 'Energielabel': ' Onbekend ', 'Huisgenoten': '  1 ', 'Geslacht': ' Vrouw ', 'Huisdieren': ' Nee '}",
Jansveld,in Utrecht,55 m,,â‚¬ 1420,p/m | excl. g/w/e,Gestoffeerd,19-09-2021,6 weken geleden geplaatst,https://kamernet.nl/huren/appartement-utrecht/jansveld/appartement-1975035,"{'Woonkamer': ' Eigen ', 'Keuken': ' Eigen ', 'Badkamer': ' Eigen ', 'Toilet': ' Eigen ', 'Internet': ' Ja ', 'Energielabel': ' Onbekend ', 'Huisdieren': ' In overleg '}",
Kortrijkpolder,in De Meern,9 m,,â‚¬ 450,p/m | excl. g/w/e,Gemeubileerd,01-08-2021,6 weken geleden geplaatst,https://kamernet.nl/huren/kamer-de-meern/kortrijkpolder/kamer-1975040,"{'Woonkamer': ' Gedeeld ', 'Keuken': ' Gedeeld ', 'Badkamer': ' Gedeeld ', 'Toilet': ' Gedeeld ', 'Internet': ' Ja ', 'Energielabel': ' A ', 'Huisgenoten': '  4  ', 'Geslacht': ' Gemengd ', 'Huisdieren': ' Nee '}",
Bloemenweg,in Maastricht,50 m,Totaal 2 kamers (1 slaapkamer) ,â‚¬ 950,p/m | excl. g/w/e,Kaal,31-08-2021,6 weken geleden geplaatst,https://kamernet.nl/huren/appartement-maastricht/bloemenweg/appartement-1975044,"{'Woonkamer': ' Eigen ', 'Keuken': ' Eigen ', 'Badkamer': ' Eigen ', 'Toilet': ' Eigen ', 'Internet': ' Ja ', 'Energielabel': ' Onbekend ', 'Huisdieren': ' Nee '}",
Balboastraat,in Amsterdam,10 m,Totale oppervlakte: 60 m 2,â‚¬ 850,p/m | incl. g/w/e,Gestoffeerd,01-09-2021,6 weken geleden geplaatst,https://kamernet.nl/huren/kamer-amsterdam/balboastraat/kamer-1975034,"{'Woonkamer': ' Gedeeld ', 'Keuken': ' Gedeeld ', 'Badkamer': ' Gedeeld ', 'Toilet': ' Gedeeld ', 'Internet': ' Ja ', 'Energielabel': ' Onbekend ', 'Huisgenoten': '  1 ', 'Geslacht': ' Man ', 'Huisdieren': ' Nee '}",
Jan van Riebeekstraat,in Den Haag,60 m,Totaal 2 kamers (1 slaapkamer) ,â‚¬ 1500,p/m | incl. g/w/e,Gemeubileerd,01-09-2021,5 weken geleden geplaatst,https://kamernet.nl/huren/appartement-den-haag/jan-van-riebeekstraat/appartement-1976176,"{'Woonkamer': ' Eigen ', 'Keuken': ' Eigen ', 'Badkamer': ' Eigen ', 'Toilet': ' Eigen ', 'Internet': ' Ja ', 'Energielabel': ' A ', 'Huisdieren': ' In overleg '}",
Simpelveldstraat,in Tilburg,17 m,,â‚¬ 450,p/m | incl. g/w/e,Gemeubileerd,31-12-2021,6 weken geleden geplaatst,https://kamernet.nl/huren/kamer-tilburg/simpelveldstraat/kamer-1975145,"{'Woonkamer': ' Geen ', 'Keuken': ' Gedeeld ', 'Badkamer': ' Gedeeld ', 'Toilet': ' Gedeeld ', 'Internet': ' Ja ', 'Energielabel': ' Onbekend ', 'Huisgenoten': '  4  ', 'Geslacht': ' Gemengd ', 'Huisdieren': ' Nee '}",
Hermitage,in Zaandam,17 m,Totale oppervlakte: 100 m 2,â‚¬ 720,p/m | incl. g/w/e,Kaal,01-09-2021,5 weken geleden geplaatst,https://kamernet.nl/huren/kamer-zaandam/hermitage/kamer-1976227,"{'Woonkamer': ' Gedeeld ', 'Keuken': ' Gedeeld ', 'Badkamer': ' Gedeeld ', 'Toilet': ' Gedeeld ', 'Internet': ' Ja ', 'Energielabel': ' Onbekend ', 'Huisgenoten': '  Onbekend  ', 'Geslacht': ' Onbekend ', 'Huisdieren': ' In overleg '}",
De la Reyweg,in Den Haag,30 m,,â‚¬ 525,p/m | excl. g/w/e,Kaal,16-10-2021,6 weken geleden geplaatst,https://kamernet.nl/huren/kamer-den-haag/de-la-reyweg/kamer-1975148,"{'Woonkamer': ' Geen ', 'Keuken': ' Gedeeld ', 'Badkamer': ' Gedeeld ', 'Toilet': ' Gedeeld ', 'Internet': ' Ja ', 'Energielabel': ' Onbekend ', 'Huisgenoten': '  3 ', 'Geslacht': ' Gemengd ', 'Huisdieren': ' Nee '}",
Paets van Troostwijkstraat,in Den Haag,22 m,,â‚¬ 450,p/m | incl. g/w/e,Gestoffeerd,31-07-2021 tot 01-08-2022,6 weken geleden geplaatst,https://kamernet.nl/huren/kamer-den-haag/paets-van-troostwijkstraat/kamer-1975151,"{'Woonkamer': ' Geen ', 'Keuken': ' Gedeeld ', 'Badkamer': ' Gedeeld ', 'Toilet': ' Gedeeld ', 'Internet': ' Ja ', 'Energielabel': ' Onbekend ', 'Huisgenoten': '  3 ', 'Geslacht': ' Onbekend ', 'Huisdieren': ' Nee '}",
Rozemarijnsingel,in Utrecht,15 m,Totale oppervlakte: 40 m 2,â‚¬ 750,p/m | incl. g/w/e,Gemeubileerd,22-07-2021,6 weken geleden geplaatst,https://kamernet.nl/huren/kamer-utrecht/rozemarijnsingel/kamer-1975162,"{'Woonkamer': ' Gedeeld ', 'Keuken': ' Gedeeld ', 'Badkamer': ' Gedeeld ', 'Toilet': ' Gedeeld ', 'Internet': ' Ja ', 'Energielabel': ' B ', 'Huisgenoten': '  2 ', 'Geslacht': ' Man ', 'Huisdieren': ' Nee '}",
Simpelveldstraat,in Tilburg,18 m,,â‚¬ 450,p/m | incl. g/w/e,Gemeubileerd,18-01-2022,6 weken geleden geplaatst,https://kamernet.nl/huren/kamer-tilburg/simpelveldstraat/kamer-1975144,"{'Woonkamer': ' Geen ', 'Keuken': ' Eigen ', 'Badkamer': ' Gedeeld ', 'Toilet': ' Gedeeld ', 'Internet': ' Ja ', 'Energielabel': ' Onbekend ', 'Huisgenoten': '  4  ', 'Geslacht': ' Gemengd ', 'Huisdieren': ' Nee '}",
Burgemeester de Beaufortplein,in Markelo,35 m,,â‚¬ 260,p/m | incl. g/w/e,Kaal,22-07-2021,6 weken geleden geplaatst,https://kamernet.nl/huren/anti-kraak-markelo/burgemeester-de-beaufortplein/anti-kraak-1975177,"{'Woonkamer': ' Gedeeld ', 'Keuken': ' Gedeeld ', 'Badkamer': ' Gedeeld ', 'Toilet': ' Eigen ', 'Internet': ' Ja ', 'Energielabel': ' Onbekend ', 'Huisdieren': ' Nee '}",
Tapirstraat,in Almere,12 m,,â‚¬ 550,p/m | incl. g/w/e,Gemeubileerd,22-07-2021,6 weken geleden geplaatst,https://kamernet.nl/huren/kamer-almere/tapirstraat/kamer-1975205,"{'Woonkamer': ' Geen ', 'Keuken': ' Geen ', 'Badkamer': ' Gedeeld ', 'Toilet': ' Gedeeld ', 'Internet': ' Ja ', 'Energielabel': ' A ', 'Huisgenoten': '  2 ', 'Geslacht': ' Man ', 'Huisdieren': ' Nee '}",
Leenderweg,in Eindhoven,50 m,Totaal 3 kamers (2 slaapkamers) ,â‚¬ 950,p/m | incl. g/w/e,Gestoffeerd,01-09-2021,6 weken geleden geplaatst,https://kamernet.nl/huren/appartement-eindhoven/leenderweg/appartement-1974968,"{'Woonkamer': ' Eigen ', 'Keuken': ' Eigen ', 'Badkamer': ' Eigen ', 'Toilet': ' Eigen ', 'Internet': ' Ja ', 'Energielabel': ' Onbekend ', 'Huisdieren': ' In overleg '}",
Spaarndammerstraat,in Amsterdam,40 m,Totale oppervlakte: 80 m 2,â‚¬ 900,p/m | incl. g/w/e,Gemeubileerd,22-07-2021,5 weken geleden geplaatst,https://kamernet.nl/huren/kamer-amsterdam/spaarndammerstraat/kamer-1975250,"{'Woonkamer': ' Eigen ', 'Keuken': ' Eigen ', 'Badkamer': ' Gedeeld ', 'Toilet': ' Gedeeld ', 'Internet': ' Ja ', 'Energielabel': ' C ', 'Huisgenoten': '  2 ', 'Geslacht': ' Gemengd ', 'Huisdieren': ' Nee '}",
Tweede Wittenburgerdwarsstraat,in Amsterdam,12 m,,â‚¬ 650,p/m | excl. g/w/e,Gemeubileerd,06-09-2021 tot 01-10-2021,5 weken geleden geplaatst,https://kamernet.nl/huren/kamer-amsterdam/tweede-wittenburgerdwarsstraat/kamer-1975279,"{'Woonkamer': ' Gedeeld ', 'Keuken': ' Gedeeld ', 'Badkamer': ' Gedeeld ', 'Toilet': ' Gedeeld ', 'Internet': ' Ja ', 'Energielabel': ' A ', 'Huisgenoten': '  1 ', 'Geslacht': ' Man ', 'Huisdieren': ' Nee '}",
Teilingenstraat,in Breda,45 m,,â‚¬ 850,p/m | excl. g/w/e,Gemeubileerd,22-07-2021,6 weken geleden geplaatst,https://kamernet.nl/huren/studio-breda/teilingenstraat/studio-1975139,"{'Woonkamer': ' Geen ', 'Keuken': ' Eigen ', 'Badkamer': ' Eigen ', 'Toilet': ' Eigen ', 'Internet': ' Ja ', 'Energielabel': ' Onbekend ', 'Huisdieren': ' Nee '}",
5 Mei plein,in Wageningen,16 m,,â‚¬ 300,p/m | incl. g/w/e,Gestoffeerd,01-08-2021,5 weken geleden geplaatst,https://kamernet.nl/huren/kamer-wageningen/5-mei-plein/kamer-1975267,"{'Woonkamer': ' Gedeeld ', 'Keuken': ' Gedeeld ', 'Badkamer': ' Gedeeld ', 'Toilet': ' Gedeeld ', 'Internet': ' Ja ', 'Energielabel': ' Onbekend ', 'Huisgenoten': '  5 ', 'Geslacht': ' Vrouw ', 'Huisdieren': ' Nee '}",
Hoge Steenweg,in Breda,13 m,,â‚¬ 425,p/m | incl. g/w/e,Gestoffeerd,01-09-2021,5 weken geleden geplaatst,https://kamernet.nl/huren/kamer-breda/hoge-steenweg/kamer-1975246,"{'Woonkamer': ' Gedeeld ', 'Keuken': ' Gedeeld ', 'Badkamer': ' Gedeeld ', 'Toilet': ' Gedeeld ', 'Internet': ' Ja ', 'Energielabel': ' Onbekend ', 'Huisgenoten': '  3 ', 'Geslacht': ' Vrouw ', 'Huisdieren': ' Nee '}",
Rooseveltlaan,in Utrecht,12 m,,â‚¬ 400,p/m | incl. g/w/e,Gestoffeerd,23-07-2021,5 weken geleden geplaatst,https://kamernet.nl/huren/kamer-utrecht/rooseveltlaan/kamer-1975257,"{'Woonkamer': ' Onbekend ', 'Keuken': ' Gedeeld ', 'Badkamer': ' Gedeeld ', 'Toilet': ' Gedeeld ', 'Internet': ' Ja ', 'Energielabel': ' Onbekend ', 'Huisgenoten': '  1 ', 'Geslacht': ' Man ', 'Huisdieren': ' Ja '}",
Troelstraweg,in Wageningen,15 m,,â‚¬ 360,p/m | incl. g/w/e,Gemeubileerd,23-07-2021,5 weken geleden geplaatst,https://kamernet.nl/huren/kamer-wageningen/troelstraweg/kamer-1975364,"{'Woonkamer': ' Eigen ', 'Keuken': ' Gedeeld ', 'Badkamer': ' Gedeeld ', 'Toilet': ' Gedeeld ', 'Internet': ' Onbekend ', 'Energielabel': ' Onbekend ', 'Huisgenoten': '  2 ', 'Geslacht': ' Gemengd ', 'Huisdieren': ' Nee '}",
Spoorstraat,in Deventer,12 m,,â‚¬ 240,p/m | incl. g/w/e,Kaal,01-08-2021,5 weken geleden geplaatst,https://kamernet.nl/huren/kamer-deventer/spoorstraat/kamer-1975358,"{'Woonkamer': ' Gedeeld ', 'Keuken': ' Gedeeld ', 'Badkamer': ' Gedeeld ', 'Toilet': ' Gedeeld ', 'Internet': ' Ja ', 'Energielabel': ' Onbekend ', 'Huisgenoten': '  5 ', 'Geslacht': ' Gemengd ', 'Huisdieren': ' In overleg '}",
Vondelstraat,in Almere,20 m,,â‚¬ 500,p/m | incl. g/w/e,Gemeubileerd,23-06-2021,5 weken geleden geplaatst,https://kamernet.nl/huren/kamer-almere/vondelstraat/kamer-1961594,"{'Woonkamer': ' Onbekend ', 'Keuken': ' Gedeeld ', 'Badkamer': ' Gedeeld ', 'Toilet': ' Gedeeld ', 'Internet': ' Nee ', 'Energielabel': ' Onbekend ', 'Huisgenoten': '  2 ', 'Geslacht': ' Gemengd ', 'Huisdieren': ' Nee '}",
Poststraat,in Tilburg,20 m,Totaal 10 kamers (10 slaapkamers) ,â‚¬ 300,p/m | incl. g/w/e,Kaal,01-08-2021,5 weken geleden geplaatst,https://kamernet.nl/huren/appartement-tilburg/poststraat/appartement-1975369,"{'Woonkamer': ' Gedeeld ', 'Keuken': ' Gedeeld ', 'Badkamer': ' Gedeeld ', 'Toilet': ' Gedeeld ', 'Internet': ' Ja ', 'Energielabel': ' A ', 'Huisdieren': ' Nee '}",
Piet Heinstraat,in Den Haag,53 m,Totaal 2 kamers (1 slaapkamer) ,â‚¬ 995,p/m | incl. g/w/e,Kaal,01-09-2021,5 weken geleden geplaatst,https://kamernet.nl/huren/appartement-den-haag/piet-heinstraat/appartement-1975384,"{'Woonkamer': ' Eigen ', 'Keuken': ' Eigen ', 'Badkamer': ' Eigen ', 'Toilet': ' Eigen ', 'Internet': ' Onbekend ', 'Energielabel': ' Onbekend ', 'Huisdieren': ' Nee '}",
Graan voor Visch,in Hoofddorp,15 m,Totale oppervlakte: 122 m 2,â‚¬ 375,p/m | excl. g/w/e,Gestoffeerd,15-09-2021 tot 30-09-2022,5 weken geleden geplaatst,https://kamernet.nl/huren/kamer-hoofddorp/graan-voor-visch/kamer-1975448,"{'Woonkamer': ' Gedeeld ', 'Keuken': ' Gedeeld ', 'Badkamer': ' Gedeeld ', 'Toilet': ' Gedeeld ', 'Internet': ' Ja ', 'Energielabel': ' Onbekend ', 'Huisgenoten': '  3 ', 'Geslacht': ' Vrouw ', 'Huisdieren': ' Nee '}",
Hargerweg,in Schoorl,60 m,Totaal 3 kamers (1 slaapkamer) ,â‚¬ 799,p/m | excl. g/w/e,Gemeubileerd,23-08-2021,5 weken geleden geplaatst,https://kamernet.nl/huren/appartement-schoorl/hargerweg/appartement-1976039,"{'Woonkamer': ' Eigen ', 'Keuken': ' Eigen ', 'Badkamer': ' Eigen ', 'Toilet': ' Eigen ', 'Internet': ' Ja ', 'Energielabel': ' Onbekend ', 'Huisdieren': ' Nee '}",
Nieuwlandstraat,in Tilburg,17 m,,â‚¬ 300,p/m | excl. g/w/e,Gestoffeerd,27-07-2021,5 weken geleden geplaatst,https://kamernet.nl/huren/kamer-tilburg/nieuwlandstraat/kamer-1976186,"{'Woonkamer': ' Gedeeld ', 'Keuken': ' Gedeeld ', 'Badkamer': ' Gedeeld ', 'Toilet': ' Gedeeld ', 'Internet': ' Ja ', 'Energielabel': ' Onbekend ', 'Huisgenoten': '  Meer dan 8 ', 'Geslacht': ' Man ', 'Huisdieren': ' Nee '}",
Grubbehoeve,in Amsterdam,14 m,Totale oppervlakte: 113 m 2,â‚¬ 570,p/m | incl. g/w/e,Gestoffeerd,23-07-2021,5 weken geleden geplaatst,https://kamernet.nl/huren/kamer-amsterdam/grubbehoeve/kamer-1975467,"{'Woonkamer': ' Gedeeld ', 'Keuken': ' Gedeeld ', 'Badkamer': ' Gedeeld ', 'Toilet': ' Gedeeld ', 'Internet': ' Ja ', 'Energielabel': ' Onbekend ', 'Huisgenoten': '  3 ', 'Geslacht': ' Gemengd ', 'Huisdieren': ' Nee '}",
Mr. P.J. Troelstraweg,in Leeuwarden,35 m,Totaal 1 kamer (1 slaapkamer) ,â‚¬ 450,p/m | incl. g/w/e,Kaal,23-07-2021 tot 05-08-2021,5 weken geleden geplaatst,https://kamernet.nl/huren/appartement-leeuwarden/mr.-p.j.-troelstraweg/appartement-1975491,"{'Woonkamer': ' Eigen ', 'Keuken': ' Eigen ', 'Badkamer': ' Eigen ', 'Toilet': ' Eigen ', 'Internet': ' Ja ', 'Energielabel': ' Onbekend ', 'Huisdieren': ' Nee '}",
Mezenstraat,in Rotterdam,7 m,Totale oppervlakte: 70 m 2,â‚¬ 650,p/m | incl. g/w/e,Gemeubileerd,03-06-2020,5 weken geleden geplaatst,https://kamernet.nl/huren/kamer-rotterdam/mezenstraat/kamer-1813091,"{'Woonkamer': ' Gedeeld ', 'Keuken': ' Gedeeld ', 'Badkamer': ' Gedeeld ', 'Toilet': ' Gedeeld ', 'Internet': ' Ja ', 'Energielabel': ' Onbekend ', 'Huisgenoten': '  2 ', 'Geslacht': ' Gemengd ', 'Huisdieren': ' Nee '}",
Brandehoflanden,in Enschede,28 m,,â‚¬ 575,p/m | incl. g/w/e,Gestoffeerd,23-07-2021,5 weken geleden geplaatst,https://kamernet.nl/huren/kamer-enschede/brandehoflanden/kamer-1975480,"{'Woonkamer': ' Eigen ', 'Keuken': ' Gedeeld ', 'Badkamer': ' Gedeeld ', 'Toilet': ' Eigen ', 'Internet': ' Ja ', 'Energielabel': ' C ', 'Huisgenoten': '  3 ', 'Geslacht': ' Gemengd ', 'Huisdieren': ' Nee '}",
Zijpendaalseweg,in Arnhem,8 m,Totaal 1 kamer,â‚¬ 250,p/m | incl. g/w/e,Gestoffeerd,24-07-2021,5 weken geleden geplaatst,https://kamernet.nl/huren/appartement-arnhem/zijpendaalseweg/appartement-1975529,"{'Woonkamer': ' Onbekend ', 'Keuken': ' Onbekend ', 'Badkamer': ' Onbekend ', 'Toilet': ' Onbekend ', 'Internet': ' Onbekend ', 'Energielabel': ' Onbekend ', 'Huisdieren': ' In overleg '}",
Bladstraat,in Utrecht,35 m,Totale oppervlakte: 45 m 2,â‚¬ 700,p/m | incl. g/w/e,Gemeubileerd,11-08-2021 tot 20-10-2021,5 weken geleden geplaatst,https://kamernet.nl/huren/kamer-utrecht/bladstraat/kamer-1975541,"{'Woonkamer': ' Eigen ', 'Keuken': ' Gedeeld ', 'Badkamer': ' Eigen ', 'Toilet': ' Eigen ', 'Internet': ' Ja ', 'Energielabel': ' Onbekend ', 'Huisgenoten': '  1 ', 'Geslacht': ' Vrouw ', 'Huisdieren': ' Nee '}",
Oude Looiersstraat,in Amsterdam,30 m,Totaal 1 kamer (1 slaapkamer) ,â‚¬ 1100,p/m | excl. g/w/e,Kaal,01-08-2021,5 weken geleden geplaatst,https://kamernet.nl/huren/studio-amsterdam/oude-looiersstraat/studio-1975545,"{'Woonkamer': ' Eigen ', 'Keuken': ' Eigen ', 'Badkamer': ' Eigen ', 'Toilet': ' Eigen ', 'Internet': ' Nee ', 'Energielabel': ' C ', 'Huisdieren': ' In overleg '}",
Hechtelstraat,in Amsterdam,12 m,,â‚¬ 500,p/m | incl. g/w/e,Gemeubileerd,24-07-2021,5 weken geleden geplaatst,https://kamernet.nl/huren/kamer-amsterdam/hechtelstraat/kamer-1975560,"{'Woonkamer': ' Geen ', 'Keuken': ' Geen ', 'Badkamer': ' Gedeeld ', 'Toilet': ' Gedeeld ', 'Internet': ' Ja ', 'Energielabel': ' Onbekend ', 'Huisgenoten': '  1 ', 'Geslacht': ' Man ', 'Huisdieren': ' In overleg '}",
De Brink,in Groningen,18 m,,â‚¬ 450,p/m | incl. g/w/e,Kaal,31-07-2021,5 weken geleden geplaatst,https://kamernet.nl/huren/kamer-groningen/de-brink/kamer-1975522,"{'Woonkamer': ' Eigen ', 'Keuken': ' Gedeeld ', 'Badkamer': ' Gedeeld ', 'Toilet': ' Gedeeld ', 'Internet': ' Ja ', 'Energielabel': ' Onbekend ', 'Huisgenoten': '  Onbekend  ', 'Geslacht': ' Onbekend ', 'Huisdieren': ' In overleg '}",
Copernicuslaan,in Den Haag,28 m,,â‚¬ 600,p/m | incl. g/w/e,Gestoffeerd,01-09-2021 tot 01-09-2022,5 weken geleden geplaatst,https://kamernet.nl/huren/kamer-den-haag/copernicuslaan/kamer-1975686,"{'Woonkamer': ' Gedeeld ', 'Keuken': ' Gedeeld ', 'Badkamer': ' Gedeeld ', 'Toilet': ' Gedeeld ', 'Internet': ' Onbekend ', 'Energielabel': ' Onbekend ', 'Huisgenoten': '  3 ', 'Geslacht': ' Onbekend ', 'Huisdieren': ' Nee '}",
Vrijheidslaan,in Leiden,15 m,,â‚¬ 340,p/m | incl. g/w/e,Kaal,01-08-2021,5 weken geleden geplaatst,https://kamernet.nl/huren/kamer-leiden/vrijheidslaan/kamer-1975795,"{'Woonkamer': ' Gedeeld ', 'Keuken': ' Gedeeld ', 'Badkamer': ' Gedeeld ', 'Toilet': ' Gedeeld ', 'Internet': ' Nee ', 'Energielabel': ' Onbekend ', 'Huisgenoten': '  Meer dan 8 ', 'Geslacht': ' Vrouw ', 'Huisdieren': ' Nee '}",
Reykjavikstraat,in Utrecht,25 m,Totaal 2 kamers (1 slaapkamer) ,â‚¬ 880,p/m | incl. g/w/e,Gemeubileerd,23-07-2021,5 weken geleden geplaatst,https://kamernet.nl/huren/studio-utrecht/reykjavikstraat/studio-1975345,"{'Woonkamer': ' Eigen ', 'Keuken': ' Eigen ', 'Badkamer': ' Eigen ', 'Toilet': ' Eigen ', 'Internet': ' Ja ', 'Energielabel': ' A ', 'Huisdieren': ' Nee '}",
Tapirstraat,in Almere,20 m,,â‚¬ 600,p/m | incl. g/w/e,Gemeubileerd,25-07-2021,5 weken geleden geplaatst,https://kamernet.nl/huren/kamer-almere/tapirstraat/kamer-1975827,"{'Woonkamer': ' Geen ', 'Keuken': ' Geen ', 'Badkamer': ' Gedeeld ', 'Toilet': ' Gedeeld ', 'Internet': ' Ja ', 'Energielabel': ' A ', 'Huisgenoten': '  1 ', 'Geslacht': ' Man ', 'Huisdieren': ' Nee '}",
Eerste Oosterparkstraat,in Amsterdam,80 m,Totaal 2 kamers (1 slaapkamer) ,â‚¬ 1900,p/m | incl. g/w/e,Gemeubileerd,01-10-2021 tot 01-05-2022,5 weken geleden geplaatst,https://kamernet.nl/huren/appartement-amsterdam/eerste-oosterparkstraat/appartement-1975883,"{'Woonkamer': ' Eigen ', 'Keuken': ' Eigen ', 'Badkamer': ' Eigen ', 'Toilet': ' Eigen ', 'Internet': ' Ja ', 'Energielabel': ' A ', 'Huisdieren': ' Nee '}",
President Steynstraat,in Deventer,18 m,Totale oppervlakte: 50 m 2,â‚¬ 550,p/m | incl. g/w/e,Kaal,01-10-2021,5 weken geleden geplaatst,https://kamernet.nl/huren/kamer-deventer/president-steynstraat/kamer-1976334,"{'Woonkamer': ' Gedeeld ', 'Keuken': ' Gedeeld ', 'Badkamer': ' Gedeeld ', 'Toilet': ' Gedeeld ', 'Internet': ' Ja ', 'Energielabel': ' C ', 'Huisgenoten': '  1 ', 'Geslacht': ' Man ', 'Huisdieren': ' Nee '}",
Uilenstede,in Amstelveen,43 m,Totaal 2 kamers (1 slaapkamer) ,â‚¬ 750,p/m | incl. g/w/e,Gemeubileerd,01-09-2021 tot 01-01-2022,5 weken geleden geplaatst,https://kamernet.nl/huren/appartement-amstelveen/uilenstede/appartement-1975373,"{'Woonkamer': ' Eigen ', 'Keuken': ' Eigen ', 'Badkamer': ' Eigen ', 'Toilet': ' Eigen ', 'Internet': ' Ja ', 'Energielabel': ' A ', 'Huisdieren': ' Nee '}",
Legmeerdijk,in Amstelveen,14 m,,â‚¬ 765,p/m | incl. g/w/e,Gemeubileerd,25-07-2021,5 weken geleden geplaatst,https://kamernet.nl/huren/kamer-amstelveen/legmeerdijk/kamer-1975762,"{'Woonkamer': ' Gedeeld ', 'Keuken': ' Gedeeld ', 'Badkamer': ' Gedeeld ', 'Toilet': ' Gedeeld ', 'Internet': ' Ja ', 'Energielabel': ' Onbekend ', 'Huisgenoten': '  2 ', 'Geslacht': ' Vrouw ', 'Huisdieren': ' Nee '}",
Odysseuslaan,in Eindhoven,14 m,Totale oppervlakte: 70 m 2,â‚¬ 395,p/m | incl. g/w/e,Gemeubileerd,19-08-2021,5 weken geleden geplaatst,https://kamernet.nl/huren/kamer-eindhoven/odysseuslaan/kamer-1975765,"{'Woonkamer': ' Gedeeld ', 'Keuken': ' Gedeeld ', 'Badkamer': ' Gedeeld ', 'Toilet': ' Gedeeld ', 'Internet': ' Ja ', 'Energielabel': ' A ', 'Huisgenoten': '  5 ', 'Geslacht': ' Man ', 'Huisdieren': ' In overleg '}",
Niemeijerstraat,in Wageningen,15 m,,â‚¬ 240,p/m | incl. g/w/e,Gestoffeerd,01-09-2021,5 weken geleden geplaatst,https://kamernet.nl/huren/kamer-wageningen/niemeijerstraat/kamer-1975672,"{'Woonkamer': ' Gedeeld ', 'Keuken': ' Gedeeld ', 'Badkamer': ' Gedeeld ', 'Toilet': ' Gedeeld ', 'Internet': ' Ja ', 'Energielabel': ' Onbekend ', 'Huisgenoten': '  6 ', 'Geslacht': ' Gemengd ', 'Huisdieren': ' Nee '}",
Zuiderkade,in Ede,12 m,,â‚¬ 300,p/m | incl. g/w/e,Gestoffeerd,01-10-2021,5 weken geleden geplaatst,https://kamernet.nl/huren/kamer-ede/zuiderkade/kamer-1975865,"{'Woonkamer': ' Onbekend ', 'Keuken': ' Gedeeld ', 'Badkamer': ' Gedeeld ', 'Toilet': ' Gedeeld ', 'Internet': ' Ja ', 'Energielabel': ' Onbekend ', 'Huisgenoten': '  3 ', 'Geslacht': ' Gemengd ', 'Huisdieren': ' Nee '}",
Kerklaan,in Heemskerk,19 m,Totale oppervlakte: 55 m 2,â‚¬ 475,p/m | incl. g/w/e,Kaal,26-07-2021,5 weken geleden geplaatst,https://kamernet.nl/huren/kamer-heemskerk/kerklaan/kamer-1975879,"{'Woonkamer': ' Eigen ', 'Keuken': ' Gedeeld ', 'Badkamer': ' Gedeeld ', 'Toilet': ' Gedeeld ', 'Internet': ' Ja ', 'Energielabel': ' Onbekend ', 'Huisgenoten': '  Meer dan 8 ', 'Geslacht': ' Gemengd ', 'Huisdieren': ' Nee '}",
Hoofdweg,in Amsterdam,17 m,Totale oppervlakte: 58 m 2,â‚¬ 1000,p/m | incl. g/w/e,Gemeubileerd,01-08-2021 tot 31-01-2022,5 weken geleden geplaatst,https://kamernet.nl/huren/kamer-amsterdam/hoofdweg/kamer-1975829,"{'Woonkamer': ' Gedeeld ', 'Keuken': ' Gedeeld ', 'Badkamer': ' Gedeeld ', 'Toilet': ' Gedeeld ', 'Internet': ' Ja ', 'Energielabel': ' Onbekend ', 'Huisgenoten': '  1 ', 'Geslacht': ' Vrouw ', 'Huisdieren': ' Nee '}",
Flanorpad,in Leiden,12 m,,â‚¬ 300,p/m | incl. g/w/e,Kaal,26-07-2021 tot 30-06-2022,5 weken geleden geplaatst,https://kamernet.nl/huren/kamer-leiden/flanorpad/kamer-1975895,"{'Woonkamer': ' Gedeeld ', 'Keuken': ' Gedeeld ', 'Badkamer': ' Gedeeld ', 'Toilet': ' Gedeeld ', 'Internet': ' Ja ', 'Energielabel': ' Onbekend ', 'Huisgenoten': '  Meer dan 8 ', 'Geslacht': ' Gemengd ', 'Huisdieren': ' Nee '}",
Leidsekade,in Utrecht,40 m,Totaal 2 kamers (1 slaapkamer) ,â‚¬ 850,p/m | excl. g/w/e,Gestoffeerd,01-09-2021,5 weken geleden geplaatst,https://kamernet.nl/huren/appartement-utrecht/leidsekade/appartement-1975891,"{'Woonkamer': ' Eigen ', 'Keuken': ' Eigen ', 'Badkamer': ' Eigen ', 'Toilet': ' Eigen ', 'Internet': ' Ja ', 'Energielabel': ' Onbekend ', 'Huisdieren': ' In overleg '}",
Herengracht,in Amsterdam,10 m,Totale oppervlakte: 110 m 2,â‚¬ 1450,p/m | incl. g/w/e,Gemeubileerd,01-10-2021,5 weken geleden geplaatst,https://kamernet.nl/huren/kamer-amsterdam/herengracht/kamer-1872067,"{'Woonkamer': ' Gedeeld ', 'Keuken': ' Gedeeld ', 'Badkamer': ' Eigen ', 'Toilet': ' Gedeeld ', 'Internet': ' Ja ', 'Energielabel': ' Onbekend ', 'Huisgenoten': '  1 ', 'Geslacht': ' Man ', 'Huisdieren': ' Nee '}",
Nassaulaan,in Groningen,10 m,Totale oppervlakte: 70 m 2,â‚¬ 290,p/m | incl. g/w/e,Gestoffeerd,01-08-2021,5 weken geleden geplaatst,https://kamernet.nl/huren/kamer-groningen/nassaulaan/kamer-1963194,"{'Woonkamer': ' Gedeeld ', 'Keuken': ' Gedeeld ', 'Badkamer': ' Gedeeld ', 'Toilet': ' Gedeeld ', 'Internet': ' Ja ', 'Energielabel': ' Onbekend ', 'Huisgenoten': '  4  ', 'Geslacht': ' Man ', 'Huisdieren': ' Nee '}",
Legmeerdijk,in Amstelveen,8 m,,â‚¬ 695,p/m | incl. g/w/e,Gemeubileerd,25-07-2021,5 weken geleden geplaatst,https://kamernet.nl/huren/kamer-amstelveen/legmeerdijk/kamer-1975760,"{'Woonkamer': ' Gedeeld ', 'Keuken': ' Gedeeld ', 'Badkamer': ' Gedeeld ', 'Toilet': ' Gedeeld ', 'Internet': ' Ja ', 'Energielabel': ' Onbekend ', 'Huisgenoten': '  2 ', 'Geslacht': ' Gemengd ', 'Huisdieren': ' In overleg '}",
Campuslaan,in Enschede,14 m,,â‚¬ 283,p/m | incl. g/w/e,Kaal,25-08-2021,5 weken geleden geplaatst,https://kamernet.nl/huren/kamer-enschede/campuslaan/kamer-1975953,"{'Woonkamer': ' Gedeeld ', 'Keuken': ' Gedeeld ', 'Badkamer': ' Gedeeld ', 'Toilet': ' Gedeeld ', 'Internet': ' Ja ', 'Energielabel': ' Onbekend ', 'Huisgenoten': '  Meer dan 8 ', 'Geslacht': ' Gemengd ', 'Huisdieren': ' In overleg '}",
Bergstraat,in Wageningen,16 m,,â‚¬ 325,p/m | incl. g/w/e,Gestoffeerd,01-09-2021,5 weken geleden geplaatst,https://kamernet.nl/huren/kamer-wageningen/bergstraat/kamer-1975975,"{'Woonkamer': ' Gedeeld ', 'Keuken': ' Gedeeld ', 'Badkamer': ' Gedeeld ', 'Toilet': ' Gedeeld ', 'Internet': ' Ja ', 'Energielabel': ' Onbekend ', 'Huisgenoten': '  Meer dan 8 ', 'Geslacht': ' Man ', 'Huisdieren': ' Nee '}",
Marnixstraat,in Den Haag,10 m,Totale oppervlakte: 110 m 2,â‚¬ 475,p/m | excl. g/w/e,Gestoffeerd,01-09-2021,5 weken geleden geplaatst,https://kamernet.nl/huren/kamer-den-haag/marnixstraat/kamer-1975995,"{'Woonkamer': ' Gedeeld ', 'Keuken': ' Gedeeld ', 'Badkamer': ' Gedeeld ', 'Toilet': ' Gedeeld ', 'Internet': ' Ja ', 'Energielabel': ' Onbekend ', 'Huisgenoten': '  3 ', 'Geslacht': ' Gemengd ', 'Huisdieren': ' Ja '}",
Ceintuurbaan,in Amsterdam,8 m,Totale oppervlakte: 75 m 2,â‚¬ 790,p/m | excl. g/w/e,Kaal,01-09-2021,5 weken geleden geplaatst,https://kamernet.nl/huren/kamer-amsterdam/ceintuurbaan/kamer-1975977,"{'Woonkamer': ' Gedeeld ', 'Keuken': ' Gedeeld ', 'Badkamer': ' Gedeeld ', 'Toilet': ' Gedeeld ', 'Internet': ' Ja ', 'Energielabel': ' Onbekend ', 'Huisgenoten': '  Onbekend  ', 'Geslacht': ' Onbekend ', 'Huisdieren': ' Nee '}",
Stadsplein,in 's-Heerenberg,62 m,Totaal 2 kamers (1 slaapkamer) ,â‚¬ 825,p/m | excl. g/w/e,Kaal,01-09-2021,5 weken geleden geplaatst,https://kamernet.nl/huren/appartement-'s-heerenberg/stadsplein/appartement-1976011,"{'Woonkamer': ' Eigen ', 'Keuken': ' Eigen ', 'Badkamer': ' Eigen ', 'Toilet': ' Eigen ', 'Internet': ' Nee ', 'Energielabel': ' B ', 'Huisdieren': ' Nee '}",
Kettingstraat,in Eindhoven,14 m,,â‚¬ 300,p/m | incl. g/w/e,Kaal,31-08-2021,5 weken geleden geplaatst,https://kamernet.nl/huren/kamer-eindhoven/kettingstraat/kamer-1975828,"{'Woonkamer': ' Gedeeld ', 'Keuken': ' Gedeeld ', 'Badkamer': ' Gedeeld ', 'Toilet': ' Gedeeld ', 'Internet': ' Ja ', 'Energielabel': ' Onbekend ', 'Huisgenoten': '  8  ', 'Geslacht': ' Man ', 'Huisdieren': ' Nee '}",
Josephus Jittastraat,in Amsterdam,12 m,,â‚¬ 700,p/m | incl. g/w/e,Gemeubileerd,26-07-2021,5 weken geleden geplaatst,https://kamernet.nl/huren/kamer-amsterdam/josephus-jittastraat/kamer-1976048,"{'Woonkamer': ' Onbekend ', 'Keuken': ' Onbekend ', 'Badkamer': ' Onbekend ', 'Toilet': ' Onbekend ', 'Internet': ' Ja ', 'Energielabel': ' Onbekend ', 'Huisgenoten': '  2 ', 'Geslacht': ' Man ', 'Huisdieren': ' Nee '}",
Steenvoordelaan,in Rijswijk,17 m,,â‚¬ 630,p/m | incl. g/w/e,Gemeubileerd,01-08-2021 tot 01-08-2022,5 weken geleden geplaatst,https://kamernet.nl/huren/kamer-rijswijk/steenvoordelaan/kamer-1975931,"{'Woonkamer': ' Geen ', 'Keuken': ' Gedeeld ', 'Badkamer': ' Gedeeld ', 'Toilet': ' Gedeeld ', 'Internet': ' Ja ', 'Energielabel': ' Onbekend ', 'Huisgenoten': '  3 ', 'Geslacht': ' Gemengd ', 'Huisdieren': ' Nee '}",
Willemstraat,in Eindhoven,57 m,Totaal 1 kamer,â‚¬ 1125,p/m | excl. g/w/e,Gemeubileerd,01-07-2021,17 weken geleden geplaatst,https://kamernet.nl/huren/appartement-eindhoven/willemstraat/appartement-1940101,"{'Woonkamer': ' Onbekend ', 'Keuken': ' Onbekend ', 'Badkamer': ' Onbekend ', 'Toilet': ' Onbekend ', 'Internet': ' Onbekend ', 'Energielabel': ' Onbekend ', 'Huisdieren': ' Nee '}",
Groenestraat,in Zwolle,45 m,,â‚¬ 650,p/m | incl. g/w/e,Gestoffeerd,28-07-2021 tot 27-07-2022,5 weken geleden geplaatst,https://kamernet.nl/huren/kamer-zwolle/groenestraat/kamer-1976095,"{'Woonkamer': ' Eigen ', 'Keuken': ' Eigen ', 'Badkamer': ' Gedeeld ', 'Toilet': ' Gedeeld ', 'Internet': ' Nee ', 'Energielabel': ' Onbekend ', 'Huisgenoten': '  2 ', 'Geslacht': ' Gemengd ', 'Huisdieren': ' Nee '}",
Lissabonstraat,in Groningen,50 m,Totaal 1 kamer (1 slaapkamer) ,â‚¬ 1100,p/m | incl. g/w/e,Gemeubileerd,01-10-2021,5 weken geleden geplaatst,https://kamernet.nl/huren/appartement-groningen/lissabonstraat/appartement-1976026,"{'Woonkamer': ' Eigen ', 'Keuken': ' Eigen ', 'Badkamer': ' Eigen ', 'Toilet': ' Eigen ', 'Internet': ' Ja ', 'Energielabel': ' A ', 'Huisdieren': ' Nee '}",
Palermohof,in Rotterdam,14 m,,â‚¬ 440,p/m | incl. g/w/e,Gemeubileerd,01-09-2021,5 weken geleden geplaatst,https://kamernet.nl/huren/kamer-rotterdam/palermohof/kamer-1975925,"{'Woonkamer': ' Gedeeld ', 'Keuken': ' Gedeeld ', 'Badkamer': ' Gedeeld ', 'Toilet': ' Gedeeld ', 'Internet': ' Ja ', 'Energielabel': ' C ', 'Huisgenoten': '  1 ', 'Geslacht': ' Man ', 'Huisdieren': ' In overleg '}",
Kinkerstraat,in Amsterdam,50 m,,â‚¬ 1500,p/m | excl. g/w/e,Gemeubileerd,01-02-2021,38 weken geleden geplaatst,https://kamernet.nl/huren/appartement-amsterdam/kinkerstraat/appartement-1880322,"{'Woonkamer': ' Onbekend ', 'Keuken': ' Onbekend ', 'Badkamer': ' Onbekend ', 'Toilet': ' Onbekend ', 'Internet': ' Ja ', 'Energielabel': ' Onbekend ', 'Huisdieren': ' In overleg '}",
Graan voor Visch,in Hoofddorp,15 m,Totale oppervlakte: 122 m 2,â‚¬ 365,p/m | excl. g/w/e,Gestoffeerd,26-09-2021 tot 30-08-2022,5 weken geleden geplaatst,https://kamernet.nl/huren/kamer-hoofddorp/graan-voor-visch/kamer-1975416,"{'Woonkamer': ' Gedeeld ', 'Keuken': ' Gedeeld ', 'Badkamer': ' Gedeeld ', 'Toilet': ' Gedeeld ', 'Internet': ' Ja ', 'Energielabel': ' Onbekend ', 'Huisgenoten': '  3 ', 'Geslacht': ' Vrouw ', 'Huisdieren': ' Nee '}",
Klompenmakerstraat,in Etten-Leur,10 m,,â‚¬ 93,p/m | excl. g/w/e,Gestoffeerd,01-06-2021,73 weken geleden geplaatst,https://kamernet.nl/huren/kamer-etten-leur/klompenmakerstraat/kamer-1789799,"{'Woonkamer': ' Onbekend ', 'Keuken': ' Onbekend ', 'Badkamer': ' Onbekend ', 'Toilet': ' Onbekend ', 'Internet': ' Onbekend ', 'Energielabel': ' Onbekend ', 'Huisgenoten': '  Onbekend  ', 'Geslacht': ' Onbekend ', 'Huisdieren': ' Nee '}",
Oude Turfstraat,in Venlo,96 m,Totaal 3 kamers,â‚¬ 1550,p/m | excl. g/w/e,Gestoffeerd,30-04-2021 tot 30-04-2022,71 weken geleden geplaatst,https://kamernet.nl/huren/appartement-venlo/oude-turfstraat/appartement-1795980,"{'Woonkamer': ' Onbekend ', 'Keuken': ' Onbekend ', 'Badkamer': ' Onbekend ', 'Toilet': ' Onbekend ', 'Internet': ' Onbekend ', 'Energielabel': ' Onbekend ', 'Huisdieren': ' Nee '}",
Livingstonelaan,in Utrecht,80 m,Totaal 2 kamers,â‚¬ 1250,p/m | excl. g/w/e,Onbekend,01-06-2021,69 weken geleden geplaatst,https://kamernet.nl/huren/appartement-utrecht/livingstonelaan/appartement-1800215,"{'Woonkamer': ' Onbekend ', 'Keuken': ' Onbekend ', 'Badkamer': ' Onbekend ', 'Toilet': ' Onbekend ', 'Internet': ' Onbekend ', 'Energielabel': ' Onbekend ', 'Huisdieren': ' Nee '}",
Gedempte Gracht,in Den Haag,120 m,Totaal 3 kamers,â‚¬ 1950,p/m | excl. g/w/e,Gestoffeerd,01-06-2021,68 weken geleden geplaatst,https://kamernet.nl/huren/appartement-den-haag/gedempte-gracht/appartement-1803408,"{'Woonkamer': ' Onbekend ', 'Keuken': ' Onbekend ', 'Badkamer': ' Onbekend ', 'Toilet': ' Onbekend ', 'Internet': ' Onbekend ', 'Energielabel': ' Onbekend ', 'Huisdieren': ' Nee '}",
Lage Bergweg,in Beekbergen,55 m,,â‚¬ 745,p/m | excl. g/w/e,Gemeubileerd,01-07-2020,64 weken geleden geplaatst,https://kamernet.nl/huren/appartement-beekbergen/lage-bergweg/appartement-1813651,"{'Woonkamer': ' Onbekend ', 'Keuken': ' Onbekend ', 'Badkamer': ' Onbekend ', 'Toilet': ' Onbekend ', 'Internet': ' Onbekend ', 'Energielabel': ' Onbekend ', 'Huisdieren': ' In overleg '}",
Snelliusstraat,in Den Haag,12 m,Totale oppervlakte: 70 m 2,â‚¬ 590,p/m | excl. g/w/e,Kaal,22-07-2021,6 weken geleden geplaatst,https://kamernet.nl/huren/kamer-den-haag/snelliusstraat/kamer-1975163,"{'Woonkamer': ' Eigen ', 'Keuken': ' Eigen ', 'Badkamer': ' Eigen ', 'Toilet': ' Eigen ', 'Internet': ' Ja ', 'Energielabel': ' Onbekend ', 'Huisgenoten': '  2 ', 'Geslacht': ' Man ', 'Huisdieren': ' Nee '}",
Lagendijk,in Uitgeest,100 m,,â‚¬ 1440,p/m | excl. g/w/e,Gemeubileerd,15-10-2020,53 weken geleden geplaatst,https://kamernet.nl/huren/appartement-uitgeest/lagendijk/appartement-1843092,"{'Woonkamer': ' Onbekend ', 'Keuken': ' Onbekend ', 'Badkamer': ' Onbekend ', 'Toilet': ' Onbekend ', 'Internet': ' Onbekend ', 'Energielabel': ' Onbekend ', 'Huisdieren': ' Nee '}",
Max Havelaarlaan,in Amstelveen,40 m,Totaal 2 kamers,â‚¬ 1115,p/m | excl. g/w/e,Onbekend,05-09-2020,51 weken geleden geplaatst,https://kamernet.nl/huren/appartement-amstelveen/max-havelaarlaan/appartement-1848051,"{'Woonkamer': ' Onbekend ', 'Keuken': ' Onbekend ', 'Badkamer': ' Onbekend ', 'Toilet': ' Onbekend ', 'Internet': ' Onbekend ', 'Energielabel': ' Onbekend ', 'Huisdieren': ' In overleg '}",
Max Havelaarlaan,in Amstelveen,40 m,Totaal 2 kamers,â‚¬ 1150,p/m | excl. g/w/e,Onbekend,01-06-2021,50 weken geleden geplaatst,https://kamernet.nl/huren/appartement-amstelveen/max-havelaarlaan/appartement-1849716,"{'Woonkamer': ' Onbekend ', 'Keuken': ' Onbekend ', 'Badkamer': ' Onbekend ', 'Toilet': ' Onbekend ', 'Internet': ' Onbekend ', 'Energielabel': ' Onbekend ', 'Huisdieren': ' Nee '}",
Electrablauw,in Zoetermeer,20 m,,â‚¬ 550,p/m | excl. g/w/e,Gestoffeerd,27-05-2021,49 weken geleden geplaatst,https://kamernet.nl/huren/kamer-zoetermeer/electrablauw/kamer-1853574,"{'Woonkamer': ' Onbekend ', 'Keuken': ' Onbekend ', 'Badkamer': ' Onbekend ', 'Toilet': ' Onbekend ', 'Internet': ' Onbekend ', 'Energielabel': ' Onbekend ', 'Huisgenoten': '  Onbekend  ', 'Geslacht': ' Onbekend ', 'Huisdieren': ' Nee '}",
Noordeinde,in Den Haag,71 m,Totaal 2 kamers,â‚¬ 1675,p/m | excl. g/w/e,Gestoffeerd,09-01-2021,49 weken geleden geplaatst,https://kamernet.nl/huren/appartement-den-haag/noordeinde/appartement-1853573,"{'Woonkamer': ' Onbekend ', 'Keuken': ' Onbekend ', 'Badkamer': ' Onbekend ', 'Toilet': ' Onbekend ', 'Internet': ' Onbekend ', 'Energielabel': ' Onbekend ', 'Huisdieren': ' In overleg '}",
Oudegracht,in Utrecht,86 m,Totaal 3 kamers,â‚¬ 1395,p/m | excl. g/w/e,Onbekend,02-10-2020,47 weken geleden geplaatst,https://kamernet.nl/huren/appartement-utrecht/oudegracht/appartement-1856650,"{'Woonkamer': ' Onbekend ', 'Keuken': ' Onbekend ', 'Badkamer': ' Onbekend ', 'Toilet': ' Onbekend ', 'Internet': ' Onbekend ', 'Energielabel': ' Onbekend ', 'Huisdieren': ' In overleg '}",
Westelijk Halfrond,in Amstelveen,61 m,Totaal 3 kamers,â‚¬ 1515,p/m | excl. g/w/e,Gemeubileerd,23-01-2021,34 weken geleden geplaatst,https://kamernet.nl/huren/appartement-amstelveen/westelijk-halfrond/appartement-1893020,"{'Woonkamer': ' Onbekend ', 'Keuken': ' Onbekend ', 'Badkamer': ' Onbekend ', 'Toilet': ' Onbekend ', 'Internet': ' Onbekend ', 'Energielabel': ' Onbekend ', 'Huisdieren': ' In overleg '}",
Pompstationsweg,in Den Haag,110 m,Totaal 5 kamers,â‚¬ 3250,p/m | excl. g/w/e,Gemeubileerd,13-01-2021,36 weken geleden geplaatst,https://kamernet.nl/huren/appartement-den-haag/pompstationsweg/appartement-1890759,"{'Woonkamer': ' Onbekend ', 'Keuken': ' Onbekend ', 'Badkamer': ' Onbekend ', 'Toilet': ' Onbekend ', 'Internet': ' Onbekend ', 'Energielabel': ' Onbekend ', 'Huisdieren': ' In overleg '}",
Leidsegracht,in Amsterdam,85 m,Totaal 4 kamers,â‚¬ 2150,p/m | excl. g/w/e,Gemeubileerd,05-02-2021,32 weken geleden geplaatst,https://kamernet.nl/huren/appartement-amsterdam/leidsegracht/appartement-1901621,"{'Woonkamer': ' Onbekend ', 'Keuken': ' Onbekend ', 'Badkamer': ' Onbekend ', 'Toilet': ' Onbekend ', 'Internet': ' Onbekend ', 'Energielabel': ' Onbekend ', 'Huisdieren': ' In overleg '}",
Aidadreef,in Utrecht,20 m,Totale oppervlakte: 100 m 2,â‚¬ 780,p/m | incl. g/w/e,Gestoffeerd,01-09-2021,5 weken geleden geplaatst,https://kamernet.nl/huren/kamer-utrecht/aidadreef/kamer-1975419,"{'Woonkamer': ' Gedeeld ', 'Keuken': ' Gedeeld ', 'Badkamer': ' Gedeeld ', 'Toilet': ' Gedeeld ', 'Internet': ' Ja ', 'Energielabel': ' Onbekend ', 'Huisgenoten': '  1 ', 'Geslacht': ' Vrouw ', 'Huisdieren': ' Nee '}",
Nassaustraat,in Maarssen,100 m,Totaal 3 kamers,â‚¬ 1550,p/m | excl. g/w/e,Onbekend,01-06-2021,72 weken geleden geplaatst,https://kamernet.nl/huren/appartement-maarssen/nassaustraat/appartement-1791771,"{'Woonkamer': ' Onbekend ', 'Keuken': ' Onbekend ', 'Badkamer': ' Onbekend ', 'Toilet': ' Onbekend ', 'Internet': ' Onbekend ', 'Energielabel': ' Onbekend ', 'Huisdieren': ' Nee '}",
Velperweg,in Arnhem,155 m,Totaal 4 kamers,â‚¬ 2350,p/m | excl. g/w/e,Gestoffeerd,12-02-2021,28 weken geleden geplaatst,https://kamernet.nl/huren/appartement-arnhem/velperweg/appartement-1909872,"{'Woonkamer': ' Onbekend ', 'Keuken': ' Onbekend ', 'Badkamer': ' Onbekend ', 'Toilet': ' Onbekend ', 'Internet': ' Onbekend ', 'Energielabel': ' Onbekend ', 'Huisdieren': ' In overleg '}",
Laan van Nieuw-Guinea,in Utrecht,48 m,,â‚¬ 1050,p/m | excl. g/w/e,Onbekend,31-07-2020,56 weken geleden geplaatst,https://kamernet.nl/huren/appartement-utrecht/laan-van-nieuw-guinea/appartement-1835846,"{'Woonkamer': ' Onbekend ', 'Keuken': ' Onbekend ', 'Badkamer': ' Onbekend ', 'Toilet': ' Onbekend ', 'Internet': ' Onbekend ', 'Energielabel': ' Onbekend ', 'Huisdieren': ' In overleg '}",
Lange Leidsedwarsstraat,in Amsterdam,61 m,Totaal 2 kamers,â‚¬ 1680,p/m | excl. g/w/e,Gestoffeerd,06-08-2021,27 weken geleden geplaatst,https://kamernet.nl/huren/appartement-amsterdam/lange-leidsedwarsstraat/appartement-1915486,"{'Woonkamer': ' Onbekend ', 'Keuken': ' Onbekend ', 'Badkamer': ' Onbekend ', 'Toilet': ' Onbekend ', 'Internet': ' Onbekend ', 'Energielabel': ' Onbekend ', 'Huisdieren': ' In overleg '}",
Kuipersdijk,in Enschede,12 m,,â‚¬ 300,p/m | incl. g/w/e,Gestoffeerd,17-03-2021,24 weken geleden geplaatst,https://kamernet.nl/huren/kamer-enschede/kuipersdijk/kamer-1923714,"{'Woonkamer': ' Onbekend ', 'Keuken': ' Onbekend ', 'Badkamer': ' Onbekend ', 'Toilet': ' Onbekend ', 'Internet': ' Onbekend ', 'Energielabel': ' Onbekend ', 'Huisgenoten': '  Onbekend  ', 'Geslacht': ' Onbekend ', 'Huisdieren': ' Nee '}",
Rustenburgerstraat,in Amsterdam,50 m,Totaal 2 kamers,â‚¬ 1495,p/m | excl. g/w/e,Gestoffeerd,24-03-2021,23 weken geleden geplaatst,https://kamernet.nl/huren/appartement-amsterdam/rustenburgerstraat/appartement-1925914,"{'Woonkamer': ' Onbekend ', 'Keuken': ' Onbekend ', 'Badkamer': ' Onbekend ', 'Toilet': ' Onbekend ', 'Internet': ' Onbekend ', 'Energielabel': ' Onbekend ', 'Huisdieren': ' In overleg '}",
Lange Bisschopstraat,in Deventer,11 m,,â‚¬ 285,p/m | excl. g/w/e,Gestoffeerd,26-03-2021,22 weken geleden geplaatst,https://kamernet.nl/huren/kamer-deventer/lange-bisschopstraat/kamer-1926510,"{'Woonkamer': ' Onbekend ', 'Keuken': ' Onbekend ', 'Badkamer': ' Onbekend ', 'Toilet': ' Onbekend ', 'Internet': ' Onbekend ', 'Energielabel': ' Onbekend ', 'Huisgenoten': '  Onbekend  ', 'Geslacht': ' Onbekend ', 'Huisdieren': ' Nee '}",
Koppenhinksteeg,in Leiden,50 m,Totaal 2 kamers,â‚¬ 1850,p/m | excl. g/w/e,Gestoffeerd,02-04-2021,21 weken geleden geplaatst,https://kamernet.nl/huren/appartement-leiden/koppenhinksteeg/appartement-1928760,"{'Woonkamer': ' Onbekend ', 'Keuken': ' Onbekend ', 'Badkamer': ' Onbekend ', 'Toilet': ' Onbekend ', 'Internet': ' Onbekend ', 'Energielabel': ' Onbekend ', 'Huisdieren': ' In overleg '}",
Pembastraat,in Almere,165 m,Totaal 5 kamers,â‚¬ 1950,p/m | excl. g/w/e,Gestoffeerd,01-09-2021,21 weken geleden geplaatst,https://kamernet.nl/huren/appartement-almere/pembastraat/appartement-1929917,"{'Woonkamer': ' Onbekend ', 'Keuken': ' Onbekend ', 'Badkamer': ' Onbekend ', 'Toilet': ' Onbekend ', 'Internet': ' Onbekend ', 'Energielabel': ' Onbekend ', 'Huisdieren': ' In overleg '}",
Middelstegracht,in Leiden,68 m,Totaal 3 kamers,â‚¬ 1740,p/m | excl. g/w/e,Gestoffeerd,01-03-2021,28 weken geleden geplaatst,https://kamernet.nl/huren/appartement-leiden/middelstegracht/appartement-1910199,"{'Woonkamer': ' Onbekend ', 'Keuken': ' Onbekend ', 'Badkamer': ' Onbekend ', 'Toilet': ' Onbekend ', 'Internet': ' Onbekend ', 'Energielabel': ' Onbekend ', 'Huisdieren': ' In overleg '}",
Pijnackerplein,in Rotterdam,10 m,,â‚¬ 300,p/m | incl. g/w/e,Gestoffeerd,01-08-2021,6 weken geleden geplaatst,https://kamernet.nl/huren/kamer-rotterdam/pijnackerplein/kamer-1974734,"{'Woonkamer': ' Onbekend ', 'Keuken': ' Gedeeld ', 'Badkamer': ' Gedeeld ', 'Toilet': ' Gedeeld ', 'Internet': ' Ja ', 'Energielabel': ' D ', 'Huisgenoten': '  3 ', 'Geslacht': ' Gemengd ', 'Huisdieren': ' Nee '}",
Middelstegracht,in Leiden,80 m,Totaal 3 kamers,â‚¬ 2010,p/m | excl. g/w/e,Gestoffeerd,01-03-2021,28 weken geleden geplaatst,https://kamernet.nl/huren/appartement-leiden/middelstegracht/appartement-1910198,"{'Woonkamer': ' Onbekend ', 'Keuken': ' Onbekend ', 'Badkamer': ' Onbekend ', 'Toilet': ' Onbekend ', 'Internet': ' Onbekend ', 'Energielabel': ' Onbekend ', 'Huisdieren': ' In overleg '}",
Mgr. Horsthuisstraat,in Breda,125 m,Totaal 5 kamers,â‚¬ 1995,p/m | excl. g/w/e,Gemeubileerd,01-02-2021,31 weken geleden geplaatst,https://kamernet.nl/huren/appartement-breda/mgr.-horsthuisstraat/appartement-1902335,"{'Woonkamer': ' Onbekend ', 'Keuken': ' Onbekend ', 'Badkamer': ' Onbekend ', 'Toilet': ' Onbekend ', 'Internet': ' Onbekend ', 'Energielabel': ' Onbekend ', 'Huisdieren': ' Nee '}",
Reutumbrink,in Enschede,17 m,,â‚¬ 400,p/m | excl. g/w/e,Gestoffeerd,09-04-2021,20 weken geleden geplaatst,https://kamernet.nl/huren/kamer-enschede/reutumbrink/kamer-1931070,"{'Woonkamer': ' Onbekend ', 'Keuken': ' Onbekend ', 'Badkamer': ' Onbekend ', 'Toilet': ' Onbekend ', 'Internet': ' Onbekend ', 'Energielabel': ' Onbekend ', 'Huisgenoten': '  Onbekend  ', 'Geslacht': ' Onbekend ', 'Huisdieren': ' Nee '}",
Wagnerplein,in Leiden,14 m,,â‚¬ 700,p/m | incl. g/w/e,Gemeubileerd,02-08-2021,4 weken geleden geplaatst,https://kamernet.nl/huren/kamer-leiden/wagnerplein/kamer-1977521,"{'Woonkamer': ' Gedeeld ', 'Keuken': ' Gedeeld ', 'Badkamer': ' Gedeeld ', 'Toilet': ' Gedeeld ', 'Internet': ' Ja ', 'Energielabel': ' Onbekend ', 'Huisgenoten': '  2 ', 'Geslacht': ' Gemengd ', 'Huisdieren': ' Nee '}",
Haaksbergerstraat,in Enschede,18 m,,â‚¬ 400,p/m | excl. g/w/e,Gestoffeerd,17-02-2021,71 weken geleden geplaatst,https://kamernet.nl/huren/kamer-enschede/haaksbergerstraat/kamer-1795116,"{'Woonkamer': ' Onbekend ', 'Keuken': ' Onbekend ', 'Badkamer': ' Onbekend ', 'Toilet': ' Onbekend ', 'Internet': ' Onbekend ', 'Energielabel': ' Onbekend ', 'Huisgenoten': '  Onbekend  ', 'Geslacht': ' Onbekend ', 'Huisdieren': ' Nee '}",
van Heemstralaan,in Baarn,50 m,Totaal 2 kamers,â‚¬ 1150,p/m | excl. g/w/e,Gemeubileerd,01-09-2021,33 weken geleden geplaatst,https://kamernet.nl/huren/appartement-baarn/van-heemstralaan/appartement-1898571,"{'Woonkamer': ' Onbekend ', 'Keuken': ' Onbekend ', 'Badkamer': ' Onbekend ', 'Toilet': ' Onbekend ', 'Internet': ' Onbekend ', 'Energielabel': ' Onbekend ', 'Huisdieren': ' In overleg '}",
Velperweg,in Arnhem,140 m,Totaal 4 kamers,â‚¬ 2250,p/m | excl. g/w/e,Gestoffeerd,01-02-2021,30 weken geleden geplaatst,https://kamernet.nl/huren/appartement-arnhem/velperweg/appartement-1904437,"{'Woonkamer': ' Onbekend ', 'Keuken': ' Onbekend ', 'Badkamer': ' Onbekend ', 'Toilet': ' Onbekend ', 'Internet': ' Onbekend ', 'Energielabel': ' Onbekend ', 'Huisdieren': ' In overleg '}",
Krommedijk,in Dordrecht,8 m,,â‚¬ 600,p/m | incl. g/w/e,Gemeubileerd,01-10-2021,Gisteren geplaatst,https://kamernet.nl/huren/kamer-dordrecht/krommedijk/kamer-1991643,"{'Woonkamer': ' Gedeeld ', 'Keuken': ' Gedeeld ', 'Badkamer': ' Gedeeld ', 'Toilet': ' Gedeeld ', 'Internet': ' Ja ', 'Energielabel': ' A ', 'Huisgenoten': '  3 ', 'Geslacht': ' Man ', 'Huisdieren': ' Nee '}",kamer-1991643.html
Badhuisweg,in Zaandam,16 m,Totale oppervlakte: 60 m 2,â‚¬ 600,p/m | excl. g/w/e,Gestoffeerd,01-10-2021,Gisteren geplaatst,https://kamernet.nl/huren/kamer-zaandam/badhuisweg/kamer-1991455,"{'Woonkamer': ' Gedeeld ', 'Keuken': ' Gedeeld ', 'Badkamer': ' Gedeeld ', 'Toilet': ' Gedeeld ', 'Internet': ' Ja ', 'Energielabel': ' D ', 'Huisgenoten': '  2 ', 'Geslacht': ' Vrouw ', 'Huisdieren': ' Nee '}",kamer-1991455.html
Blokweg,in Rotterdam,25 m,Totale oppervlakte: 80 m 2,â‚¬ 575,p/m | incl. g/w/e,Gemeubileerd,25-09-2021,Gisteren geplaatst,https://kamernet.nl/huren/kamer-rotterdam/blokweg/kamer-1990466,"{'Woonkamer': ' Onbekend ', 'Keuken': ' Gedeeld ', 'Badkamer': ' Gedeeld ', 'Toilet': ' Gedeeld ', 'Internet': ' Ja ', 'Energielabel': ' D ', 'Huisgenoten': '  1 ', 'Geslacht': ' Gemengd ', 'Huisdieren': ' In overleg '}",kamer-1990466.html
Jan Pieter Heijestraat,in Amsterdam,75 m,Totaal 3 kamers (2 slaapkamers) ,â‚¬ 1850,p/m | excl. g/w/e,Gemeubileerd,01-11-2021 tot 31-10-2022,3 uur geleden geplaatst,https://kamernet.nl/huren/appartement-amsterdam/jan-pieter-heijestraat/appartement-1991870,"{'Woonkamer': ' Eigen ', 'Keuken': ' Eigen ', 'Badkamer': ' Eigen ', 'Toilet': ' Eigen ', 'Internet': ' Nee ', 'Energielabel': ' Onbekend ', 'Huisdieren': ' Nee '}",appartement-1991870.html
Van de Sande Bakhuyzenstraat,in Hilversum,14 m,,â‚¬ 450,p/m | incl. g/w/e,Gestoffeerd,03-10-2021 tot 01-10-2022,2 uur geleden geplaatst,https://kamernet.nl/huren/kamer-hilversum/van-de-sande-bakhuyzenstraat/kamer-1991869,"{'Woonkamer': ' Geen ', 'Keuken': ' Gedeeld ', 'Badkamer': ' Gedeeld ', 'Toilet': ' Gedeeld ', 'Internet': ' Ja ', 'Energielabel': ' Onbekend ', 'Huisgenoten': '  2 ', 'Geslacht': ' Gemengd ', 'Huisdieren': ' Nee '}",kamer-1991869.html
Industriestraat,in Groningen,34 m,Totaal 2 kamers (1 slaapkamer) ,â‚¬ 750,p/m | excl. g/w/e,Kaal,01-10-2021,Gisteren geplaatst,https://kamernet.nl/huren/appartement-groningen/industriestraat/appartement-1991607,"{'Woonkamer': ' Eigen ', 'Keuken': ' Eigen ', 'Badkamer': ' Eigen ', 'Toilet': ' Eigen ', 'Internet': ' Ja ', 'Energielabel': ' C ', 'Huisdieren': ' Nee '}",appartement-1991607.html
Boris Pasternakstraat,in Amsterdam,15 m,,â‚¬ 600,p/m | incl. g/w/e,Gemeubileerd,01-10-2021,12 uur geleden geplaatst,https://kamernet.nl/huren/kamer-amsterdam/boris-pasternakstraat/kamer-1991728,"{'Woonkamer': ' Gedeeld ', 'Keuken': ' Gedeeld ', 'Badkamer': ' Gedeeld ', 'Toilet': ' Gedeeld ', 'Internet': ' Ja ', 'Energielabel': ' Onbekend ', 'Huisgenoten': '  2 ', 'Geslacht': ' Gemengd ', 'Huisdieren': ' Nee '}",kamer-1991728.html
Breeweg,in Rotterdam,65 m,,â‚¬ 900,p/m | excl. g/w/e,Gestoffeerd,01-11-2021,12 uur geleden geplaatst,https://kamernet.nl/huren/appartement-rotterdam/breeweg/appartement-1991770,"{'Woonkamer': ' Eigen ', 'Keuken': ' Eigen ', 'Badkamer': ' Eigen ', 'Toilet': ' Eigen ', 'Internet': ' Nee ', 'Energielabel': ' Onbekend ', 'Huisdieren': ' Ja '}",appartement-1991770.html
Gedempte Gracht,in Zaandam,12 m,,â‚¬ 580,p/m | incl. g/w/e,Kaal,01-11-2021,2 dagen geleden geplaatst,https://kamernet.nl/huren/kamer-zaandam/gedempte-gracht/kamer-1991552,"{'Woonkamer': ' Gedeeld ', 'Keuken': ' Gedeeld ', 'Badkamer': ' Gedeeld ', 'Toilet': ' Gedeeld ', 'Internet': ' Nee ', 'Energielabel': ' Onbekend ', 'Huisgenoten': '  3 ', 'Geslacht': ' Gemengd ', 'Huisdieren': ' Nee '}",kamer-1991552.html
Het Groene Dijkje,in Deventer,16 m,,â‚¬ 322,p/m | incl. g/w/e,Kaal,24-10-2021,2 dagen geleden geplaatst,https://kamernet.nl/huren/kamer-deventer/het-groene-dijkje/kamer-1991549,"{'Woonkamer': ' Geen ', 'Keuken': ' Gedeeld ', 'Badkamer': ' Gedeeld ', 'Toilet': ' Gedeeld ', 'Internet': ' Ja ', 'Energielabel': ' Onbekend ', 'Huisgenoten': '  3 ', 'Geslacht': ' Gemengd ', 'Huisdieren': ' Nee '}",kamer-1991549.html
Amstelveenseweg,in Amsterdam,14 m,Totale oppervlakte: 80 m 2,â‚¬ 1090,p/m | incl. g/w/e,Gemeubileerd,01-10-2021 tot 30-09-2023,2 dagen geleden geplaatst,https://kamernet.nl/huren/kamer-amsterdam/amstelveenseweg/kamer-1991553,"{'Woonkamer': ' Geen ', 'Keuken': ' Gedeeld ', 'Badkamer': ' Eigen ', 'Toilet': ' Gedeeld ', 'Internet': ' Ja ', 'Energielabel': ' Onbekend ', 'Huisgenoten': '  2 ', 'Geslacht': ' Gemengd ', 'Huisdieren': ' Nee '}",kamer-1991553.html
Naell Tynnegieterstraat,in Arnhem,50 m,Totaal 1 kamer (1 slaapkamer) ,â‚¬ 750,p/m | excl. g/w/e,Gestoffeerd,01-11-2021,2 dagen geleden geplaatst,https://kamernet.nl/huren/studio-arnhem/naell-tynnegieterstraat/studio-1991443,"{'Woonkamer': ' Eigen ', 'Keuken': ' Eigen ', 'Badkamer': ' Eigen ', 'Toilet': ' Eigen ', 'Internet': ' Ja ', 'Energielabel': ' G ', 'Huisdieren': ' Nee '}",studio-1991443.html
Madeliefstraat,in Rotterdam,16 m,,â‚¬ 875,p/m | incl. g/w/e,Gemeubileerd,17-10-2021,3 dagen geleden geplaatst,https://kamernet.nl/huren/kamer-rotterdam/madeliefstraat/kamer-1991308,"{'Woonkamer': ' Geen ', 'Keuken': ' Gedeeld ', 'Badkamer': ' Gedeeld ', 'Toilet': ' Gedeeld ', 'Internet': ' Ja ', 'Energielabel': ' Onbekend ', 'Huisgenoten': '  2 ', 'Geslacht': ' Gemengd ', 'Huisdieren': ' Nee '}",kamer-1991308.html
J.W. Swiersstraat,in Enschede,11 m,,â‚¬ 330,p/m | incl. g/w/e,Gestoffeerd,30-09-2021 tot 29-01-2022,2 dagen geleden geplaatst,https://kamernet.nl/huren/kamer-enschede/j.w.-swiersstraat/kamer-1991512,"{'Woonkamer': ' Gedeeld ', 'Keuken': ' Gedeeld ', 'Badkamer': ' Gedeeld ', 'Toilet': ' Gedeeld ', 'Internet': ' Ja ', 'Energielabel': ' Onbekend ', 'Huisgenoten': '  3 ', 'Geslacht': ' Gemengd ', 'Huisdieren': ' Nee '}",kamer-1991512.html
Pinksterbloemweg,in Almere,24 m,,â‚¬ 620,p/m | incl. g/w/e,Gemeubileerd,01-11-2021,2 uur geleden geplaatst,https://kamernet.nl/huren/kamer-almere/pinksterbloemweg/kamer-1991876,"{'Woonkamer': ' Gedeeld ', 'Keuken': ' Gedeeld ', 'Badkamer': ' Eigen ', 'Toilet': ' Gedeeld ', 'Internet': ' Ja ', 'Energielabel': ' Onbekend ', 'Huisgenoten': '  1 ', 'Geslacht': ' Vrouw ', 'Huisdieren': ' Nee '}",kamer-1991876.html
Holendrechtstraat,in Amsterdam,15 m,Totaal 1 kamer (1 slaapkamer) ,â‚¬ 785,p/m | incl. g/w/e,Gemeubileerd,01-11-2021,3 dagen geleden geplaatst,https://kamernet.nl/huren/studio-amsterdam/holendrechtstraat/studio-1991306,"{'Woonkamer': ' Eigen ', 'Keuken': ' Eigen ', 'Badkamer': ' Eigen ', 'Toilet': ' Eigen ', 'Internet': ' Ja ', 'Energielabel': ' A ', 'Huisdieren': ' Nee '}",studio-1991306.html
Ahuislanden,in Enschede,8 m,Totale oppervlakte: 120 m 2,â‚¬ 365,p/m | incl. g/w/e,Gestoffeerd,30-09-2021,2 dagen geleden geplaatst,https://kamernet.nl/huren/kamer-enschede/ahuislanden/kamer-1991468,"{'Woonkamer': ' Gedeeld ', 'Keuken': ' Gedeeld ', 'Badkamer': ' Gedeeld ', 'Toilet': ' Gedeeld ', 'Internet': ' Ja ', 'Energielabel': ' Onbekend ', 'Huisgenoten': '  3 ', 'Geslacht': ' Man ', 'Huisdieren': ' Nee '}",kamer-1991468.html
Hendrik Hosstraat,in Amsterdam,12 m,,â‚¬ 700,p/m | incl. g/w/e,Gemeubileerd,05-01-2020 tot 01-06-2020,3 dagen geleden geplaatst,https://kamernet.nl/huren/kamer-amsterdam/hendrik-hosstraat/kamer-1991329,"{'Woonkamer': ' Onbekend ', 'Keuken': ' Gedeeld ', 'Badkamer': ' Eigen ', 'Toilet': ' Eigen ', 'Internet': ' Ja ', 'Energielabel': ' Onbekend ', 'Huisgenoten': '  2 ', 'Geslacht': ' Gemengd ', 'Huisdieren': ' Nee '}",kamer-1991329.html
Lammert Majoorlaan,in Bussum,16 m,,â‚¬ 600,p/m | excl. g/w/e,Gestoffeerd,01-11-2021 tot 01-11-2022,3 dagen geleden geplaatst,https://kamernet.nl/huren/appartement-bussum/lammert-majoorlaan/appartement-1991319,"{'Woonkamer': ' Gedeeld ', 'Keuken': ' Gedeeld ', 'Badkamer': ' Gedeeld ', 'Toilet': ' Gedeeld ', 'Internet': ' Ja ', 'Energielabel': ' A ', 'Huisdieren': ' Nee '}",appartement-1991319.html
Bronbeeklaan,in Arnhem,27 m,Totaal 1 kamer,â‚¬ 450,p/m | excl. g/w/e,Gestoffeerd,30-09-2021,3 dagen geleden geplaatst,https://kamernet.nl/huren/appartement-arnhem/bronbeeklaan/appartement-1991338,"{'Woonkamer': ' Onbekend ', 'Keuken': ' Onbekend ', 'Badkamer': ' Onbekend ', 'Toilet': ' Onbekend ', 'Internet': ' Onbekend ', 'Energielabel': ' Onbekend ', 'Huisdieren': ' Nee '}",appartement-1991338.html
Fransestraat,in Nijmegen,12 m,,â‚¬ 360,p/m | incl. g/w/e,Gemeubileerd,01-11-2021 tot 01-11-2022,2 dagen geleden geplaatst,https://kamernet.nl/huren/kamer-nijmegen/fransestraat/kamer-1981250,"{'Woonkamer': ' Geen ', 'Keuken': ' Gedeeld ', 'Badkamer': ' Gedeeld ', 'Toilet': ' Gedeeld ', 'Internet': ' Ja ', 'Energielabel': ' B ', 'Huisgenoten': '  7 ', 'Geslacht': ' Gemengd ', 'Huisdieren': ' Nee '}",kamer-1981250.html
Vlinderplein,in Eindhoven,13 m,,â‚¬ 430,p/m | incl. g/w/e,Gemeubileerd,01-11-2021 tot 01-04-2022,3 dagen geleden geplaatst,https://kamernet.nl/huren/kamer-eindhoven/vlinderplein/kamer-1991309,"{'Woonkamer': ' Gedeeld ', 'Keuken': ' Gedeeld ', 'Badkamer': ' Gedeeld ', 'Toilet': ' Gedeeld ', 'Internet': ' Ja ', 'Energielabel': ' C ', 'Huisgenoten': '  Onbekend  ', 'Geslacht': ' Onbekend ', 'Huisdieren': ' Nee '}",kamer-1991309.html
Polslandstraat,in Rotterdam,18 m,,â‚¬ 610,p/m | incl. g/w/e,Gestoffeerd,29-10-2021,3 dagen geleden geplaatst,https://kamernet.nl/huren/kamer-rotterdam/polslandstraat/kamer-1991305,"{'Woonkamer': ' Gedeeld ', 'Keuken': ' Gedeeld ', 'Badkamer': ' Gedeeld ', 'Toilet': ' Gedeeld ', 'Internet': ' Ja ', 'Energielabel': ' C ', 'Huisgenoten': '  2 ', 'Geslacht': ' Vrouw ', 'Huisdieren': ' Nee '}",kamer-1991305.html
Molenstraat,in Roosendaal,16 m,,â‚¬ 320,p/m | excl. g/w/e,Gestoffeerd,30-09-2021,3 dagen geleden geplaatst,https://kamernet.nl/huren/appartement-roosendaal/molenstraat/appartement-1991339,"{'Woonkamer': ' Onbekend ', 'Keuken': ' Onbekend ', 'Badkamer': ' Onbekend ', 'Toilet': ' Onbekend ', 'Internet': ' Onbekend ', 'Energielabel': ' Onbekend ', 'Huisdieren': ' Nee '}",appartement-1991339.html
Rietweg,in Hengelo,105 m,,â‚¬ 1100,p/m | excl. g/w/e,Gemeubileerd,30-09-2021,3 dagen geleden geplaatst,https://kamernet.nl/huren/kamer-hengelo/rietweg/kamer-1991328,"{'Woonkamer': ' Gedeeld ', 'Keuken': ' Gedeeld ', 'Badkamer': ' Gedeeld ', 'Toilet': ' Gedeeld ', 'Internet': ' Ja ', 'Energielabel': ' Onbekend ', 'Huisgenoten': '  Geen ', 'Geslacht': ' Onbekend ', 'Huisdieren': ' Nee '}",kamer-1991328.html
Livingstonelaan,in Utrecht,44 m,Totaal 1 kamer (1 slaapkamer) ,â‚¬ 920,p/m | excl. g/w/e,Gemeubileerd,13-10-2021 tot 13-10-2022,3 dagen geleden geplaatst,https://kamernet.nl/huren/appartement-utrecht/livingstonelaan/appartement-1991311,"{'Woonkamer': ' Eigen ', 'Keuken': ' Eigen ', 'Badkamer': ' Eigen ', 'Toilet': ' Eigen ', 'Internet': ' Ja ', 'Energielabel': ' C ', 'Huisdieren': ' Nee '}",appartement-1991311.html
Asserlaan,in Utrecht,40 m,,â‚¬ 725,p/m | incl. g/w/e,Gemeubileerd,30-09-2021,2 dagen geleden geplaatst,https://kamernet.nl/huren/kamer-utrecht/asserlaan/kamer-1991441,"{'Woonkamer': ' Eigen ', 'Keuken': ' Eigen ', 'Badkamer': ' Gedeeld ', 'Toilet': ' Gedeeld ', 'Internet': ' Nee ', 'Energielabel': ' C ', 'Huisgenoten': '  2 ', 'Geslacht': ' Onbekend ', 'Huisdieren': ' Nee '}",kamer-1991441.html
Presidentstraat,in Almere,12 m,Totale oppervlakte: 100 m 2,â‚¬ 500,p/m | incl. g/w/e,Gemeubileerd,01-10-2021,1 week geleden geplaatst,https://kamernet.nl/huren/kamer-almere/presidentstraat/kamer-1989403,"{'Woonkamer': ' Gedeeld ', 'Keuken': ' Gedeeld ', 'Badkamer': ' Gedeeld ', 'Toilet': ' Gedeeld ', 'Internet': ' Ja ', 'Energielabel': ' C ', 'Huisgenoten': '  3 ', 'Geslacht': ' Gemengd ', 'Huisdieren': ' Ja '}",kamer-1989403.html
Graaf Van Lijndenlaan,in Apeldoorn,60 m,,â‚¬ 800,p/m | excl. g/w/e,Gestoffeerd,01-11-2021,2 dagen geleden geplaatst,https://kamernet.nl/huren/appartement-apeldoorn/graaf-van-lijndenlaan/appartement-1991345,"{'Woonkamer': ' Onbekend ', 'Keuken': ' Onbekend ', 'Badkamer': ' Onbekend ', 'Toilet': ' Onbekend ', 'Internet': ' Onbekend ', 'Energielabel': ' Onbekend ', 'Huisdieren': ' Nee '}",appartement-1991345.html
Surinameweg,in Haarlem,71 m,Totaal 3 kamers,â‚¬ 1050,p/m | excl. g/w/e,Onbekend,30-09-2021,2 dagen geleden geplaatst,https://kamernet.nl/huren/appartement-haarlem/surinameweg/appartement-1991349,"{'Woonkamer': ' Onbekend ', 'Keuken': ' Onbekend ', 'Badkamer': ' Onbekend ', 'Toilet': ' Onbekend ', 'Internet': ' Onbekend ', 'Energielabel': ' Onbekend ', 'Huisdieren': ' Nee '}",appartement-1991349.html
Mignonpad,in Hoogvliet Rotterdam,13 m,Totale oppervlakte: 90 m 2,â‚¬ 400,p/m | incl. g/w/e,Kaal,01-11-2021 tot 30-12-2023,2 dagen geleden geplaatst,https://kamernet.nl/huren/kamer-hoogvliet-rotterdam/mignonpad/kamer-1991350,"{'Woonkamer': ' Gedeeld ', 'Keuken': ' Gedeeld ', 'Badkamer': ' Gedeeld ', 'Toilet': ' Gedeeld ', 'Internet': ' Ja ', 'Energielabel': ' Onbekend ', 'Huisgenoten': '  1 ', 'Geslacht': ' Man ', 'Huisdieren': ' Nee '}",kamer-1991350.html
Bulgersteyn,in Rotterdam,15 m,Totale oppervlakte: 75 m 2,â‚¬ 750,p/m | incl. g/w/e,Kaal,16-10-2021,2 dagen geleden geplaatst,https://kamernet.nl/huren/kamer-rotterdam/bulgersteyn/kamer-1991353,"{'Woonkamer': ' Gedeeld ', 'Keuken': ' Gedeeld ', 'Badkamer': ' Gedeeld ', 'Toilet': ' Gedeeld ', 'Internet': ' Ja ', 'Energielabel': ' Onbekend ', 'Huisgenoten': '  2 ', 'Geslacht': ' Man ', 'Huisdieren': ' Nee '}",kamer-1991353.html
Beuvenlaan,in Someren,28 m,,â‚¬ 399,p/m | incl. g/w/e,Kaal,30-09-2021,3 dagen geleden geplaatst,https://kamernet.nl/huren/studio-someren/beuvenlaan/studio-1991340,"{'Woonkamer': ' Onbekend ', 'Keuken': ' Onbekend ', 'Badkamer': ' Onbekend ', 'Toilet': ' Onbekend ', 'Internet': ' Ja ', 'Energielabel': ' Onbekend ', 'Huisdieren': ' Nee '}",studio-1991340.html
Korte Poten,in Den Haag,16 m,Totale oppervlakte: 93 m 2,â‚¬ 575,p/m | excl. g/w/e,Gestoffeerd,21-09-2021,2 weken geleden geplaatst,https://kamernet.nl/huren/kamer-den-haag/korte-poten/kamer-1987834,"{'Woonkamer': ' Gedeeld ', 'Keuken': ' Gedeeld ', 'Badkamer': ' Gedeeld ', 'Toilet': ' Gedeeld ', 'Internet': ' Ja ', 'Energielabel': ' Onbekend ', 'Huisgenoten': '  1 ', 'Geslacht': ' Man ', 'Huisdieren': ' In overleg '}",kamer-1987834.html
Lage Dijk-Noord,in IJsselstein,21 m,,â‚¬ 550,p/m | incl. g/w/e,Gestoffeerd,01-11-2021,2 dagen geleden geplaatst,https://kamernet.nl/huren/kamer-ijsselstein/lage-dijk-noord/kamer-1991360,"{'Woonkamer': ' Gedeeld ', 'Keuken': ' Gedeeld ', 'Badkamer': ' Gedeeld ', 'Toilet': ' Gedeeld ', 'Internet': ' Ja ', 'Energielabel': ' Onbekend ', 'Huisgenoten': '  1 ', 'Geslacht': ' Gemengd ', 'Huisdieren': ' Nee '}",kamer-1991360.html
Langestraat,in Hilversum,20 m,Totale oppervlakte: 18 m 2,â‚¬ 575,p/m | incl. g/w/e,Gestoffeerd,31-10-2021,2 dagen geleden geplaatst,https://kamernet.nl/huren/kamer-hilversum/langestraat/kamer-1991387,"{'Woonkamer': ' Eigen ', 'Keuken': ' Gedeeld ', 'Badkamer': ' Gedeeld ', 'Toilet': ' Gedeeld ', 'Internet': ' Ja ', 'Energielabel': ' Onbekend ', 'Huisgenoten': '  4  ', 'Geslacht': ' Gemengd ', 'Huisdieren': ' Nee '}",kamer-1991387.html
Noord-Besterdstraat,in Tilburg,18 m,,â‚¬ 340,p/m | incl. g/w/e,Kaal,01-11-2021,2 dagen geleden geplaatst,https://kamernet.nl/huren/kamer-tilburg/noord-besterdstraat/kamer-1991366,"{'Woonkamer': ' Eigen ', 'Keuken': ' Gedeeld ', 'Badkamer': ' Gedeeld ', 'Toilet': ' Gedeeld ', 'Internet': ' Ja ', 'Energielabel': ' F ', 'Huisgenoten': '  2 ', 'Geslacht': ' Vrouw ', 'Huisdieren': ' Nee '}",kamer-1991366.html
Papendrechtstraat,in Amsterdam,16 m,,â‚¬ 625,p/m | incl. g/w/e,Gemeubileerd,01-10-2021,2 dagen geleden geplaatst,https://kamernet.nl/huren/kamer-amsterdam/papendrechtstraat/kamer-1991403,"{'Woonkamer': ' Gedeeld ', 'Keuken': ' Gedeeld ', 'Badkamer': ' Gedeeld ', 'Toilet': ' Gedeeld ', 'Internet': ' Nee ', 'Energielabel': ' Onbekend ', 'Huisgenoten': '  3 ', 'Geslacht': ' Onbekend ', 'Huisdieren': ' Nee '}",kamer-1991403.html
Zwanenveld,in Nijmegen,13 m,,â‚¬ 450,p/m | incl. g/w/e,Kaal,01-10-2021,2 dagen geleden geplaatst,https://kamernet.nl/huren/kamer-nijmegen/zwanenveld/kamer-1991404,"{'Woonkamer': ' Gedeeld ', 'Keuken': ' Gedeeld ', 'Badkamer': ' Gedeeld ', 'Toilet': ' Gedeeld ', 'Internet': ' Ja ', 'Energielabel': ' Onbekend ', 'Huisgenoten': '  3 ', 'Geslacht': ' Man ', 'Huisdieren': ' Nee '}",kamer-1991404.html
Asingastraat,in Groningen,24 m,,â‚¬ 490,p/m | incl. g/w/e,Gestoffeerd,30-09-2021,2 dagen geleden geplaatst,https://kamernet.nl/huren/kamer-groningen/asingastraat/kamer-1991409,"{'Woonkamer': ' Gedeeld ', 'Keuken': ' Gedeeld ', 'Badkamer': ' Gedeeld ', 'Toilet': ' Gedeeld ', 'Internet': ' Ja ', 'Energielabel': ' A ', 'Huisgenoten': '  3 ', 'Geslacht': ' Vrouw ', 'Huisdieren': ' Nee '}",kamer-1991409.html
Tuinbouwdwarsstraat,in Groningen,18 m,,â‚¬ 340,p/m | excl. g/w/e,Kaal,01-11-2021,2 dagen geleden geplaatst,https://kamernet.nl/huren/kamer-groningen/tuinbouwdwarsstraat/kamer-1991411,"{'Woonkamer': ' Geen ', 'Keuken': ' Gedeeld ', 'Badkamer': ' Gedeeld ', 'Toilet': ' Gedeeld ', 'Internet': ' Nee ', 'Energielabel': ' Onbekend ', 'Huisgenoten': '  3 ', 'Geslacht': ' Gemengd ', 'Huisdieren': ' Nee '}",kamer-1991411.html
Brancusistraat,in Almere,35 m,Totale oppervlakte: 120 m 2,â‚¬ 600,p/m | incl. g/w/e,Gemeubileerd,01-11-2021 tot 01-02-2022,2 dagen geleden geplaatst,https://kamernet.nl/huren/kamer-almere/brancusistraat/kamer-1991423,"{'Woonkamer': ' Gedeeld ', 'Keuken': ' Gedeeld ', 'Badkamer': ' Gedeeld ', 'Toilet': ' Gedeeld ', 'Internet': ' Ja ', 'Energielabel': ' A ', 'Huisgenoten': '  4  ', 'Geslacht': ' Vrouw ', 'Huisdieren': ' Nee '}",kamer-1991423.html
Hoofdweg,in Amsterdam,17 m,Totale oppervlakte: 60 m 2,â‚¬ 900,p/m | incl. g/w/e,Gemeubileerd,01-10-2021 tot 28-02-2022,2 dagen geleden geplaatst,https://kamernet.nl/huren/kamer-amsterdam/hoofdweg/kamer-1991418,"{'Woonkamer': ' Gedeeld ', 'Keuken': ' Gedeeld ', 'Badkamer': ' Gedeeld ', 'Toilet': ' Gedeeld ', 'Internet': ' Ja ', 'Energielabel': ' Onbekend ', 'Huisgenoten': '  1 ', 'Geslacht': ' Vrouw ', 'Huisdieren': ' Nee '}",kamer-1991418.html
Graaf van Bloisstraat,in Gouda,14 m,,â‚¬ 400,p/m | incl. g/w/e,Kaal,30-09-2021,2 dagen geleden geplaatst,https://kamernet.nl/huren/studentencomplex-gouda/graaf-van-bloisstraat/studentencomplex-1991415,"{'Woonkamer': ' Geen ', 'Keuken': ' Eigen ', 'Badkamer': ' Gedeeld ', 'Toilet': ' Gedeeld ', 'Internet': ' Ja ', 'Energielabel': ' Onbekend ', 'Huisdieren': ' Nee '}",studentencomplex-1991415.html
Tweede Molenweg,in Blaricum,35 m,Totaal 1 kamer,â‚¬ 1300,p/m | excl. g/w/e,Gemeubileerd,30-09-2021 tot 29-11-2021,2 dagen geleden geplaatst,https://kamernet.nl/huren/appartement-blaricum/tweede-molenweg/appartement-1991390,"{'Woonkamer': ' Onbekend ', 'Keuken': ' Onbekend ', 'Badkamer': ' Onbekend ', 'Toilet': ' Onbekend ', 'Internet': ' Onbekend ', 'Energielabel': ' Onbekend ', 'Huisdieren': ' Nee '}",appartement-1991390.html
Orthen,in Den Bosch,20 m,,â‚¬ 500,p/m | incl. g/w/e,Gemeubileerd,30-09-2021,2 dagen geleden geplaatst,https://kamernet.nl/huren/studio-den-bosch/orthen/studio-1991401,"{'Woonkamer': ' Eigen ', 'Keuken': ' Eigen ', 'Badkamer': ' Gedeeld ', 'Toilet': ' Gedeeld ', 'Internet': ' Ja ', 'Energielabel': ' Onbekend ', 'Huisdieren': ' Nee '}",studio-1991401.html
van Alphenstraat,in Voorburg,20 m,,â‚¬ 550,p/m | incl. g/w/e,Gemeubileerd,01-11-2021,2 dagen geleden geplaatst,https://kamernet.nl/huren/kamer-voorburg/van-alphenstraat/kamer-1991413,"{'Woonkamer': ' Geen ', 'Keuken': ' Gedeeld ', 'Badkamer': ' Gedeeld ', 'Toilet': ' Gedeeld ', 'Internet': ' Ja ', 'Energielabel': ' B ', 'Huisgenoten': '  2 ', 'Geslacht': ' Vrouw ', 'Huisdieren': ' Nee '}",kamer-1991413.html
De Vlouw,in Delft,16 m,,â‚¬ 300,p/m | incl. g/w/e,Kaal,30-09-2021,2 dagen geleden geplaatst,https://kamernet.nl/huren/kamer-delft/de-vlouw/kamer-1991420,"{'Woonkamer': ' Gedeeld ', 'Keuken': ' Gedeeld ', 'Badkamer': ' Gedeeld ', 'Toilet': ' Gedeeld ', 'Internet': ' Ja ', 'Energielabel': ' Onbekend ', 'Huisgenoten': '  3 ', 'Geslacht': ' Man ', 'Huisdieren': ' In overleg '}",kamer-1991420.html
Hendrick de Keyserweg,in Delft,7 m,,â‚¬ 392,p/m | incl. g/w/e,Gestoffeerd,01-11-2021,2 dagen geleden geplaatst,https://kamernet.nl/huren/kamer-delft/hendrick-de-keyserweg/kamer-1991370,"{'Woonkamer': ' Gedeeld ', 'Keuken': ' Gedeeld ', 'Badkamer': ' Gedeeld ', 'Toilet': ' Gedeeld ', 'Internet': ' Ja ', 'Energielabel': ' A ', 'Huisgenoten': '  4  ', 'Geslacht': ' Man ', 'Huisdieren': ' Nee '}",kamer-1991370.html
Rolderstraat,in Assen,42 m,Totaal 2 kamers (1 slaapkamer) ,â‚¬ 790,p/m | excl. g/w/e,Gestoffeerd,01-12-2021,2 dagen geleden geplaatst,https://kamernet.nl/huren/appartement-assen/rolderstraat/appartement-1991407,"{'Woonkamer': ' Eigen ', 'Keuken': ' Eigen ', 'Badkamer': ' Eigen ', 'Toilet': ' Eigen ', 'Internet': ' Nee ', 'Energielabel': ' A ', 'Huisdieren': ' Nee '}",appartement-1991407.html
Texasweg,in Hoogvliet Rotterdam,90 m,Totaal 2 kamers (2 slaapkamers) ,â‚¬ 1800,p/m | excl. g/w/e,Gestoffeerd,30-09-2021,2 dagen geleden geplaatst,https://kamernet.nl/huren/studio-hoogvliet-rotterdam/texasweg/studio-1991284,"{'Woonkamer': ' Eigen ', 'Keuken': ' Eigen ', 'Badkamer': ' Eigen ', 'Toilet': ' Eigen ', 'Internet': ' Onbekend ', 'Energielabel': ' Onbekend ', 'Huisdieren': ' Nee '}",studio-1991284.html
Langestraat,in Hilversum,20 m,Totale oppervlakte: 18 m 2,â‚¬ 575,p/m | incl. g/w/e,Gestoffeerd,31-10-2021,2 dagen geleden geplaatst,https://kamernet.nl/huren/kamer-hilversum/langestraat/kamer-1991400,"{'Woonkamer': ' Eigen ', 'Keuken': ' Gedeeld ', 'Badkamer': ' Gedeeld ', 'Toilet': ' Gedeeld ', 'Internet': ' Ja ', 'Energielabel': ' Onbekend ', 'Huisgenoten': '  4  ', 'Geslacht': ' Gemengd ', 'Huisdieren': ' Nee '}",kamer-1991400.html
Singravenlaan,in Arnhem,19 m,Totaal 1 kamer,â‚¬ 548,p/m | excl. g/w/e,Onbekend,30-09-2021,2 dagen geleden geplaatst,https://kamernet.nl/huren/appartement-arnhem/singravenlaan/appartement-1991348,"{'Woonkamer': ' Onbekend ', 'Keuken': ' Onbekend ', 'Badkamer': ' Onbekend ', 'Toilet': ' Onbekend ', 'Internet': ' Onbekend ', 'Energielabel': ' Onbekend ', 'Huisdieren': ' Nee '}",appartement-1991348.html
Schurinksweg,in Enschede,14 m,,â‚¬ 280,p/m | incl. g/w/e,Gestoffeerd,01-11-2021,2 dagen geleden geplaatst,https://kamernet.nl/huren/kamer-enschede/schurinksweg/kamer-1991378,"{'Woonkamer': ' Gedeeld ', 'Keuken': ' Gedeeld ', 'Badkamer': ' Gedeeld ', 'Toilet': ' Gedeeld ', 'Internet': ' Ja ', 'Energielabel': ' Onbekend ', 'Huisgenoten': '  Meer dan 8 ', 'Geslacht': ' Gemengd ', 'Huisdieren': ' Nee '}",kamer-1991378.html
Korvezeestraat,in Delft,25 m,Totale oppervlakte: 75 m 2,â‚¬ 350,p/m | incl. g/w/e,Kaal,30-09-2021,2 dagen geleden geplaatst,https://kamernet.nl/huren/kamer-delft/korvezeestraat/kamer-1991368,"{'Woonkamer': ' Gedeeld ', 'Keuken': ' Gedeeld ', 'Badkamer': ' Eigen ', 'Toilet': ' Eigen ', 'Internet': ' Ja ', 'Energielabel': ' Onbekend ', 'Huisgenoten': '  8  ', 'Geslacht': ' Gemengd ', 'Huisdieren': ' Nee '}",kamer-1991368.html
Roomweg,in Enschede,16 m,Totale oppervlakte: 24 m 2,â‚¬ 330,p/m | incl. g/w/e,Kaal,01-11-2021,2 dagen geleden geplaatst,https://kamernet.nl/huren/kamer-enschede/roomweg/kamer-1991374,"{'Woonkamer': ' Geen ', 'Keuken': ' Gedeeld ', 'Badkamer': ' Gedeeld ', 'Toilet': ' Gedeeld ', 'Internet': ' Ja ', 'Energielabel': ' Onbekend ', 'Huisgenoten': '  6 ', 'Geslacht': ' Gemengd ', 'Huisdieren': ' Nee '}",kamer-1991374.html
E. du Perronlaan,in Delft,18 m,,â‚¬ 330,p/m | incl. g/w/e,Kaal,29-10-2021,2 dagen geleden geplaatst,https://kamernet.nl/huren/kamer-delft/e.-du-perronlaan/kamer-1991372,"{'Woonkamer': ' Gedeeld ', 'Keuken': ' Gedeeld ', 'Badkamer': ' Gedeeld ', 'Toilet': ' Gedeeld ', 'Internet': ' Ja ', 'Energielabel': ' Onbekend ', 'Huisgenoten': '  8  ', 'Geslacht': ' Gemengd ', 'Huisdieren': ' Nee '}",kamer-1991372.html
Vossenschanslaan,in Woerden,20 m,,â‚¬ 430,p/m | incl. g/w/e,Gemeubileerd,01-12-2021,2 dagen geleden geplaatst,https://kamernet.nl/huren/kamer-woerden/vossenschanslaan/kamer-1991383,"{'Woonkamer': ' Geen ', 'Keuken': ' Gedeeld ', 'Badkamer': ' Gedeeld ', 'Toilet': ' Gedeeld ', 'Internet': ' Ja ', 'Energielabel': ' Onbekend ', 'Huisgenoten': '  1 ', 'Geslacht': ' Onbekend ', 'Huisdieren': ' Nee '}",kamer-1991383.html
Kremersheerd,in Groningen,10 m,,â‚¬ 450,p/m | excl. g/w/e,Gestoffeerd,01-12-2021,2 dagen geleden geplaatst,https://kamernet.nl/huren/kamer-groningen/kremersheerd/kamer-1991379,"{'Woonkamer': ' Eigen ', 'Keuken': ' Eigen ', 'Badkamer': ' Eigen ', 'Toilet': ' Eigen ', 'Internet': ' Ja ', 'Energielabel': ' C ', 'Huisgenoten': '  Onbekend  ', 'Geslacht': ' Onbekend ', 'Huisdieren': ' Nee '}",kamer-1991379.html
Van Kootenstraat,in Hoofddorp,30 m,Totaal 1 kamer (1 slaapkamer) ,â‚¬ 1050,p/m | incl. g/w/e,Gemeubileerd,30-09-2021,2 dagen geleden geplaatst,https://kamernet.nl/huren/appartement-hoofddorp/van-kootenstraat/appartement-1991412,"{'Woonkamer': ' Eigen ', 'Keuken': ' Eigen ', 'Badkamer': ' Eigen ', 'Toilet': ' Eigen ', 'Internet': ' Onbekend ', 'Energielabel': ' Onbekend ', 'Huisdieren': ' Nee '}",appartement-1991412.html
Brussestraat,in Rotterdam,45 m,Totaal 2 kamers (2 slaapkamers) ,â‚¬ 1050,p/m | incl. g/w/e,Gestoffeerd,30-09-2021,2 dagen geleden geplaatst,https://kamernet.nl/huren/appartement-rotterdam/brussestraat/appartement-1991362,"{'Woonkamer': ' Eigen ', 'Keuken': ' Eigen ', 'Badkamer': ' Eigen ', 'Toilet': ' Eigen ', 'Internet': ' Ja ', 'Energielabel': ' Onbekend ', 'Huisdieren': ' Nee '}",appartement-1991362.html
Koningin Emmakade,in Den Haag,23 m,Totale oppervlakte: 70 m 2,â‚¬ 450,p/m | incl. g/w/e,Gemeubileerd,24-10-2021 tot 30-06-2022,2 dagen geleden geplaatst,https://kamernet.nl/huren/kamer-den-haag/koningin-emmakade/kamer-1991361,"{'Woonkamer': ' Gedeeld ', 'Keuken': ' Gedeeld ', 'Badkamer': ' Gedeeld ', 'Toilet': ' Eigen ', 'Internet': ' Ja ', 'Energielabel': ' C ', 'Huisgenoten': '  Onbekend  ', 'Geslacht': ' Onbekend ', 'Huisdieren': ' Nee '}",kamer-1991361.html
Leeuwendalersweg,in Amsterdam,108 m,Totaal 3 kamers,â‚¬ 1950,p/m | excl. g/w/e,Gemeubileerd,30-09-2021,2 dagen geleden geplaatst,https://kamernet.nl/huren/appartement-amsterdam/leeuwendalersweg/appartement-1991394,"{'Woonkamer': ' Onbekend ', 'Keuken': ' Onbekend ', 'Badkamer': ' Onbekend ', 'Toilet': ' Onbekend ', 'Internet': ' Onbekend ', 'Energielabel': ' Onbekend ', 'Huisdieren': ' Nee '}",appartement-1991394.html
De Houtmanstraat,in Arnhem,18 m,Totaal 1 kamer,â‚¬ 440,p/m | incl. g/w/e,Gestoffeerd,30-09-2021,2 dagen geleden geplaatst,https://kamernet.nl/huren/appartement-arnhem/de-houtmanstraat/appartement-1991393,"{'Woonkamer': ' Onbekend ', 'Keuken': ' Onbekend ', 'Badkamer': ' Onbekend ', 'Toilet': ' Onbekend ', 'Internet': ' Onbekend ', 'Energielabel': ' Onbekend ', 'Huisdieren': ' Nee '}",appartement-1991393.html
Professor Dondersstraat,in Hilversum,105 m,Totaal 4 kamers,â‚¬ 2000,p/m | excl. g/w/e,Gestoffeerd,30-09-2021,2 dagen geleden geplaatst,https://kamernet.nl/huren/appartement-hilversum/professor-dondersstraat/appartement-1991392,"{'Woonkamer': ' Onbekend ', 'Keuken': ' Onbekend ', 'Badkamer': ' Onbekend ', 'Toilet': ' Onbekend ', 'Internet': ' Onbekend ', 'Energielabel': ' Onbekend ', 'Huisdieren': ' Nee '}",appartement-1991392.html
Heidestraat,in Hilversum,109 m,Totaal 4 kamers,â‚¬ 1900,p/m | excl. g/w/e,Gestoffeerd,30-09-2021,2 dagen geleden geplaatst,https://kamernet.nl/huren/appartement-hilversum/heidestraat/appartement-1991391,"{'Woonkamer': ' Onbekend ', 'Keuken': ' Onbekend ', 'Badkamer': ' Onbekend ', 'Toilet': ' Onbekend ', 'Internet': ' Onbekend ', 'Energielabel': ' Onbekend ', 'Huisdieren': ' Nee '}",appartement-1991391.html
Meulmansweg,in Woerden,50 m,Totaal 2 kamers (1 slaapkamer) ,â‚¬ 1350,p/m | excl. g/w/e,Gestoffeerd,03-10-2021,2 dagen geleden geplaatst,https://kamernet.nl/huren/appartement-woerden/meulmansweg/appartement-1991381,"{'Woonkamer': ' Eigen ', 'Keuken': ' Eigen ', 'Badkamer': ' Eigen ', 'Toilet': ' Eigen ', 'Internet': ' Nee ', 'Energielabel': ' C ', 'Huisdieren': ' In overleg '}",appartement-1991381.html
Leidsegracht,in Amsterdam,69 m,Totaal 2 kamers,â‚¬ 1900,p/m | excl. g/w/e,Gestoffeerd,02-10-2021,2 dagen geleden geplaatst,https://kamernet.nl/huren/appartement-amsterdam/leidsegracht/appartement-1991396,"{'Woonkamer': ' Onbekend ', 'Keuken': ' Onbekend ', 'Badkamer': ' Onbekend ', 'Toilet': ' Onbekend ', 'Internet': ' Onbekend ', 'Energielabel': ' Onbekend ', 'Huisdieren': ' In overleg '}",appartement-1991396.html
Keizersgracht,in Amsterdam,10 m,Totale oppervlakte: 100 m 2,â‚¬ 1100,p/m | incl. g/w/e,Gemeubileerd,01-11-2021,2 dagen geleden geplaatst,https://kamernet.nl/huren/kamer-amsterdam/keizersgracht/kamer-1991467,"{'Woonkamer': ' Gedeeld ', 'Keuken': ' Gedeeld ', 'Badkamer': ' Gedeeld ', 'Toilet': ' Eigen ', 'Internet': ' Ja ', 'Energielabel': ' Onbekend ', 'Huisgenoten': '  2 ', 'Geslacht': ' Vrouw ', 'Huisdieren': ' In overleg '}",kamer-1991467.html
J.C. Kapteynlaan,in Groningen,14 m,,â‚¬ 300,p/m | excl. g/w/e,Gemeubileerd,01-11-2021,2 dagen geleden geplaatst,https://kamernet.nl/huren/kamer-groningen/j.c.-kapteynlaan/kamer-1991459,"{'Woonkamer': ' Gedeeld ', 'Keuken': ' Gedeeld ', 'Badkamer': ' Gedeeld ', 'Toilet': ' Gedeeld ', 'Internet': ' Onbekend ', 'Energielabel': ' Onbekend ', 'Huisgenoten': '  6 ', 'Geslacht': ' Man ', 'Huisdieren': ' Ja '}",kamer-1991459.html
Fransestraat,in Nijmegen,23 m,,â‚¬ 430,p/m | incl. g/w/e,Kaal,01-11-2021 tot 01-11-2022,2 dagen geleden geplaatst,https://kamernet.nl/huren/kamer-nijmegen/fransestraat/kamer-1991485,"{'Woonkamer': ' Geen ', 'Keuken': ' Gedeeld ', 'Badkamer': ' Gedeeld ', 'Toilet': ' Gedeeld ', 'Internet': ' Ja ', 'Energielabel': ' B ', 'Huisgenoten': '  7 ', 'Geslacht': ' Gemengd ', 'Huisdieren': ' Nee '}",kamer-1991485.html
Fogelsanghstate,in Lelystad,70 m,,â‚¬ 1095,p/m | excl. g/w/e,Gestoffeerd,01-11-2021,2 dagen geleden geplaatst,https://kamernet.nl/huren/appartement-lelystad/fogelsanghstate/appartement-1991514,"{'Woonkamer': ' Eigen ', 'Keuken': ' Eigen ', 'Badkamer': ' Eigen ', 'Toilet': ' Eigen ', 'Internet': ' Onbekend ', 'Energielabel': ' Onbekend ', 'Huisdieren': ' In overleg '}",appartement-1991514.html
Meezenbroekerweg,in Heerlen,10 m,Totale oppervlakte: 50 m 2,â‚¬ 240,p/m | incl. g/w/e,Gestoffeerd,15-10-2021,2 dagen geleden geplaatst,https://kamernet.nl/huren/kamer-heerlen/meezenbroekerweg/kamer-1962538,"{'Woonkamer': ' Geen ', 'Keuken': ' Gedeeld ', 'Badkamer': ' Gedeeld ', 'Toilet': ' Gedeeld ', 'Internet': ' Ja ', 'Energielabel': ' Onbekend ', 'Huisgenoten': '  5 ', 'Geslacht': ' Gemengd ', 'Huisdieren': ' Nee '}",kamer-1962538.html
2e Sweelinckstraat,in Den Haag,25 m,Totale oppervlakte: 100 m 2,â‚¬ 625,p/m | incl. g/w/e,Gemeubileerd,15-10-2021 tot 15-07-2022,2 dagen geleden geplaatst,https://kamernet.nl/huren/kamer-den-haag/2e-sweelinckstraat/kamer-1991513,"{'Woonkamer': ' Gedeeld ', 'Keuken': ' Gedeeld ', 'Badkamer': ' Gedeeld ', 'Toilet': ' Gedeeld ', 'Internet': ' Ja ', 'Energielabel': ' Onbekend ', 'Huisgenoten': '  2 ', 'Geslacht': ' Vrouw ', 'Huisdieren': ' Nee '}",kamer-1991513.html
Ferdinand Bolhage,in Nieuwegein,15 m,Totale oppervlakte: 100 m 2,â‚¬ 800,p/m | incl. g/w/e,Gemeubileerd,01-11-2021 tot 30-04-2022,2 dagen geleden geplaatst,https://kamernet.nl/huren/kamer-nieuwegein/ferdinand-bolhage/kamer-1991380,"{'Woonkamer': ' Gedeeld ', 'Keuken': ' Gedeeld ', 'Badkamer': ' Gedeeld ', 'Toilet': ' Gedeeld ', 'Internet': ' Ja ', 'Energielabel': ' Onbekend ', 'Huisgenoten': '  1 ', 'Geslacht': ' Man ', 'Huisdieren': ' Nee '}",kamer-1991380.html
Seringstraat,in Utrecht,70 m,Totaal 3 kamers (2 slaapkamers) ,â‚¬ 1699,p/m | excl. g/w/e,Gestoffeerd,30-09-2021,2 dagen geleden geplaatst,https://kamernet.nl/huren/appartement-utrecht/seringstraat/appartement-1991363,"{'Woonkamer': ' Eigen ', 'Keuken': ' Eigen ', 'Badkamer': ' Eigen ', 'Toilet': ' Eigen ', 'Internet': ' Onbekend ', 'Energielabel': ' Onbekend ', 'Huisdieren': ' In overleg '}",appartement-1991363.html
van Heesplein,in Berkel en Rodenrijs,34 m,Totaal 1 kamer (1 slaapkamer) ,â‚¬ 950,p/m | incl. g/w/e,Gemeubileerd,10-10-2021 tot 10-04-2022,2 dagen geleden geplaatst,https://kamernet.nl/huren/studio-berkel-en-rodenrijs/van-heesplein/studio-1991451,"{'Woonkamer': ' Eigen ', 'Keuken': ' Eigen ', 'Badkamer': ' Eigen ', 'Toilet': ' Eigen ', 'Internet': ' Ja ', 'Energielabel': ' A ', 'Huisdieren': ' Nee '}",studio-1991451.html
Hermelijnvlinder,in Diemen,11 m,Totale oppervlakte: 80 m 2,â‚¬ 705,p/m | excl. g/w/e,Gestoffeerd,01-11-2021,2 dagen geleden geplaatst,https://kamernet.nl/huren/kamer-diemen/hermelijnvlinder/kamer-1991426,"{'Woonkamer': ' Gedeeld ', 'Keuken': ' Gedeeld ', 'Badkamer': ' Gedeeld ', 'Toilet': ' Gedeeld ', 'Internet': ' Ja ', 'Energielabel': ' Onbekend ', 'Huisgenoten': '  1 ', 'Geslacht': ' Gemengd ', 'Huisdieren': ' Nee '}",kamer-1991426.html
Adelaarstraat,in Badhoevedorp,8 m,,â‚¬ 375,p/m | incl. g/w/e,Gestoffeerd,01-12-2021,2 dagen geleden geplaatst,https://kamernet.nl/huren/kamer-badhoevedorp/adelaarstraat/kamer-1991471,"{'Woonkamer': ' Gedeeld ', 'Keuken': ' Gedeeld ', 'Badkamer': ' Gedeeld ', 'Toilet': ' Gedeeld ', 'Internet': ' Ja ', 'Energielabel': ' Onbekend ', 'Huisgenoten': '  6 ', 'Geslacht': ' Vrouw ', 'Huisdieren': ' Nee '}",kamer-1991471.html
St. Jacobslaan,in Nijmegen,35 m,,â‚¬ 715,p/m | incl. g/w/e,Gestoffeerd,01-11-2021,2 dagen geleden geplaatst,https://kamernet.nl/huren/appartement-nijmegen/st.-jacobslaan/appartement-1991523,"{'Woonkamer': ' Eigen ', 'Keuken': ' Eigen ', 'Badkamer': ' Eigen ', 'Toilet': ' Eigen ', 'Internet': ' Nee ', 'Energielabel': ' Onbekend ', 'Huisdieren': ' Nee '}",appartement-1991523.html
Westerwal,in Culemborg,10 m,,â‚¬ 425,p/m | incl. g/w/e,Gemeubileerd,30-09-2021,2 dagen geleden geplaatst,https://kamernet.nl/huren/kamer-culemborg/westerwal/kamer-1991500,"{'Woonkamer': ' Gedeeld ', 'Keuken': ' Gedeeld ', 'Badkamer': ' Gedeeld ', 'Toilet': ' Gedeeld ', 'Internet': ' Ja ', 'Energielabel': ' Onbekend ', 'Huisgenoten': '  3 ', 'Geslacht': ' Gemengd ', 'Huisdieren': ' Nee '}",kamer-1991500.html
Geessinkweg,in Enschede,100 m,Totaal 3 kamers (2 slaapkamers) ,â‚¬ 1275,p/m | excl. g/w/e,Kaal,01-11-2021,2 dagen geleden geplaatst,https://kamernet.nl/huren/appartement-enschede/geessinkweg/appartement-1991397,"{'Woonkamer': ' Eigen ', 'Keuken': ' Eigen ', 'Badkamer': ' Eigen ', 'Toilet': ' Eigen ', 'Internet': ' Ja ', 'Energielabel': ' Onbekend ', 'Huisdieren': ' Nee '}",appartement-1991397.html
Muurhuizen,in Amersfoort,40 m,Totale oppervlakte: 10 m 2,â‚¬ 580,p/m | excl. g/w/e,Gestoffeerd,01-11-2021,2 dagen geleden geplaatst,https://kamernet.nl/huren/kamer-amersfoort/muurhuizen/kamer-1991528,"{'Woonkamer': ' Eigen ', 'Keuken': ' Eigen ', 'Badkamer': ' Gedeeld ', 'Toilet': ' Gedeeld ', 'Internet': ' Onbekend ', 'Energielabel': ' Onbekend ', 'Huisgenoten': '  Meer dan 8 ', 'Geslacht': ' Vrouw ', 'Huisdieren': ' Nee '}",kamer-1991528.html
Vierambachtsstraat,in Rotterdam,20 m,,â‚¬ 554,p/m | incl. g/w/e,Gemeubileerd,30-10-2021,2 dagen geleden geplaatst,https://kamernet.nl/huren/kamer-rotterdam/vierambachtsstraat/kamer-1991529,"{'Woonkamer': ' Eigen ', 'Keuken': ' Eigen ', 'Badkamer': ' Gedeeld ', 'Toilet': ' Gedeeld ', 'Internet': ' Ja ', 'Energielabel': ' D ', 'Huisgenoten': '  1 ', 'Geslacht': ' Vrouw ', 'Huisdieren': ' Nee '}",kamer-1991529.html
Zaagmolenstraat,in Rotterdam,40 m,Totaal 3 kamers (1 slaapkamer) ,â‚¬ 900,p/m | incl. g/w/e,Gestoffeerd,30-09-2021,2 dagen geleden geplaatst,https://kamernet.nl/huren/appartement-rotterdam/zaagmolenstraat/appartement-1991541,"{'Woonkamer': ' Eigen ', 'Keuken': ' Eigen ', 'Badkamer': ' Eigen ', 'Toilet': ' Eigen ', 'Internet': ' Nee ', 'Energielabel': ' F ', 'Huisdieren': ' Nee '}",appartement-1991541.html
2e Sweelinckstraat,in Den Haag,15 m,Totale oppervlakte: 100 m 2,â‚¬ 575,p/m | incl. g/w/e,Gemeubileerd,15-10-2021 tot 15-07-2022,2 dagen geleden geplaatst,https://kamernet.nl/huren/kamer-den-haag/2e-sweelinckstraat/kamer-1991233,"{'Woonkamer': ' Gedeeld ', 'Keuken': ' Gedeeld ', 'Badkamer': ' Gedeeld ', 'Toilet': ' Gedeeld ', 'Internet': ' Ja ', 'Energielabel': ' Onbekend ', 'Huisgenoten': '  2 ', 'Geslacht': ' Vrouw ', 'Huisdieren': ' Nee '}",kamer-1991233.html
Driebergenstraat,in Den Haag,72 m,Totaal 3 kamers,â‚¬ 1150,p/m | excl. g/w/e,Gestoffeerd,30-09-2021,2 dagen geleden geplaatst,https://kamernet.nl/huren/appartement-den-haag/driebergenstraat/appartement-1991395,"{'Woonkamer': ' Onbekend ', 'Keuken': ' Onbekend ', 'Badkamer': ' Onbekend ', 'Toilet': ' Onbekend ', 'Internet': ' Onbekend ', 'Energielabel': ' Onbekend ', 'Huisdieren': ' Nee '}",appartement-1991395.html
Walstraat,in Arnhem,62 m,Totaal 2 kamers (1 slaapkamer) ,â‚¬ 995,p/m | excl. g/w/e,Kaal,01-11-2021,2 dagen geleden geplaatst,https://kamernet.nl/huren/appartement-arnhem/walstraat/appartement-1991538,"{'Woonkamer': ' Eigen ', 'Keuken': ' Eigen ', 'Badkamer': ' Eigen ', 'Toilet': ' Eigen ', 'Internet': ' Nee ', 'Energielabel': ' A ', 'Huisdieren': ' In overleg '}",appartement-1991538.html
Landstraat,in Groningen,36 m,Totale oppervlakte: 10 m 2,â‚¬ 795,p/m | incl. g/w/e,Gestoffeerd,03-10-2021,2 dagen geleden geplaatst,https://kamernet.nl/huren/kamer-groningen/landstraat/kamer-1991540,"{'Woonkamer': ' Eigen ', 'Keuken': ' Gedeeld ', 'Badkamer': ' Gedeeld ', 'Toilet': ' Gedeeld ', 'Internet': ' Ja ', 'Energielabel': ' Onbekend ', 'Huisgenoten': '  2 ', 'Geslacht': ' Gemengd ', 'Huisdieren': ' Nee '}",kamer-1991540.html
Larensteinselaan,in Velp,20 m,Totale oppervlakte: 80 m 2,â‚¬ 600,p/m | incl. g/w/e,Gestoffeerd,30-09-2021,2 dagen geleden geplaatst,https://kamernet.nl/huren/kamer-velp/larensteinselaan/kamer-1991547,"{'Woonkamer': ' Gedeeld ', 'Keuken': ' Gedeeld ', 'Badkamer': ' Gedeeld ', 'Toilet': ' Gedeeld ', 'Internet': ' Ja ', 'Energielabel': ' Onbekend ', 'Huisgenoten': '  Onbekend  ', 'Geslacht': ' Onbekend ', 'Huisdieren': ' Nee '}",kamer-1991547.html
Koggestraat,in Rotterdam,40 m,,â‚¬ 620,p/m | excl. g/w/e,Gestoffeerd,30-09-2021,2 dagen geleden geplaatst,https://kamernet.nl/huren/kamer-rotterdam/koggestraat/kamer-1991402,"{'Woonkamer': ' Eigen ', 'Keuken': ' Gedeeld ', 'Badkamer': ' Gedeeld ', 'Toilet': ' Gedeeld ', 'Internet': ' Onbekend ', 'Energielabel': ' Onbekend ', 'Huisgenoten': '  2 ', 'Geslacht': ' Man ', 'Huisdieren': ' In overleg '}",kamer-1991402.html
Van Sminiaweg,in Aldtsjerk,20 m,,â‚¬ 300,p/m | incl. g/w/e,Gestoffeerd,01-10-2021,2 dagen geleden geplaatst,https://kamernet.nl/huren/kamer-aldtsjerk/van-sminiaweg/kamer-1991499,"{'Woonkamer': ' Gedeeld ', 'Keuken': ' Gedeeld ', 'Badkamer': ' Gedeeld ', 'Toilet': ' Gedeeld ', 'Internet': ' Ja ', 'Energielabel': ' A ', 'Huisgenoten': '  2 ', 'Geslacht': ' Gemengd ', 'Huisdieren': ' Nee '}",kamer-1991499.html
Huigepolder,in Den Bosch,20 m,,â‚¬ 400,p/m | incl. g/w/e,Gestoffeerd,05-10-2021,2 dagen geleden geplaatst,https://kamernet.nl/huren/kamer-den-bosch/huigepolder/kamer-1991599,"{'Woonkamer': ' Gedeeld ', 'Keuken': ' Gedeeld ', 'Badkamer': ' Gedeeld ', 'Toilet': ' Gedeeld ', 'Internet': ' Ja ', 'Energielabel': ' B ', 'Huisgenoten': '  3 ', 'Geslacht': ' Gemengd ', 'Huisdieren': ' Nee '}",kamer-1991599.html
Weverstraat,in Oosterbeek,40 m,,â‚¬ 650,p/m | incl. g/w/e,Kaal,01-10-2021,2 dagen geleden geplaatst,https://kamernet.nl/huren/kamer-oosterbeek/weverstraat/kamer-1991542,"{'Woonkamer': ' Eigen ', 'Keuken': ' Gedeeld ', 'Badkamer': ' Eigen ', 'Toilet': ' Gedeeld ', 'Internet': ' Nee ', 'Energielabel': ' C ', 'Huisgenoten': '  3 ', 'Geslacht': ' Onbekend ', 'Huisdieren': ' Nee '}",kamer-1991542.html
Alberdingk Thijmstraat,in Den Haag,55 m,Totaal 1 kamer (1 slaapkamer) ,â‚¬ 799,p/m | excl. g/w/e,Gemeubileerd,07-11-2021,2 dagen geleden geplaatst,https://kamernet.nl/huren/appartement-den-haag/alberdingk-thijmstraat/appartement-1991534,"{'Woonkamer': ' Eigen ', 'Keuken': ' Eigen ', 'Badkamer': ' Eigen ', 'Toilet': ' Eigen ', 'Internet': ' Ja ', 'Energielabel': ' D ', 'Huisdieren': ' Nee '}",appartement-1991534.html
Delftsestraatweg,in Delfgauw,8 m,,â‚¬ 350,p/m | excl. g/w/e,Gestoffeerd,28-09-2021 tot 01-02-2022,2 dagen geleden geplaatst,https://kamernet.nl/huren/kamer-delfgauw/delftsestraatweg/kamer-1990952,"{'Woonkamer': ' Gedeeld ', 'Keuken': ' Gedeeld ', 'Badkamer': ' Gedeeld ', 'Toilet': ' Gedeeld ', 'Internet': ' Ja ', 'Energielabel': ' Onbekend ', 'Huisgenoten': '  6 ', 'Geslacht': ' Gemengd ', 'Huisdieren': ' Nee '}",kamer-1990952.html
Ceintuurbaan,in Rotterdam,12 m,,â‚¬ 625,p/m | incl. g/w/e,Gemeubileerd,01-11-2021,2 dagen geleden geplaatst,https://kamernet.nl/huren/kamer-rotterdam/ceintuurbaan/kamer-1918348,"{'Woonkamer': ' Gedeeld ', 'Keuken': ' Gedeeld ', 'Badkamer': ' Gedeeld ', 'Toilet': ' Gedeeld ', 'Internet': ' Ja ', 'Energielabel': ' Onbekend ', 'Huisgenoten': '  3 ', 'Geslacht': ' Gemengd ', 'Huisdieren': ' Nee '}",kamer-1918348.html
Korte Jansstraat,in Utrecht,24 m,Totaal 4 kamers,â‚¬ 950,p/m | incl. g/w/e,Gestoffeerd,01-09-2022,2 dagen geleden geplaatst,https://kamernet.nl/huren/studio-utrecht/korte-jansstraat/studio-1991600,"{'Woonkamer': ' Geen ', 'Keuken': ' Eigen ', 'Badkamer': ' Geen ', 'Toilet': ' Eigen ', 'Internet': ' Ja ', 'Energielabel': ' Onbekend ', 'Huisdieren': ' Nee '}",studio-1991600.html
Foxham,in Hoogezand,12 m,,â‚¬ 300,p/m | excl. g/w/e,Gestoffeerd,01-11-2021,2 dagen geleden geplaatst,https://kamernet.nl/huren/kamer-hoogezand/foxham/kamer-1991548,"{'Woonkamer': ' Gedeeld ', 'Keuken': ' Gedeeld ', 'Badkamer': ' Gedeeld ', 'Toilet': ' Gedeeld ', 'Internet': ' Ja ', 'Energielabel': ' Onbekend ', 'Huisgenoten': '  3 ', 'Geslacht': ' Gemengd ', 'Huisdieren': ' Nee '}",kamer-1991548.html
Van Swinderenstraat,in Groningen,16 m,,â‚¬ 400,p/m | incl. g/w/e,Gestoffeerd,01-11-2021,2 dagen geleden geplaatst,https://kamernet.nl/huren/kamer-groningen/van-swinderenstraat/kamer-1991252,"{'Woonkamer': ' Gedeeld ', 'Keuken': ' Gedeeld ', 'Badkamer': ' Gedeeld ', 'Toilet': ' Gedeeld ', 'Internet': ' Ja ', 'Energielabel': ' Onbekend ', 'Huisgenoten': '  3 ', 'Geslacht': ' Gemengd ', 'Huisdieren': ' Nee '}",kamer-1991252.html
Looydijk,in De Bilt,20 m,,â‚¬ 575,p/m | incl. g/w/e,Gestoffeerd,01-01-2022,2 dagen geleden geplaatst,https://kamernet.nl/huren/kamer-de-bilt/looydijk/kamer-1991509,"{'Woonkamer': ' Geen ', 'Keuken': ' Gedeeld ', 'Badkamer': ' Gedeeld ', 'Toilet': ' Gedeeld ', 'Internet': ' Ja ', 'Energielabel': ' Onbekend ', 'Huisgenoten': '  1 ', 'Geslacht': ' Vrouw ', 'Huisdieren': ' In overleg '}",kamer-1991509.html
Alpen Rondweg,in Amstelveen,60 m,,â‚¬ 1450,p/m | incl. g/w/e,Gestoffeerd,16-10-2021 tot 31-01-2022,2 dagen geleden geplaatst,https://kamernet.nl/huren/appartement-amstelveen/alpen-rondweg/appartement-1991386,"{'Woonkamer': ' Gedeeld ', 'Keuken': ' Gedeeld ', 'Badkamer': ' Gedeeld ', 'Toilet': ' Gedeeld ', 'Internet': ' Ja ', 'Energielabel': ' A ', 'Huisdieren': ' Nee '}",appartement-1991386.html
Reguliersdwarsstraat,in Amsterdam,48 m,Totaal 2 kamers (1 slaapkamer) ,â‚¬ 1550,p/m | excl. g/w/e,Gestoffeerd,01-10-2021,2 dagen geleden geplaatst,https://kamernet.nl/huren/appartement-amsterdam/reguliersdwarsstraat/appartement-1991417,"{'Woonkamer': ' Eigen ', 'Keuken': ' Eigen ', 'Badkamer': ' Eigen ', 'Toilet': ' Eigen ', 'Internet': ' Ja ', 'Energielabel': ' B ', 'Huisdieren': ' Ja '}",appartement-1991417.html
Kastanjehout,in Houten,24 m,,â‚¬ 685,p/m | incl. g/w/e,Gemeubileerd,01-11-2021,2 dagen geleden geplaatst,https://kamernet.nl/huren/kamer-houten/kastanjehout/kamer-1991427,"{'Woonkamer': ' Gedeeld ', 'Keuken': ' Gedeeld ', 'Badkamer': ' Gedeeld ', 'Toilet': ' Gedeeld ', 'Internet': ' Ja ', 'Energielabel': ' Onbekend ', 'Huisgenoten': '  3 ', 'Geslacht': ' Gemengd ', 'Huisdieren': ' Nee '}",kamer-1991427.html
Boulevard Heuvelink,in Arnhem,14 m,Totale oppervlakte: 45 m 2,â‚¬ 395,p/m | incl. g/w/e,Kaal,30-09-2021 tot 30-09-2022,2 dagen geleden geplaatst,https://kamernet.nl/huren/kamer-arnhem/boulevard-heuvelink/kamer-1991458,"{'Woonkamer': ' Eigen ', 'Keuken': ' Gedeeld ', 'Badkamer': ' Gedeeld ', 'Toilet': ' Gedeeld ', 'Internet': ' Ja ', 'Energielabel': ' D ', 'Huisgenoten': '  3 ', 'Geslacht': ' Man ', 'Huisdieren': ' Nee '}",kamer-1991458.html
Coornhertstraat,in Amsterdam,22 m,Totale oppervlakte: 52 m 2,â‚¬ 730,p/m | incl. g/w/e,Gemeubileerd,01-11-2021 tot 28-02-2022,2 dagen geleden geplaatst,https://kamernet.nl/huren/kamer-amsterdam/coornhertstraat/kamer-1991220,"{'Woonkamer': ' Geen ', 'Keuken': ' Gedeeld ', 'Badkamer': ' Gedeeld ', 'Toilet': ' Gedeeld ', 'Internet': ' Ja ', 'Energielabel': ' Onbekend ', 'Huisgenoten': '  1 ', 'Geslacht': ' Vrouw ', 'Huisdieren': ' Nee '}",kamer-1991220.html
Lomondlaan,in Amsterdam,15 m,Totale oppervlakte: 30 m 2,â‚¬ 550,p/m | excl. g/w/e,Gemeubileerd,01-10-2021,2 dagen geleden geplaatst,https://kamernet.nl/huren/kamer-amsterdam/lomondlaan/kamer-1991429,"{'Woonkamer': ' Geen ', 'Keuken': ' Gedeeld ', 'Badkamer': ' Gedeeld ', 'Toilet': ' Gedeeld ', 'Internet': ' Ja ', 'Energielabel': ' Onbekend ', 'Huisgenoten': '  2 ', 'Geslacht': ' Gemengd ', 'Huisdieren': ' Nee '}",kamer-1991429.html
Van Musschenbroekstraat,in Den Haag,45 m,Totaal 2 kamers (1 slaapkamer) ,â‚¬ 950,p/m | excl. g/w/e,Gestoffeerd,30-09-2021,2 dagen geleden geplaatst,https://kamernet.nl/huren/appartement-den-haag/van-musschenbroekstraat/appartement-1991432,"{'Woonkamer': ' Eigen ', 'Keuken': ' Eigen ', 'Badkamer': ' Eigen ', 'Toilet': ' Eigen ', 'Internet': ' Nee ', 'Energielabel': ' Onbekend ', 'Huisdieren': ' Nee '}",appartement-1991432.html
Burgemeester van der Werffstraat,in Den Haag,16 m,Totale oppervlakte: 120 m 2,â‚¬ 620,p/m | excl. g/w/e,Gestoffeerd,15-10-2021,2 dagen geleden geplaatst,https://kamernet.nl/huren/kamer-den-haag/burgemeester-van-der-werffstraat/kamer-1991436,"{'Woonkamer': ' Gedeeld ', 'Keuken': ' Gedeeld ', 'Badkamer': ' Gedeeld ', 'Toilet': ' Gedeeld ', 'Internet': ' Ja ', 'Energielabel': ' Onbekend ', 'Huisgenoten': '  2 ', 'Geslacht': ' Man ', 'Huisdieren': ' Nee '}",kamer-1991436.html
Van Eijcklaan,in Krimpen aan den IJssel,12 m,Totale oppervlakte: 80 m 2,â‚¬ 380,p/m | incl. g/w/e,Gemeubileerd,01-12-2021 tot 28-02-2022,2 dagen geleden geplaatst,https://kamernet.nl/huren/kamer-krimpen-aan-den-ijssel/van-eijcklaan/kamer-1991425,"{'Woonkamer': ' Gedeeld ', 'Keuken': ' Gedeeld ', 'Badkamer': ' Gedeeld ', 'Toilet': ' Gedeeld ', 'Internet': ' Ja ', 'Energielabel': ' Onbekend ', 'Huisgenoten': '  6 ', 'Geslacht': ' Gemengd ', 'Huisdieren': ' Nee '}",kamer-1991425.html
C.H. Petersstraat,in Groningen,50 m,Totaal 2 kamers (1 slaapkamer) ,â‚¬ 1250,p/m | incl. g/w/e,Gemeubileerd,01-11-2021,2 dagen geleden geplaatst,https://kamernet.nl/huren/appartement-groningen/c.h.-petersstraat/appartement-1991442,"{'Woonkamer': ' Eigen ', 'Keuken': ' Eigen ', 'Badkamer': ' Eigen ', 'Toilet': ' Eigen ', 'Internet': ' Ja ', 'Energielabel': ' Onbekend ', 'Huisdieren': ' Nee '}",appartement-1991442.html
St Jorislaan,in Eindhoven,50 m,Totaal 2 kamers (1 slaapkamer) ,â‚¬ 815,p/m | excl. g/w/e,Gestoffeerd,01-12-2021,2 dagen geleden geplaatst,https://kamernet.nl/huren/appartement-eindhoven/st-jorislaan/appartement-1991438,"{'Woonkamer': ' Eigen ', 'Keuken': ' Eigen ', 'Badkamer': ' Eigen ', 'Toilet': ' Eigen ', 'Internet': ' Ja ', 'Energielabel': ' E ', 'Huisdieren': ' Nee '}",appartement-1991438.html
Acaciastraat,in Utrecht,40 m,,â‚¬ 890,p/m | incl. g/w/e,Gemeubileerd,14-10-2021 tot 01-05-2022,2 dagen geleden geplaatst,https://kamernet.nl/huren/studio-utrecht/acaciastraat/studio-1991440,"{'Woonkamer': ' Eigen ', 'Keuken': ' Eigen ', 'Badkamer': ' Eigen ', 'Toilet': ' Eigen ', 'Internet': ' Ja ', 'Energielabel': ' Onbekend ', 'Huisdieren': ' Nee '}",studio-1991440.html
Wilhelminaweg,in Zandvoort,35 m,Totaal 2 kamers (1 slaapkamer) ,â‚¬ 850,p/m | incl. g/w/e,Gemeubileerd,01-11-2021 tot 01-04-2022,2 dagen geleden geplaatst,https://kamernet.nl/huren/appartement-zandvoort/wilhelminaweg/appartement-1991452,"{'Woonkamer': ' Eigen ', 'Keuken': ' Eigen ', 'Badkamer': ' Eigen ', 'Toilet': ' Eigen ', 'Internet': ' Ja ', 'Energielabel': ' A ', 'Huisdieren': ' Nee '}",appartement-1991452.html
Donge,in Kaatsheuvel,15 m,,â‚¬ 600,p/m | excl. g/w/e,Gestoffeerd,01-10-2021,2 dagen geleden geplaatst,https://kamernet.nl/huren/kamer-kaatsheuvel/donge/kamer-1991446,"{'Woonkamer': ' Onbekend ', 'Keuken': ' Geen ', 'Badkamer': ' Gedeeld ', 'Toilet': ' Gedeeld ', 'Internet': ' Ja ', 'Energielabel': ' Onbekend ', 'Huisgenoten': '  1 ', 'Geslacht': ' Man ', 'Huisdieren': ' In overleg '}",kamer-1991446.html
Soestdijksekade,in Den Haag,10 m,,â‚¬ 450,p/m | incl. g/w/e,Gemeubileerd,01-11-2021,2 dagen geleden geplaatst,https://kamernet.nl/huren/kamer-den-haag/soestdijksekade/kamer-1991521,"{'Woonkamer': ' Gedeeld ', 'Keuken': ' Gedeeld ', 'Badkamer': ' Gedeeld ', 'Toilet': ' Gedeeld ', 'Internet': ' Ja ', 'Energielabel': ' Onbekend ', 'Huisgenoten': '  4  ', 'Geslacht': ' Vrouw ', 'Huisdieren': ' Nee '}",kamer-1991521.html
De Schelp,in Zandvoort,35 m,Totaal 2 kamers (1 slaapkamer) ,â‚¬ 950,p/m | incl. g/w/e,Gemeubileerd,01-01-2022 tot 31-03-2022,2 dagen geleden geplaatst,https://kamernet.nl/huren/appartement-zandvoort/de-schelp/appartement-1991457,"{'Woonkamer': ' Eigen ', 'Keuken': ' Eigen ', 'Badkamer': ' Eigen ', 'Toilet': ' Eigen ', 'Internet': ' Onbekend ', 'Energielabel': ' Onbekend ', 'Huisdieren': ' Nee '}",appartement-1991457.html
Pascalerf,in Tilburg,65 m,Totaal 1 kamer,â‚¬ 745,p/m | excl. g/w/e,Gestoffeerd,01-11-2021,2 dagen geleden geplaatst,https://kamernet.nl/huren/appartement-tilburg/pascalerf/appartement-1991584,"{'Woonkamer': ' Onbekend ', 'Keuken': ' Onbekend ', 'Badkamer': ' Onbekend ', 'Toilet': ' Onbekend ', 'Internet': ' Onbekend ', 'Energielabel': ' Onbekend ', 'Huisdieren': ' In overleg '}",appartement-1991584.html
Van Oldenbarneveldtstraat,in Arnhem,35 m,Totaal 2 kamers,â‚¬ 775,p/m | excl. g/w/e,Gestoffeerd,01-11-2021,2 dagen geleden geplaatst,https://kamernet.nl/huren/appartement-arnhem/van-oldenbarneveldtstraat/appartement-1991587,"{'Woonkamer': ' Onbekend ', 'Keuken': ' Onbekend ', 'Badkamer': ' Onbekend ', 'Toilet': ' Onbekend ', 'Internet': ' Onbekend ', 'Energielabel': ' Onbekend ', 'Huisdieren': ' In overleg '}",appartement-1991587.html
Floralaan,in Boxmeer,112 m,,â‚¬ 1000,p/m | excl. g/w/e,Gestoffeerd,01-12-2021,2 dagen geleden geplaatst,https://kamernet.nl/huren/appartement-boxmeer/floralaan/appartement-1991588,"{'Woonkamer': ' Onbekend ', 'Keuken': ' Onbekend ', 'Badkamer': ' Onbekend ', 'Toilet': ' Onbekend ', 'Internet': ' Onbekend ', 'Energielabel': ' Onbekend ', 'Huisdieren': ' In overleg '}",appartement-1991588.html
Jacob Obrechtstraat,in Amsterdam,25 m,Totale oppervlakte: 50 m 2,â‚¬ 700,p/m | incl. g/w/e,Gestoffeerd,01-11-2021,2 dagen geleden geplaatst,https://kamernet.nl/huren/kamer-amsterdam/jacob-obrechtstraat/kamer-1991527,"{'Woonkamer': ' Eigen ', 'Keuken': ' Gedeeld ', 'Badkamer': ' Eigen ', 'Toilet': ' Gedeeld ', 'Internet': ' Ja ', 'Energielabel': ' Onbekend ', 'Huisgenoten': '  1 ', 'Geslacht': ' Man ', 'Huisdieren': ' Nee '}",kamer-1991527.html
Nieuwe Prinsengracht,in Amsterdam,80 m,,â‚¬ 1650,p/m | excl. g/w/e,Gemeubileerd,05-11-2021,2 dagen geleden geplaatst,https://kamernet.nl/huren/appartement-amsterdam/nieuwe-prinsengracht/appartement-1991591,"{'Woonkamer': ' Onbekend ', 'Keuken': ' Onbekend ', 'Badkamer': ' Onbekend ', 'Toilet': ' Onbekend ', 'Internet': ' Ja ', 'Energielabel': ' Onbekend ', 'Huisdieren': ' In overleg '}",appartement-1991591.html
Silodam,in Amsterdam,63 m,,â‚¬ 1550,p/m | excl. g/w/e,Gestoffeerd,01-10-2021,2 dagen geleden geplaatst,https://kamernet.nl/huren/appartement-amsterdam/silodam/appartement-1991592,"{'Woonkamer': ' Onbekend ', 'Keuken': ' Onbekend ', 'Badkamer': ' Onbekend ', 'Toilet': ' Onbekend ', 'Internet': ' Ja ', 'Energielabel': ' Onbekend ', 'Huisdieren': ' In overleg '}",appartement-1991592.html
Koninginnesingel,in Venlo,9 m,,â‚¬ 386,p/m | incl. g/w/e,Gestoffeerd,01-10-2021,2 dagen geleden geplaatst,https://kamernet.nl/huren/kamer-venlo/koninginnesingel/kamer-1991593,"{'Woonkamer': ' Onbekend ', 'Keuken': ' Onbekend ', 'Badkamer': ' Onbekend ', 'Toilet': ' Onbekend ', 'Internet': ' Ja ', 'Energielabel': ' Onbekend ', 'Huisgenoten': '  Onbekend  ', 'Geslacht': ' Onbekend ', 'Huisdieren': ' In overleg '}",kamer-1991593.html
Schouwburgring,in Tilburg,26 m,,â‚¬ 704,p/m | excl. g/w/e,Gestoffeerd,01-10-2021,2 dagen geleden geplaatst,https://kamernet.nl/huren/studio-tilburg/schouwburgring/studio-1991583,"{'Woonkamer': ' Onbekend ', 'Keuken': ' Onbekend ', 'Badkamer': ' Onbekend ', 'Toilet': ' Onbekend ', 'Internet': ' Onbekend ', 'Energielabel': ' Onbekend ', 'Huisdieren': ' In overleg '}",studio-1991583.html
Derde Schinkelstraat,in Amsterdam,18 m,,â‚¬ 750,p/m | incl. g/w/e,Gemeubileerd,01-11-2021,2 dagen geleden geplaatst,https://kamernet.nl/huren/kamer-amsterdam/derde-schinkelstraat/kamer-1991414,"{'Woonkamer': ' Geen ', 'Keuken': ' Gedeeld ', 'Badkamer': ' Gedeeld ', 'Toilet': ' Gedeeld ', 'Internet': ' Ja ', 'Energielabel': ' Onbekend ', 'Huisgenoten': '  2 ', 'Geslacht': ' Vrouw ', 'Huisdieren': ' Nee '}",kamer-1991414.html
Brouwersgracht,in Amsterdam,50 m,Totaal 1 kamer (1 slaapkamer) ,â‚¬ 1500,p/m | excl. g/w/e,Gemeubileerd,01-10-2021 tot 18-07-2023,2 dagen geleden geplaatst,https://kamernet.nl/huren/appartement-amsterdam/brouwersgracht/appartement-1991598,"{'Woonkamer': ' Eigen ', 'Keuken': ' Eigen ', 'Badkamer': ' Eigen ', 'Toilet': ' Eigen ', 'Internet': ' Ja ', 'Energielabel': ' Onbekend ', 'Huisdieren': ' Nee '}",appartement-1991598.html
Wormerhoek,in Capelle aan den IJssel,42 m,Totaal 1 kamer,â‚¬ 800,p/m | excl. g/w/e,Onbekend,01-10-2021,2 dagen geleden geplaatst,https://kamernet.nl/huren/appartement-capelle-aan-den-ijssel/wormerhoek/appartement-1991594,"{'Woonkamer': ' Onbekend ', 'Keuken': ' Onbekend ', 'Badkamer': ' Onbekend ', 'Toilet': ' Onbekend ', 'Internet': ' Onbekend ', 'Energielabel': ' Onbekend ', 'Huisdieren': ' In overleg '}",appartement-1991594.html
Lomondlaan,in Amsterdam,15 m,Totale oppervlakte: 30 m 2,â‚¬ 550,p/m | incl. g/w/e,Gemeubileerd,01-10-2021,2 dagen geleden geplaatst,https://kamernet.nl/huren/kamer-amsterdam/lomondlaan/kamer-1991433,"{'Woonkamer': ' Geen ', 'Keuken': ' Gedeeld ', 'Badkamer': ' Gedeeld ', 'Toilet': ' Gedeeld ', 'Internet': ' Ja ', 'Energielabel': ' Onbekend ', 'Huisgenoten': '  1 ', 'Geslacht': ' Vrouw ', 'Huisdieren': ' Nee '}",kamer-1991433.html
Jasmijnstraat,in Utrecht,75 m,Totaal 3 kamers (2 slaapkamers) ,â‚¬ 1550,p/m | excl. g/w/e,Gemeubileerd,26-10-2021 tot 26-10-2022,2 dagen geleden geplaatst,https://kamernet.nl/huren/appartement-utrecht/jasmijnstraat/appartement-1991602,"{'Woonkamer': ' Eigen ', 'Keuken': ' Eigen ', 'Badkamer': ' Eigen ', 'Toilet': ' Eigen ', 'Internet': ' Ja ', 'Energielabel': ' Onbekend ', 'Huisdieren': ' In overleg '}",appartement-1991602.html
Beekmanstraat,in Dordrecht,42 m,,â‚¬ 850,p/m | excl. g/w/e,Gestoffeerd,01-10-2021,2 dagen geleden geplaatst,https://kamernet.nl/huren/appartement-dordrecht/beekmanstraat/appartement-1991595,"{'Woonkamer': ' Onbekend ', 'Keuken': ' Onbekend ', 'Badkamer': ' Onbekend ', 'Toilet': ' Onbekend ', 'Internet': ' Onbekend ', 'Energielabel': ' Onbekend ', 'Huisdieren': ' In overleg '}",appartement-1991595.html
Pijnboomstraat,in Tilburg,27 m,,â‚¬ 649,p/m | excl. g/w/e,Gestoffeerd,01-11-2021,2 dagen geleden geplaatst,https://kamernet.nl/huren/studio-tilburg/pijnboomstraat/studio-1991582,"{'Woonkamer': ' Onbekend ', 'Keuken': ' Onbekend ', 'Badkamer': ' Onbekend ', 'Toilet': ' Onbekend ', 'Internet': ' Onbekend ', 'Energielabel': ' Onbekend ', 'Huisdieren': ' In overleg '}",studio-1991582.html
Lisztstraat,in Delft,17 m,Totale oppervlakte: 40 m 2,â‚¬ 365,p/m | excl. g/w/e,Gestoffeerd,01-10-2021,Gisteren geplaatst,https://kamernet.nl/huren/kamer-delft/lisztstraat/kamer-1988495,"{'Woonkamer': ' Gedeeld ', 'Keuken': ' Gedeeld ', 'Badkamer': ' Gedeeld ', 'Toilet': ' Gedeeld ', 'Internet': ' Ja ', 'Energielabel': ' Onbekend ', 'Huisgenoten': '  2 ', 'Geslacht': ' Vrouw ', 'Huisdieren': ' Nee '}",kamer-1988495.html
Bartholomeus Diazstraat,in Amsterdam,50 m,,â‚¬ 1550,p/m | excl. g/w/e,Gemeubileerd,01-11-2021,2 dagen geleden geplaatst,https://kamernet.nl/huren/appartement-amsterdam/bartholomeus-diazstraat/appartement-1991590,"{'Woonkamer': ' Onbekend ', 'Keuken': ' Onbekend ', 'Badkamer': ' Onbekend ', 'Toilet': ' Onbekend ', 'Internet': ' Ja ', 'Energielabel': ' Onbekend ', 'Huisdieren': ' In overleg '}",appartement-1991590.html
Postelstraat,in Den Bosch,12 m,Totale oppervlakte: 50 m 2,â‚¬ 412,p/m | excl. g/w/e,Kaal,01-10-2021,Gisteren geplaatst,https://kamernet.nl/huren/kamer-den-bosch/postelstraat/kamer-1991618,"{'Woonkamer': ' Eigen ', 'Keuken': ' Gedeeld ', 'Badkamer': ' Gedeeld ', 'Toilet': ' Gedeeld ', 'Internet': ' Ja ', 'Energielabel': ' Onbekend ', 'Huisgenoten': '  Meer dan 8 ', 'Geslacht': ' Gemengd ', 'Huisdieren': ' Nee '}",kamer-1991618.html
Jisperveldstraat,in Amsterdam,8 m,Totale oppervlakte: 60 m 2,â‚¬ 425,p/m | incl. g/w/e,Gestoffeerd,01-10-2021,2 dagen geleden geplaatst,https://kamernet.nl/huren/kamer-amsterdam/jisperveldstraat/kamer-1991561,"{'Woonkamer': ' Gedeeld ', 'Keuken': ' Gedeeld ', 'Badkamer': ' Gedeeld ', 'Toilet': ' Gedeeld ', 'Internet': ' Ja ', 'Energielabel': ' D ', 'Huisgenoten': '  2 ', 'Geslacht': ' Man ', 'Huisdieren': ' Nee '}",kamer-1991561.html
Jan van Scorelstraat,in Utrecht,50 m,,â‚¬ 1200,p/m | incl. g/w/e,Gemeubileerd,01-12-2021 tot 01-08-2022,2 dagen geleden geplaatst,https://kamernet.nl/huren/studio-utrecht/jan-van-scorelstraat/studio-1991564,"{'Woonkamer': ' Geen ', 'Keuken': ' Gedeeld ', 'Badkamer': ' Eigen ', 'Toilet': ' Eigen ', 'Internet': ' Ja ', 'Energielabel': ' Onbekend ', 'Huisdieren': ' Nee '}",studio-1991564.html
De Graslanden,in Sauwerd,14 m,Totale oppervlakte: 64 m 2,â‚¬ 550,p/m | excl. g/w/e,Gemeubileerd,15-10-2021,2 dagen geleden geplaatst,https://kamernet.nl/huren/kamer-sauwerd/de-graslanden/kamer-1991565,"{'Woonkamer': ' Gedeeld ', 'Keuken': ' Gedeeld ', 'Badkamer': ' Gedeeld ', 'Toilet': ' Gedeeld ', 'Internet': ' Ja ', 'Energielabel': ' A ', 'Huisgenoten': '  4  ', 'Geslacht': ' Gemengd ', 'Huisdieren': ' In overleg '}",kamer-1991565.html
Brittenstraat,in Almere,46 m,Totaal 1 kamer (1 slaapkamer) ,â‚¬ 900,p/m | excl. g/w/e,Gestoffeerd,01-10-2021 tot 01-04-2022,2 dagen geleden geplaatst,https://kamernet.nl/huren/studio-almere/brittenstraat/studio-1991569,"{'Woonkamer': ' Eigen ', 'Keuken': ' Eigen ', 'Badkamer': ' Eigen ', 'Toilet': ' Eigen ', 'Internet': ' Nee ', 'Energielabel': ' B ', 'Huisdieren': ' Nee '}",studio-1991569.html
Odijkerweg,in Driebergen-Rijsenburg,200 m,,â‚¬ 2250,p/m | incl. g/w/e,Gestoffeerd,15-12-2021 tot 15-12-2022,2 dagen geleden geplaatst,https://kamernet.nl/huren/studio-driebergen-rijsenburg/odijkerweg/studio-1991570,"{'Woonkamer': ' Geen ', 'Keuken': ' Eigen ', 'Badkamer': ' Eigen ', 'Toilet': ' Eigen ', 'Internet': ' Nee ', 'Energielabel': ' Onbekend ', 'Huisdieren': ' Nee '}",studio-1991570.html
Bronbeeklaan,in Arnhem,50 m,Totaal 1 kamer,â‚¬ 750,p/m | excl. g/w/e,Gestoffeerd,01-10-2021,2 dagen geleden geplaatst,https://kamernet.nl/huren/appartement-arnhem/bronbeeklaan/appartement-1991571,"{'Woonkamer': ' Onbekend ', 'Keuken': ' Onbekend ', 'Badkamer': ' Onbekend ', 'Toilet': ' Onbekend ', 'Internet': ' Onbekend ', 'Energielabel': ' Onbekend ', 'Huisdieren': ' In overleg '}",appartement-1991571.html
Generaal de la Reijlaan,in Bussum,60 m,,â‚¬ 950,p/m | excl. g/w/e,Gestoffeerd,01-11-2021,2 dagen geleden geplaatst,https://kamernet.nl/huren/appartement-bussum/generaal-de-la-reijlaan/appartement-1991572,"{'Woonkamer': ' Onbekend ', 'Keuken': ' Onbekend ', 'Badkamer': ' Onbekend ', 'Toilet': ' Onbekend ', 'Internet': ' Onbekend ', 'Energielabel': ' Onbekend ', 'Huisdieren': ' In overleg '}",appartement-1991572.html
Gravenstraat,in Breda,90 m,Totaal 1 kamer,â‚¬ 1150,p/m | excl. g/w/e,Gestoffeerd,27-10-2021,2 dagen geleden geplaatst,https://kamernet.nl/huren/appartement-breda/gravenstraat/appartement-1991573,"{'Woonkamer': ' Onbekend ', 'Keuken': ' Onbekend ', 'Badkamer': ' Onbekend ', 'Toilet': ' Onbekend ', 'Internet': ' Onbekend ', 'Energielabel': ' Onbekend ', 'Huisdieren': ' In overleg '}",appartement-1991573.html
van Aylvaweg,in Witmarsum,120 m,Totaal 5 kamers (4 slaapkamers) ,â‚¬ 1270,p/m | excl. g/w/e,Gestoffeerd,01-12-2021 tot 30-11-2023,2 dagen geleden geplaatst,https://kamernet.nl/huren/appartement-witmarsum/van-aylvaweg/appartement-1991557,"{'Woonkamer': ' Eigen ', 'Keuken': ' Eigen ', 'Badkamer': ' Eigen ', 'Toilet': ' Eigen ', 'Internet': ' Nee ', 'Energielabel': ' Onbekend ', 'Huisdieren': ' Ja '}",appartement-1991557.html
Marktstraat,in Enschede,19 m,,â‚¬ 484,p/m | incl. g/w/e,Gemeubileerd,05-10-2021,2 dagen geleden geplaatst,https://kamernet.nl/huren/kamer-enschede/marktstraat/kamer-1991554,"{'Woonkamer': ' Geen ', 'Keuken': ' Gedeeld ', 'Badkamer': ' Gedeeld ', 'Toilet': ' Gedeeld ', 'Internet': ' Ja ', 'Energielabel': ' Onbekend ', 'Huisgenoten': '  2 ', 'Geslacht': ' Gemengd ', 'Huisdieren': ' Nee '}",kamer-1991554.html
Groningerweg,in Eelderwolde,12 m,,â‚¬ 320,p/m | excl. g/w/e,Kaal,14-10-2021,2 dagen geleden geplaatst,https://kamernet.nl/huren/kamer-eelderwolde/groningerweg/kamer-1991376,"{'Woonkamer': ' Gedeeld ', 'Keuken': ' Gedeeld ', 'Badkamer': ' Gedeeld ', 'Toilet': ' Gedeeld ', 'Internet': ' Nee ', 'Energielabel': ' Onbekend ', 'Huisgenoten': '  Geen ', 'Geslacht': ' Onbekend ', 'Huisdieren': ' Nee '}",kamer-1991376.html
Grote Markt,in Breda,46 m,Totaal 1 kamer,â‚¬ 1030,p/m | excl. g/w/e,Gestoffeerd,01-11-2021,2 dagen geleden geplaatst,https://kamernet.nl/huren/appartement-breda/grote-markt/appartement-1991574,"{'Woonkamer': ' Onbekend ', 'Keuken': ' Onbekend ', 'Badkamer': ' Onbekend ', 'Toilet': ' Onbekend ', 'Internet': ' Onbekend ', 'Energielabel': ' Onbekend ', 'Huisdieren': ' In overleg '}",appartement-1991574.html
Oeverstraat,in Tilburg,30 m,,â‚¬ 725,p/m | excl. g/w/e,Gestoffeerd,01-11-2021,2 dagen geleden geplaatst,https://kamernet.nl/huren/appartement-tilburg/oeverstraat/appartement-1991580,"{'Woonkamer': ' Onbekend ', 'Keuken': ' Onbekend ', 'Badkamer': ' Onbekend ', 'Toilet': ' Onbekend ', 'Internet': ' Onbekend ', 'Energielabel': ' Onbekend ', 'Huisdieren': ' In overleg '}",appartement-1991580.html
Schieweg,in Rotterdam,67 m,Totaal 1 kamer (1 slaapkamer) ,â‚¬ 1400,p/m | incl. g/w/e,Gemeubileerd,01-11-2021,2 dagen geleden geplaatst,https://kamernet.nl/huren/appartement-rotterdam/schieweg/appartement-1991524,"{'Woonkamer': ' Eigen ', 'Keuken': ' Eigen ', 'Badkamer': ' Eigen ', 'Toilet': ' Eigen ', 'Internet': ' Ja ', 'Energielabel': ' C ', 'Huisdieren': ' In overleg '}",appartement-1991524.html
Th. J. Lammerslaan,in Amsterdam,20 m,,â‚¬ 850,p/m | incl. g/w/e,Gestoffeerd,02-10-2021,12 uur geleden geplaatst,https://kamernet.nl/huren/kamer-amsterdam/th.-j.-lammerslaan/kamer-1991775,"{'Woonkamer': ' Gedeeld ', 'Keuken': ' Gedeeld ', 'Badkamer': ' Gedeeld ', 'Toilet': ' Gedeeld ', 'Internet': ' Ja ', 'Energielabel': ' Onbekend ', 'Huisgenoten': '  1 ', 'Geslacht': ' Man ', 'Huisdieren': ' Nee '}",kamer-1991775.html
Achter de Wiemelpoort,in Nijmegen,59 m,,â‚¬ 920,p/m | excl. g/w/e,Gestoffeerd,01-11-2021,11 uur geleden geplaatst,https://kamernet.nl/huren/appartement-nijmegen/achter-de-wiemelpoort/appartement-1991771,"{'Woonkamer': ' Eigen ', 'Keuken': ' Eigen ', 'Badkamer': ' Eigen ', 'Toilet': ' Eigen ', 'Internet': ' Nee ', 'Energielabel': ' Onbekend ', 'Huisdieren': ' Nee '}",appartement-1991771.html
Julianalaan,in Voorhout,93 m,Totaal 3 kamers,â‚¬ 525,p/m | excl. g/w/e,Kaal,01-10-2021,2 dagen geleden geplaatst,https://kamernet.nl/huren/appartement-voorhout/julianalaan/appartement-1991579,"{'Woonkamer': ' Onbekend ', 'Keuken': ' Onbekend ', 'Badkamer': ' Onbekend ', 'Toilet': ' Onbekend ', 'Internet': ' Onbekend ', 'Energielabel': ' Onbekend ', 'Huisdieren': ' In overleg '}",appartement-1991579.html
Jagerlaan,in Zeist,59 m,Totaal 1 kamer,â‚¬ 835,p/m | excl. g/w/e,Gestoffeerd,01-10-2021,2 dagen geleden geplaatst,https://kamernet.nl/huren/appartement-zeist/jagerlaan/appartement-1991575,"{'Woonkamer': ' Onbekend ', 'Keuken': ' Onbekend ', 'Badkamer': ' Onbekend ', 'Toilet': ' Onbekend ', 'Internet': ' Onbekend ', 'Energielabel': ' Onbekend ', 'Huisdieren': ' In overleg '}",appartement-1991575.html
Silodam,in Amsterdam,25 m,,â‚¬ 1200,p/m | incl. g/w/e,Gemeubileerd,01-11-2021 tot 31-10-2022,3 weken geleden geplaatst,https://kamernet.nl/huren/kamer-amsterdam/silodam/kamer-1986659,"{'Woonkamer': ' Gedeeld ', 'Keuken': ' Gedeeld ', 'Badkamer': ' Gedeeld ', 'Toilet': ' Gedeeld ', 'Internet': ' Ja ', 'Energielabel': ' Onbekend ', 'Huisgenoten': '  1 ', 'Geslacht': ' Man ', 'Huisdieren': ' Nee '}",kamer-1986659.html
De Moucheronstraat,in Den Haag,12 m,Totale oppervlakte: 70 m 2,â‚¬ 650,p/m | incl. g/w/e,Gestoffeerd,09-02-2022,9 uur geleden geplaatst,https://kamernet.nl/huren/kamer-den-haag/de-moucheronstraat/kamer-1991785,"{'Woonkamer': ' Gedeeld ', 'Keuken': ' Gedeeld ', 'Badkamer': ' Gedeeld ', 'Toilet': ' Gedeeld ', 'Internet': ' Nee ', 'Energielabel': ' Onbekend ', 'Huisgenoten': '  1 ', 'Geslacht': ' Vrouw ', 'Huisdieren': ' Nee '}",kamer-1991785.html
Putterstraat,in Enschede,12 m,Totale oppervlakte: 110 m 2,â‚¬ 560,p/m | incl. g/w/e,Gemeubileerd,01-10-2021 tot 31-12-2021,Gisteren geplaatst,https://kamernet.nl/huren/kamer-enschede/putterstraat/kamer-1991620,"{'Woonkamer': ' Gedeeld ', 'Keuken': ' Gedeeld ', 'Badkamer': ' Gedeeld ', 'Toilet': ' Gedeeld ', 'Internet': ' Ja ', 'Energielabel': ' A ', 'Huisgenoten': '  3 ', 'Geslacht': ' Gemengd ', 'Huisdieren': ' Nee '}",kamer-1991620.html
Zuider Buiten Spaarne,in Haarlem,20 m,Totale oppervlakte: 100 m 2,â‚¬ 550,p/m | incl. g/w/e,Gestoffeerd,01-10-2021,12 uur geleden geplaatst,https://kamernet.nl/huren/kamer-haarlem/zuider-buiten-spaarne/kamer-1991744,"{'Woonkamer': ' Eigen ', 'Keuken': ' Gedeeld ', 'Badkamer': ' Gedeeld ', 'Toilet': ' Gedeeld ', 'Internet': ' Ja ', 'Energielabel': ' Onbekend ', 'Huisgenoten': '  1 ', 'Geslacht': ' Man ', 'Huisdieren': ' Nee '}",kamer-1991744.html
Hanzestraat,in Arnhem,7 m,,â‚¬ 320,p/m | incl. g/w/e,Gemeubileerd,02-10-2021,9 uur geleden geplaatst,https://kamernet.nl/huren/kamer-arnhem/hanzestraat/kamer-1991817,"{'Woonkamer': ' Geen ', 'Keuken': ' Gedeeld ', 'Badkamer': ' Gedeeld ', 'Toilet': ' Gedeeld ', 'Internet': ' Ja ', 'Energielabel': ' Onbekend ', 'Huisgenoten': '  3 ', 'Geslacht': ' Gemengd ', 'Huisdieren': ' Nee '}",kamer-1991817.html
Mgr. van de Weteringstraat,in Utrecht,30 m,Totaal 1 kamer (1 slaapkamer) ,â‚¬ 550,p/m | incl. g/w/e,Gemeubileerd,01-11-2021 tot 28-11-2021,9 uur geleden geplaatst,https://kamernet.nl/huren/studio-utrecht/mgr.-van-de-weteringstraat/studio-1991809,"{'Woonkamer': ' Eigen ', 'Keuken': ' Eigen ', 'Badkamer': ' Eigen ', 'Toilet': ' Eigen ', 'Internet': ' Ja ', 'Energielabel': ' Onbekend ', 'Huisdieren': ' Nee '}",studio-1991809.html
Vijver,in Amersfoort,20 m,Totale oppervlakte: 35 m 2,â‚¬ 360,p/m | incl. g/w/e,Gestoffeerd,21-10-2021,11 uur geleden geplaatst,https://kamernet.nl/huren/kamer-amersfoort/vijver/kamer-1991780,"{'Woonkamer': ' Geen ', 'Keuken': ' Gedeeld ', 'Badkamer': ' Gedeeld ', 'Toilet': ' Gedeeld ', 'Internet': ' Ja ', 'Energielabel': ' Onbekend ', 'Huisgenoten': '  3 ', 'Geslacht': ' Man ', 'Huisdieren': ' Nee '}",kamer-1991780.html
Jisperveldstraat,in Amsterdam,10 m,,â‚¬ 500,p/m | incl. g/w/e,Kaal,01-11-2021,Gisteren geplaatst,https://kamernet.nl/huren/kamer-amsterdam/jisperveldstraat/kamer-1991611,"{'Woonkamer': ' Gedeeld ', 'Keuken': ' Gedeeld ', 'Badkamer': ' Gedeeld ', 'Toilet': ' Gedeeld ', 'Internet': ' Ja ', 'Energielabel': ' Onbekend ', 'Huisgenoten': '  2 ', 'Geslacht': ' Vrouw ', 'Huisdieren': ' Nee '}",kamer-1991611.html
Oudwijkerveldstraat,in Utrecht,20 m,,â‚¬ 695,p/m | excl. g/w/e,Gestoffeerd,01-11-2021,8 uur geleden geplaatst,https://kamernet.nl/huren/kamer-utrecht/oudwijkerveldstraat/kamer-1991830,"{'Woonkamer': ' Gedeeld ', 'Keuken': ' Gedeeld ', 'Badkamer': ' Gedeeld ', 'Toilet': ' Gedeeld ', 'Internet': ' Nee ', 'Energielabel': ' Onbekend ', 'Huisgenoten': '  1 ', 'Geslacht': ' Vrouw ', 'Huisdieren': ' Nee '}",kamer-1991830.html
Edisonstraat,in Enschede,100 m,Totaal 4 kamers (3 slaapkamers) ,â‚¬ 1050,p/m | excl. g/w/e,Gestoffeerd,01-12-2021,Gisteren geplaatst,https://kamernet.nl/huren/appartement-enschede/edisonstraat/appartement-1991647,"{'Woonkamer': ' Eigen ', 'Keuken': ' Eigen ', 'Badkamer': ' Eigen ', 'Toilet': ' Eigen ', 'Internet': ' Nee ', 'Energielabel': ' D ', 'Huisdieren': ' Nee '}",appartement-1991647.html
Weegbree,in Bennekom,12 m,,â‚¬ 290,p/m | incl. g/w/e,Kaal,01-01-2022,10 uur geleden geplaatst,https://kamernet.nl/huren/kamer-bennekom/weegbree/kamer-1991795,"{'Woonkamer': ' Geen ', 'Keuken': ' Gedeeld ', 'Badkamer': ' Gedeeld ', 'Toilet': ' Gedeeld ', 'Internet': ' Ja ', 'Energielabel': ' Onbekend ', 'Huisgenoten': '  3 ', 'Geslacht': ' Gemengd ', 'Huisdieren': ' Nee '}",kamer-1991795.html
Grotestraat,in Veen,12 m,,â‚¬ 400,p/m | incl. g/w/e,Gemeubileerd,02-10-2021,9 uur geleden geplaatst,https://kamernet.nl/huren/kamer-veen/grotestraat/kamer-1991757,"{'Woonkamer': ' Gedeeld ', 'Keuken': ' Gedeeld ', 'Badkamer': ' Gedeeld ', 'Toilet': ' Gedeeld ', 'Internet': ' Ja ', 'Energielabel': ' Onbekend ', 'Huisgenoten': '  2 ', 'Geslacht': ' Man ', 'Huisdieren': ' Nee '}",kamer-1991757.html
Sloetstraat,in Arnhem,80 m,,â‚¬ 925,p/m | incl. g/w/e,Gestoffeerd,16-08-2019,Gisteren geplaatst,https://kamernet.nl/huren/kamer-arnhem/sloetstraat/kamer-1991659,"{'Woonkamer': ' Geen ', 'Keuken': ' Eigen ', 'Badkamer': ' Eigen ', 'Toilet': ' Eigen ', 'Internet': ' Nee ', 'Energielabel': ' Onbekend ', 'Huisgenoten': '  2 ', 'Geslacht': ' Man ', 'Huisdieren': ' Nee '}",kamer-1991659.html
Adriaan Mulderstraat,in Utrecht,70 m,Totaal 2 kamers (1 slaapkamer) ,â‚¬ 1400,p/m | incl. g/w/e,Gemeubileerd,01-11-2021,Gisteren geplaatst,https://kamernet.nl/huren/appartement-utrecht/adriaan-mulderstraat/appartement-1991655,"{'Woonkamer': ' Eigen ', 'Keuken': ' Eigen ', 'Badkamer': ' Eigen ', 'Toilet': ' Eigen ', 'Internet': ' Ja ', 'Energielabel': ' Onbekend ', 'Huisdieren': ' Ja '}",appartement-1991655.html
Sperwerlaan,in Amsterdam,11 m,Totale oppervlakte: 60 m 2,â‚¬ 650,p/m | incl. g/w/e,Gemeubileerd,15-11-2021,8 uur geleden geplaatst,https://kamernet.nl/huren/kamer-amsterdam/sperwerlaan/kamer-1991819,"{'Woonkamer': ' Gedeeld ', 'Keuken': ' Gedeeld ', 'Badkamer': ' Gedeeld ', 'Toilet': ' Gedeeld ', 'Internet': ' Ja ', 'Energielabel': ' Onbekend ', 'Huisgenoten': '  2 ', 'Geslacht': ' Gemengd ', 'Huisdieren': ' Nee '}",kamer-1991819.html
Burgemeester Hogguerstraat,in Amsterdam,14 m,,â‚¬ 600,p/m | incl. g/w/e,Kaal,01-10-2021,Gisteren geplaatst,https://kamernet.nl/huren/kamer-amsterdam/burgemeester-hogguerstraat/kamer-1991663,"{'Woonkamer': ' Gedeeld ', 'Keuken': ' Gedeeld ', 'Badkamer': ' Gedeeld ', 'Toilet': ' Gedeeld ', 'Internet': ' Nee ', 'Energielabel': ' Onbekend ', 'Huisgenoten': '  3 ', 'Geslacht': ' Onbekend ', 'Huisdieren': ' Nee '}",kamer-1991663.html
Amstelveenseweg,in Amsterdam,12 m,Totale oppervlakte: 80 m 2,â‚¬ 1050,p/m | incl. g/w/e,Gemeubileerd,01-10-2021 tot 30-09-2023,Gisteren geplaatst,https://kamernet.nl/huren/kamer-amsterdam/amstelveenseweg/kamer-1991662,"{'Woonkamer': ' Geen ', 'Keuken': ' Gedeeld ', 'Badkamer': ' Eigen ', 'Toilet': ' Gedeeld ', 'Internet': ' Ja ', 'Energielabel': ' Onbekend ', 'Huisgenoten': '  2 ', 'Geslacht': ' Gemengd ', 'Huisdieren': ' Nee '}",kamer-1991662.html
Aldo van Eycklaan,in Oegstgeest,16 m,Totale oppervlakte: 10 m 2,â‚¬ 400,p/m | incl. g/w/e,Gemeubileerd,03-10-2021,9 uur geleden geplaatst,https://kamernet.nl/huren/kamer-oegstgeest/aldo-van-eycklaan/kamer-1991813,"{'Woonkamer': ' Geen ', 'Keuken': ' Gedeeld ', 'Badkamer': ' Gedeeld ', 'Toilet': ' Gedeeld ', 'Internet': ' Ja ', 'Energielabel': ' A ', 'Huisgenoten': '  Onbekend  ', 'Geslacht': ' Onbekend ', 'Huisdieren': ' Nee '}",kamer-1991813.html
Morsweg,in Leiden,12 m,,â‚¬ 280,p/m | incl. g/w/e,Kaal,20-10-2021,Gisteren geplaatst,https://kamernet.nl/huren/kamer-leiden/morsweg/kamer-1991661,"{'Woonkamer': ' Gedeeld ', 'Keuken': ' Gedeeld ', 'Badkamer': ' Gedeeld ', 'Toilet': ' Gedeeld ', 'Internet': ' Ja ', 'Energielabel': ' Onbekend ', 'Huisgenoten': '  Meer dan 8 ', 'Geslacht': ' Gemengd ', 'Huisdieren': ' Nee '}",kamer-1991661.html
Pasteurstraat,in Den Haag,11 m,Totale oppervlakte: 60 m 2,â‚¬ 750,p/m | incl. g/w/e,Gemeubileerd,01-01-2022 tot 31-08-2022,Gisteren geplaatst,https://kamernet.nl/huren/kamer-den-haag/pasteurstraat/kamer-1991672,"{'Woonkamer': ' Gedeeld ', 'Keuken': ' Gedeeld ', 'Badkamer': ' Gedeeld ', 'Toilet': ' Gedeeld ', 'Internet': ' Ja ', 'Energielabel': ' Onbekend ', 'Huisgenoten': '  2 ', 'Geslacht': ' Gemengd ', 'Huisdieren': ' Nee '}",kamer-1991672.html
Klikspaanweg,in Leiden,11 m,,â‚¬ 290,p/m | incl. g/w/e,Kaal,30-10-2021,Gisteren geplaatst,https://kamernet.nl/huren/kamer-leiden/klikspaanweg/kamer-1991681,"{'Woonkamer': ' Gedeeld ', 'Keuken': ' Gedeeld ', 'Badkamer': ' Gedeeld ', 'Toilet': ' Gedeeld ', 'Internet': ' Ja ', 'Energielabel': ' Onbekend ', 'Huisgenoten': '  Meer dan 8 ', 'Geslacht': ' Gemengd ', 'Huisdieren': ' Nee '}",kamer-1991681.html
Javastraat,in Den Haag,13 m,Totale oppervlakte: 65 m 2,â‚¬ 650,p/m | excl. g/w/e,Gestoffeerd,01-11-2021 tot 31-12-2021,8 uur geleden geplaatst,https://kamernet.nl/huren/kamer-den-haag/javastraat/kamer-1991823,"{'Woonkamer': ' Gedeeld ', 'Keuken': ' Gedeeld ', 'Badkamer': ' Gedeeld ', 'Toilet': ' Gedeeld ', 'Internet': ' Ja ', 'Energielabel': ' Onbekend ', 'Huisgenoten': '  1 ', 'Geslacht': ' Vrouw ', 'Huisdieren': ' Nee '}",kamer-1991823.html
Riouwstraat,in Groningen,17 m,,â‚¬ 355,p/m | incl. g/w/e,Kaal,01-11-2021,Gisteren geplaatst,https://kamernet.nl/huren/kamer-groningen/riouwstraat/kamer-1991613,"{'Woonkamer': ' Geen ', 'Keuken': ' Gedeeld ', 'Badkamer': ' Gedeeld ', 'Toilet': ' Gedeeld ', 'Internet': ' Ja ', 'Energielabel': ' Onbekend ', 'Huisgenoten': '  Meer dan 8 ', 'Geslacht': ' Gemengd ', 'Huisdieren': ' Nee '}",kamer-1991613.html
Berkelstraat,in Utrecht,36 m,Totaal 1 kamer (1 slaapkamer) ,â‚¬ 760,p/m | excl. g/w/e,Gestoffeerd,01-12-2021,Gisteren geplaatst,https://kamernet.nl/huren/studio-utrecht/berkelstraat/studio-1987164,"{'Woonkamer': ' Eigen ', 'Keuken': ' Eigen ', 'Badkamer': ' Eigen ', 'Toilet': ' Eigen ', 'Internet': ' Ja ', 'Energielabel': ' D ', 'Huisdieren': ' Nee '}",studio-1987164.html
Haarlemmermeerstraat,in Amsterdam,14 m,,â‚¬ 750,p/m | incl. g/w/e,Gemeubileerd,02-10-2021,8 uur geleden geplaatst,https://kamernet.nl/huren/kamer-amsterdam/haarlemmermeerstraat/kamer-1991787,"{'Woonkamer': ' Geen ', 'Keuken': ' Gedeeld ', 'Badkamer': ' Eigen ', 'Toilet': ' Gedeeld ', 'Internet': ' Ja ', 'Energielabel': ' Onbekend ', 'Huisgenoten': '  2 ', 'Geslacht': ' Vrouw ', 'Huisdieren': ' Nee '}",kamer-1991787.html
Spoorlaan,in Etten-Leur,130 m,Totaal 3 kamers (1 slaapkamer) ,â‚¬ 1250,p/m | excl. g/w/e,Gestoffeerd,01-11-2021,8 uur geleden geplaatst,https://kamernet.nl/huren/appartement-etten-leur/spoorlaan/appartement-1991783,"{'Woonkamer': ' Eigen ', 'Keuken': ' Eigen ', 'Badkamer': ' Eigen ', 'Toilet': ' Eigen ', 'Internet': ' Onbekend ', 'Energielabel': ' Onbekend ', 'Huisdieren': ' In overleg '}",appartement-1991783.html
Gouden Leeuw,in Amsterdam,13 m,,â‚¬ 450,p/m | incl. g/w/e,Gemeubileerd,01-11-2021,Gisteren geplaatst,https://kamernet.nl/huren/kamer-amsterdam/gouden-leeuw/kamer-1991680,"{'Woonkamer': ' Gedeeld ', 'Keuken': ' Gedeeld ', 'Badkamer': ' Gedeeld ', 'Toilet': ' Gedeeld ', 'Internet': ' Ja ', 'Energielabel': ' Onbekend ', 'Huisgenoten': '  3 ', 'Geslacht': ' Gemengd ', 'Huisdieren': ' Nee '}",kamer-1991680.html
Phoenixstraat,in Delft,8 m,Totale oppervlakte: 70 m 2,â‚¬ 260,p/m | incl. g/w/e,Gestoffeerd,07-11-2021,Gisteren geplaatst,https://kamernet.nl/huren/kamer-delft/phoenixstraat/kamer-1991688,"{'Woonkamer': ' Gedeeld ', 'Keuken': ' Gedeeld ', 'Badkamer': ' Eigen ', 'Toilet': ' Eigen ', 'Internet': ' Ja ', 'Energielabel': ' Onbekend ', 'Huisgenoten': '  5 ', 'Geslacht': ' Gemengd ', 'Huisdieren': ' Nee '}",kamer-1991688.html
Industriestraat,in Hengelo,163 m,Totaal 6 kamers (5 slaapkamers) ,â‚¬ 2500,p/m | excl. g/w/e,Kaal,01-11-2021,Gisteren geplaatst,https://kamernet.nl/huren/appartement-hengelo/industriestraat/appartement-1991670,"{'Woonkamer': ' Gedeeld ', 'Keuken': ' Gedeeld ', 'Badkamer': ' Gedeeld ', 'Toilet': ' Gedeeld ', 'Internet': ' Nee ', 'Energielabel': ' Onbekend ', 'Huisdieren': ' Nee '}",appartement-1991670.html
Pastoor Smitsstraat,in Tilburg,60 m,Totaal 1 kamer,â‚¬ 1050,p/m | excl. g/w/e,Onbekend,02-10-2021,13 uur geleden geplaatst,https://kamernet.nl/huren/appartement-tilburg/pastoor-smitsstraat/appartement-1991760,"{'Woonkamer': ' Onbekend ', 'Keuken': ' Onbekend ', 'Badkamer': ' Onbekend ', 'Toilet': ' Onbekend ', 'Internet': ' Onbekend ', 'Energielabel': ' Onbekend ', 'Huisdieren': ' Nee '}",appartement-1991760.html
Lucas Meijerstraat,in Tilburg,60 m,Totaal 2 kamers,â‚¬ 800,p/m | excl. g/w/e,Onbekend,02-10-2021,13 uur geleden geplaatst,https://kamernet.nl/huren/appartement-tilburg/lucas-meijerstraat/appartement-1991761,"{'Woonkamer': ' Onbekend ', 'Keuken': ' Onbekend ', 'Badkamer': ' Onbekend ', 'Toilet': ' Onbekend ', 'Internet': ' Onbekend ', 'Energielabel': ' Onbekend ', 'Huisdieren': ' Nee '}",appartement-1991761.html
Schammersteeg,in Stoutenburg,125 m,,â‚¬ 1950,p/m | excl. g/w/e,Gemeubileerd,02-10-2021,13 uur geleden geplaatst,https://kamernet.nl/huren/appartement-stoutenburg/schammersteeg/appartement-1991764,"{'Woonkamer': ' Onbekend ', 'Keuken': ' Onbekend ', 'Badkamer': ' Onbekend ', 'Toilet': ' Onbekend ', 'Internet': ' Onbekend ', 'Energielabel': ' Onbekend ', 'Huisdieren': ' Nee '}",appartement-1991764.html
Korianderweg,in Almere,55 m,,â‚¬ 850,p/m | incl. g/w/e,Gemeubileerd,04-10-2021 tot 04-12-2021,13 uur geleden geplaatst,https://kamernet.nl/huren/appartement-almere/korianderweg/appartement-1991769,"{'Woonkamer': ' Eigen ', 'Keuken': ' Eigen ', 'Badkamer': ' Eigen ', 'Toilet': ' Eigen ', 'Internet': ' Nee ', 'Energielabel': ' Onbekend ', 'Huisdieren': ' Nee '}",appartement-1991769.html
Ben Viljoenstraat,in Haarlem,20 m,Totale oppervlakte: 100 m 2,â‚¬ 550,p/m | incl. g/w/e,Gestoffeerd,01-10-2021,12 uur geleden geplaatst,https://kamernet.nl/huren/kamer-haarlem/ben-viljoenstraat/kamer-1991734,"{'Woonkamer': ' Eigen ', 'Keuken': ' Gedeeld ', 'Badkamer': ' Gedeeld ', 'Toilet': ' Gedeeld ', 'Internet': ' Onbekend ', 'Energielabel': ' Onbekend ', 'Huisgenoten': '  1 ', 'Geslacht': ' Man ', 'Huisdieren': ' Nee '}",kamer-1991734.html
Steynlaan,in Zeist,13 m,,â‚¬ 495,p/m | excl. g/w/e,Gemeubileerd,02-10-2021 tot 31-08-2022,12 uur geleden geplaatst,https://kamernet.nl/huren/kamer-zeist/steynlaan/kamer-1991755,"{'Woonkamer': ' Gedeeld ', 'Keuken': ' Gedeeld ', 'Badkamer': ' Gedeeld ', 'Toilet': ' Gedeeld ', 'Internet': ' Ja ', 'Energielabel': ' Onbekend ', 'Huisgenoten': '  4  ', 'Geslacht': ' Vrouw ', 'Huisdieren': ' Nee '}",kamer-1991755.html
Mermsehof,in Arnhem,28 m,,â‚¬ 430,p/m | incl. g/w/e,Gestoffeerd,01-11-2021,Gisteren geplaatst,https://kamernet.nl/huren/kamer-arnhem/mermsehof/kamer-1991683,"{'Woonkamer': ' Eigen ', 'Keuken': ' Eigen ', 'Badkamer': ' Gedeeld ', 'Toilet': ' Gedeeld ', 'Internet': ' Ja ', 'Energielabel': ' Onbekend ', 'Huisgenoten': '  1 ', 'Geslacht': ' Vrouw ', 'Huisdieren': ' Nee '}",kamer-1991683.html
Molukkenstraat,in Groningen,20 m,Totaal 1 kamer (1 slaapkamer) ,â‚¬ 500,p/m | excl. g/w/e,Gestoffeerd,01-10-2021 tot 13-06-2022,Gisteren geplaatst,https://kamernet.nl/huren/studio-groningen/molukkenstraat/studio-1991687,"{'Woonkamer': ' Eigen ', 'Keuken': ' Eigen ', 'Badkamer': ' Eigen ', 'Toilet': ' Eigen ', 'Internet': ' Ja ', 'Energielabel': ' D ', 'Huisdieren': ' Nee '}",studio-1991687.html
Brederoplein,in Utrecht,11 m,,â‚¬ 340,p/m | excl. g/w/e,Gemeubileerd,02-10-2021,12 uur geleden geplaatst,https://kamernet.nl/huren/kamer-utrecht/brederoplein/kamer-1991756,"{'Woonkamer': ' Geen ', 'Keuken': ' Gedeeld ', 'Badkamer': ' Gedeeld ', 'Toilet': ' Gedeeld ', 'Internet': ' Ja ', 'Energielabel': ' Onbekend ', 'Huisgenoten': '  2 ', 'Geslacht': ' Gemengd ', 'Huisdieren': ' Nee '}",kamer-1991756.html
A.J. Koejemansstraat,in Amsterdam,20 m,,â‚¬ 750,p/m | incl. g/w/e,Gemeubileerd,01-10-2021,12 uur geleden geplaatst,https://kamernet.nl/huren/kamer-amsterdam/a.j.-koejemansstraat/kamer-1991737,"{'Woonkamer': ' Eigen ', 'Keuken': ' Gedeeld ', 'Badkamer': ' Gedeeld ', 'Toilet': ' Gedeeld ', 'Internet': ' Ja ', 'Energielabel': ' C ', 'Huisgenoten': '  1 ', 'Geslacht': ' Vrouw ', 'Huisdieren': ' Nee '}",kamer-1991737.html
Leurbeek,in Zaandam,20 m,Totale oppervlakte: 139 m 2,â‚¬ 600,p/m | incl. g/w/e,Gemeubileerd,01-10-2021,12 uur geleden geplaatst,https://kamernet.nl/huren/kamer-zaandam/leurbeek/kamer-1991730,"{'Woonkamer': ' Gedeeld ', 'Keuken': ' Gedeeld ', 'Badkamer': ' Gedeeld ', 'Toilet': ' Gedeeld ', 'Internet': ' Ja ', 'Energielabel': ' A ', 'Huisgenoten': '  1 ', 'Geslacht': ' Vrouw ', 'Huisdieren': ' Nee '}",kamer-1991730.html
Steynlaan,in Zeist,16 m,,â‚¬ 595,p/m | excl. g/w/e,Gemeubileerd,01-10-2021 tot 31-08-2022,12 uur geleden geplaatst,https://kamernet.nl/huren/kamer-zeist/steynlaan/kamer-1991747,"{'Woonkamer': ' Gedeeld ', 'Keuken': ' Gedeeld ', 'Badkamer': ' Gedeeld ', 'Toilet': ' Gedeeld ', 'Internet': ' Ja ', 'Energielabel': ' Onbekend ', 'Huisgenoten': '  4  ', 'Geslacht': ' Vrouw ', 'Huisdieren': ' Nee '}",kamer-1991747.html
Oudorperplein,in Alkmaar,18 m,Totale oppervlakte: 88 m 2,â‚¬ 695,p/m | incl. g/w/e,Gemeubileerd,01-11-2021,Gisteren geplaatst,https://kamernet.nl/huren/kamer-alkmaar/oudorperplein/kamer-1991677,"{'Woonkamer': ' Gedeeld ', 'Keuken': ' Gedeeld ', 'Badkamer': ' Gedeeld ', 'Toilet': ' Gedeeld ', 'Internet': ' Ja ', 'Energielabel': ' A ', 'Huisgenoten': '  1 ', 'Geslacht': ' Man ', 'Huisdieren': ' Nee '}",kamer-1991677.html
Kleine Kruisstraat,in Groningen,14 m,,â‚¬ 400,p/m | incl. g/w/e,Kaal,01-10-2021,Gisteren geplaatst,https://kamernet.nl/huren/kamer-groningen/kleine-kruisstraat/kamer-1991665,"{'Woonkamer': ' Gedeeld ', 'Keuken': ' Gedeeld ', 'Badkamer': ' Gedeeld ', 'Toilet': ' Gedeeld ', 'Internet': ' Ja ', 'Energielabel': ' Onbekend ', 'Huisgenoten': '  Meer dan 8 ', 'Geslacht': ' Gemengd ', 'Huisdieren': ' Nee '}",kamer-1991665.html
Welnastraat,in Amsterdam,28 m,,â‚¬ 1200,p/m | excl. g/w/e,Gemeubileerd,01-11-2021,12 uur geleden geplaatst,https://kamernet.nl/huren/studio-amsterdam/welnastraat/studio-1991766,"{'Woonkamer': ' Onbekend ', 'Keuken': ' Onbekend ', 'Badkamer': ' Onbekend ', 'Toilet': ' Onbekend ', 'Internet': ' Ja ', 'Energielabel': ' Onbekend ', 'Huisdieren': ' Nee '}",studio-1991766.html
Zwaanshals,in Rotterdam,110 m,Totaal 3 kamers (2 slaapkamers) ,â‚¬ 1190,p/m | excl. g/w/e,Gestoffeerd,01-10-2021,Gisteren geplaatst,https://kamernet.nl/huren/appartement-rotterdam/zwaanshals/appartement-1991657,"{'Woonkamer': ' Eigen ', 'Keuken': ' Eigen ', 'Badkamer': ' Eigen ', 'Toilet': ' Eigen ', 'Internet': ' Ja ', 'Energielabel': ' Onbekend ', 'Huisdieren': ' In overleg '}",appartement-1991657.html
Heymanslaan,in Groningen,88 m,Totaal 3 kamers (2 slaapkamers) ,â‚¬ 1200,p/m | excl. g/w/e,Kaal,01-11-2021,12 uur geleden geplaatst,https://kamernet.nl/huren/appartement-groningen/heymanslaan/appartement-1991736,"{'Woonkamer': ' Eigen ', 'Keuken': ' Eigen ', 'Badkamer': ' Eigen ', 'Toilet': ' Eigen ', 'Internet': ' Ja ', 'Energielabel': ' Onbekend ', 'Huisdieren': ' Nee '}",appartement-1991736.html
Sint Filippushof,in Tilburg,54 m,Totaal 1 kamer,â‚¬ 890,p/m | excl. g/w/e,Gestoffeerd,02-10-2021,12 uur geleden geplaatst,https://kamernet.nl/huren/appartement-tilburg/sint-filippushof/appartement-1991762,"{'Woonkamer': ' Onbekend ', 'Keuken': ' Onbekend ', 'Badkamer': ' Onbekend ', 'Toilet': ' Onbekend ', 'Internet': ' Onbekend ', 'Energielabel': ' Onbekend ', 'Huisdieren': ' Nee '}",appartement-1991762.html
Insulindeweg,in Amsterdam,50 m,,â‚¬ 1400,p/m | excl. g/w/e,Gemeubileerd,01-11-2021,12 uur geleden geplaatst,https://kamernet.nl/huren/appartement-amsterdam/insulindeweg/appartement-1991765,"{'Woonkamer': ' Onbekend ', 'Keuken': ' Onbekend ', 'Badkamer': ' Onbekend ', 'Toilet': ' Onbekend ', 'Internet': ' Onbekend ', 'Energielabel': ' Onbekend ', 'Huisdieren': ' Nee '}",appartement-1991765.html
Kloosterstraat,in Tilburg,54 m,Totaal 1 kamer,â‚¬ 745,p/m | excl. g/w/e,Gestoffeerd,01-11-2021,12 uur geleden geplaatst,https://kamernet.nl/huren/appartement-tilburg/kloosterstraat/appartement-1991763,"{'Woonkamer': ' Onbekend ', 'Keuken': ' Onbekend ', 'Badkamer': ' Onbekend ', 'Toilet': ' Onbekend ', 'Internet': ' Onbekend ', 'Energielabel': ' Onbekend ', 'Huisdieren': ' Nee '}",appartement-1991763.html
Jan Evertsenplaats,in Rotterdam,12 m,Totale oppervlakte: 34 m 2,â‚¬ 475,p/m | excl. g/w/e,Gemeubileerd,01-10-2021,Gisteren geplaatst,https://kamernet.nl/huren/kamer-rotterdam/jan-evertsenplaats/kamer-1991675,"{'Woonkamer': ' Geen ', 'Keuken': ' Gedeeld ', 'Badkamer': ' Gedeeld ', 'Toilet': ' Gedeeld ', 'Internet': ' Ja ', 'Energielabel': ' Onbekend ', 'Huisgenoten': '  1 ', 'Geslacht': ' Vrouw ', 'Huisdieren': ' Nee '}",kamer-1991675.html
Alexanderstraat,in Groningen,15 m,,â‚¬ 320,p/m | incl. g/w/e,Kaal,01-11-2021,Gisteren geplaatst,https://kamernet.nl/huren/kamer-groningen/alexanderstraat/kamer-1991679,"{'Woonkamer': ' Geen ', 'Keuken': ' Gedeeld ', 'Badkamer': ' Gedeeld ', 'Toilet': ' Gedeeld ', 'Internet': ' Ja ', 'Energielabel': ' Onbekend ', 'Huisgenoten': '  2 ', 'Geslacht': ' Vrouw ', 'Huisdieren': ' Nee '}",kamer-1991679.html
Jacoba van Beierenlaan,in Delft,12 m,,â‚¬ 330,p/m | incl. g/w/e,Kaal,06-10-2021 tot 01-03-2022,Gisteren geplaatst,https://kamernet.nl/huren/kamer-delft/jacoba-van-beierenlaan/kamer-1991664,"{'Woonkamer': ' Gedeeld ', 'Keuken': ' Gedeeld ', 'Badkamer': ' Gedeeld ', 'Toilet': ' Gedeeld ', 'Internet': ' Ja ', 'Energielabel': ' Onbekend ', 'Huisgenoten': '  Meer dan 8 ', 'Geslacht': ' Gemengd ', 'Huisdieren': ' In overleg '}",kamer-1991664.html
Orthenseweg,in Den Bosch,50 m,Totaal 1 kamer (1 slaapkamer) ,â‚¬ 795,p/m | excl. g/w/e,Gestoffeerd,01-10-2021,Gisteren geplaatst,https://kamernet.nl/huren/studio-den-bosch/orthenseweg/studio-1991701,"{'Woonkamer': ' Eigen ', 'Keuken': ' Eigen ', 'Badkamer': ' Eigen ', 'Toilet': ' Eigen ', 'Internet': ' Ja ', 'Energielabel': ' Onbekend ', 'Huisdieren': ' Nee '}",studio-1991701.html
Achterom,in Delft,13 m,Totale oppervlakte: 30 m 2,â‚¬ 410,p/m | incl. g/w/e,Gestoffeerd,01-11-2021,Gisteren geplaatst,https://kamernet.nl/huren/kamer-delft/achterom/kamer-1991691,"{'Woonkamer': ' Gedeeld ', 'Keuken': ' Gedeeld ', 'Badkamer': ' Gedeeld ', 'Toilet': ' Gedeeld ', 'Internet': ' Ja ', 'Energielabel': ' Onbekend ', 'Huisgenoten': '  3 ', 'Geslacht': ' Man ', 'Huisdieren': ' Nee '}",kamer-1991691.html
Romeinse Weg,in Sittard,14 m,,â‚¬ 500,p/m | incl. g/w/e,Gemeubileerd,01-10-2021,2 weken geleden geplaatst,https://kamernet.nl/huren/studio-sittard/romeinse-weg/studio-1988015,"{'Woonkamer': ' Geen ', 'Keuken': ' Gedeeld ', 'Badkamer': ' Gedeeld ', 'Toilet': ' Gedeeld ', 'Internet': ' Ja ', 'Energielabel': ' Onbekend ', 'Huisdieren': ' Nee '}",studio-1988015.html
Bodegravenplantsoen,in Arnhem,18 m,,â‚¬ 200,p/m | incl. g/w/e,Gemeubileerd,01-10-2021,Gisteren geplaatst,https://kamernet.nl/huren/kamer-arnhem/bodegravenplantsoen/kamer-1991676,"{'Woonkamer': ' Geen ', 'Keuken': ' Gedeeld ', 'Badkamer': ' Gedeeld ', 'Toilet': ' Gedeeld ', 'Internet': ' Ja ', 'Energielabel': ' Onbekend ', 'Huisgenoten': '  1 ', 'Geslacht': ' Vrouw ', 'Huisdieren': ' Nee '}",kamer-1991676.html
Tobias Asserlaan,in Diemen,9 m,,â‚¬ 750,p/m | incl. g/w/e,Kaal,01-11-2021,Gisteren geplaatst,https://kamernet.nl/huren/kamer-diemen/tobias-asserlaan/kamer-1991686,"{'Woonkamer': ' Gedeeld ', 'Keuken': ' Gedeeld ', 'Badkamer': ' Gedeeld ', 'Toilet': ' Gedeeld ', 'Internet': ' Ja ', 'Energielabel': ' Onbekend ', 'Huisgenoten': '  2 ', 'Geslacht': ' Vrouw ', 'Huisdieren': ' Nee '}",kamer-1991686.html
Leeuwendalersweg,in Amsterdam,7 m,Totale oppervlakte: 93 m 2,â‚¬ 800,p/m | incl. g/w/e,Gemeubileerd,01-10-2021 tot 01-12-2021,Gisteren geplaatst,https://kamernet.nl/huren/kamer-amsterdam/leeuwendalersweg/kamer-1991707,"{'Woonkamer': ' Gedeeld ', 'Keuken': ' Gedeeld ', 'Badkamer': ' Gedeeld ', 'Toilet': ' Gedeeld ', 'Internet': ' Ja ', 'Energielabel': ' A ', 'Huisgenoten': '  1 ', 'Geslacht': ' Man ', 'Huisdieren': ' Nee '}",kamer-1991707.html
Van Galenstraat,in Amersfoort,24 m,,â‚¬ 600,p/m | incl. g/w/e,Kaal,01-11-2021,Gisteren geplaatst,https://kamernet.nl/huren/kamer-amersfoort/van-galenstraat/kamer-1991715,"{'Woonkamer': ' Eigen ', 'Keuken': ' Eigen ', 'Badkamer': ' Gedeeld ', 'Toilet': ' Gedeeld ', 'Internet': ' Ja ', 'Energielabel': ' Onbekend ', 'Huisgenoten': '  2 ', 'Geslacht': ' Vrouw ', 'Huisdieren': ' Nee '}",kamer-1991715.html
IJsselstraat,in IJsselstein,71 m,Totaal 2 kamers (1 slaapkamer) ,â‚¬ 1110,p/m | incl. g/w/e,Gestoffeerd,01-11-2021,Gisteren geplaatst,https://kamernet.nl/huren/appartement-ijsselstein/ijsselstraat/appartement-1991718,"{'Woonkamer': ' Eigen ', 'Keuken': ' Eigen ', 'Badkamer': ' Eigen ', 'Toilet': ' Eigen ', 'Internet': ' Ja ', 'Energielabel': ' Onbekend ', 'Huisdieren': ' Nee '}",appartement-1991718.html
Westerpark,in Tilburg,16 m,,â‚¬ 305,p/m | incl. g/w/e,Gestoffeerd,01-11-2021,Gisteren geplaatst,https://kamernet.nl/huren/kamer-tilburg/westerpark/kamer-1991698,"{'Woonkamer': ' Geen ', 'Keuken': ' Gedeeld ', 'Badkamer': ' Gedeeld ', 'Toilet': ' Gedeeld ', 'Internet': ' Ja ', 'Energielabel': ' Onbekend ', 'Huisgenoten': '  4  ', 'Geslacht': ' Gemengd ', 'Huisdieren': ' Nee '}",kamer-1991698.html
Lipperkerkstraat,in Enschede,15 m,Totale oppervlakte: 105 m 2,â‚¬ 390,p/m | incl. g/w/e,Gemeubileerd,01-10-2021,Gisteren geplaatst,https://kamernet.nl/huren/kamer-enschede/lipperkerkstraat/kamer-1991713,"{'Woonkamer': ' Geen ', 'Keuken': ' Gedeeld ', 'Badkamer': ' Gedeeld ', 'Toilet': ' Gedeeld ', 'Internet': ' Ja ', 'Energielabel': ' B ', 'Huisgenoten': '  2 ', 'Geslacht': ' Vrouw ', 'Huisdieren': ' Nee '}",kamer-1991713.html
Weverstedehof,in Nieuwegein,59 m,Totaal 1 kamer,â‚¬ 875,p/m | excl. g/w/e,Gestoffeerd,01-11-2021,2 dagen geleden geplaatst,https://kamernet.nl/huren/appartement-nieuwegein/weverstedehof/appartement-1991577,"{'Woonkamer': ' Onbekend ', 'Keuken': ' Onbekend ', 'Badkamer': ' Onbekend ', 'Toilet': ' Onbekend ', 'Internet': ' Onbekend ', 'Energielabel': ' Onbekend ', 'Huisdieren': ' In overleg '}",appartement-1991577.html
Maystraat,in Den Haag,14 m,,â‚¬ 375,p/m | incl. g/w/e,Gestoffeerd,03-10-2021,12 uur geleden geplaatst,https://kamernet.nl/huren/kamer-den-haag/maystraat/kamer-1991741,"{'Woonkamer': ' Geen ', 'Keuken': ' Gedeeld ', 'Badkamer': ' Gedeeld ', 'Toilet': ' Gedeeld ', 'Internet': ' Ja ', 'Energielabel': ' Onbekend ', 'Huisgenoten': '  3 ', 'Geslacht': ' Gemengd ', 'Huisdieren': ' Nee '}",kamer-1991741.html
Lijndenhof,in Baarlo (LB),9 m,,â‚¬ 375,p/m | incl. g/w/e,Gemeubileerd,02-10-2021,13 uur geleden geplaatst,https://kamernet.nl/huren/kamer-baarlo-(lb)/lijndenhof/kamer-1991759,"{'Woonkamer': ' Gedeeld ', 'Keuken': ' Gedeeld ', 'Badkamer': ' Eigen ', 'Toilet': ' Gedeeld ', 'Internet': ' Ja ', 'Energielabel': ' C ', 'Huisgenoten': '  1 ', 'Geslacht': ' Man ', 'Huisdieren': ' Nee '}",kamer-1991759.html
Korte Delft,in Zaamslag,96 m,Totaal 3 kamers (2 slaapkamers) ,â‚¬ 1125,p/m | excl. g/w/e,Gestoffeerd,01-11-2021,7 uur geleden geplaatst,https://kamernet.nl/huren/appartement-zaamslag/korte-delft/appartement-1991454,"{'Woonkamer': ' Eigen ', 'Keuken': ' Eigen ', 'Badkamer': ' Eigen ', 'Toilet': ' Eigen ', 'Internet': ' Onbekend ', 'Energielabel': ' Onbekend ', 'Huisdieren': ' In overleg '}",appartement-1991454.html
Minahassastraat,in Utrecht,70 m,Totaal 3 kamers (2 slaapkamers) ,â‚¬ 1575,p/m | excl. g/w/e,Gestoffeerd,01-11-2021,7 uur geleden geplaatst,https://kamernet.nl/huren/appartement-utrecht/minahassastraat/appartement-1991453,"{'Woonkamer': ' Eigen ', 'Keuken': ' Eigen ', 'Badkamer': ' Eigen ', 'Toilet': ' Eigen ', 'Internet': ' Onbekend ', 'Energielabel': ' Onbekend ', 'Huisdieren': ' In overleg '}",appartement-1991453.html
Gerrit Rietveldsingel,in Diemen,48 m,,â‚¬ 1400,p/m | excl. g/w/e,Gestoffeerd,01-11-2021,12 uur geleden geplaatst,https://kamernet.nl/huren/appartement-diemen/gerrit-rietveldsingel/appartement-1991767,"{'Woonkamer': ' Onbekend ', 'Keuken': ' Onbekend ', 'Badkamer': ' Onbekend ', 'Toilet': ' Onbekend ', 'Internet': ' Ja ', 'Energielabel': ' Onbekend ', 'Huisdieren': ' Nee '}",appartement-1991767.html
Rubicondreef,in Utrecht,12 m,Totale oppervlakte: 25 m 2,â‚¬ 500,p/m | incl. g/w/e,Gestoffeerd,15-10-2021 tot 15-01-2022,7 uur geleden geplaatst,https://kamernet.nl/huren/kamer-utrecht/rubicondreef/kamer-1991693,"{'Woonkamer': ' Geen ', 'Keuken': ' Gedeeld ', 'Badkamer': ' Gedeeld ', 'Toilet': ' Gedeeld ', 'Internet': ' Ja ', 'Energielabel': ' A ', 'Huisgenoten': '  1 ', 'Geslacht': ' Man ', 'Huisdieren': ' Nee '}",kamer-1991693.html
Molenweg,in Renkum,10 m,Totale oppervlakte: 50 m 2,â‚¬ 350,p/m | incl. g/w/e,Gestoffeerd,02-10-2021,6 uur geleden geplaatst,https://kamernet.nl/huren/kamer-renkum/molenweg/kamer-1991853,"{'Woonkamer': ' Gedeeld ', 'Keuken': ' Gedeeld ', 'Badkamer': ' Gedeeld ', 'Toilet': ' Gedeeld ', 'Internet': ' Ja ', 'Energielabel': ' Onbekend ', 'Huisgenoten': '  1 ', 'Geslacht': ' Man ', 'Huisdieren': ' Nee '}",kamer-1991853.html
Coornhertstraat,in Amsterdam,20 m,Totale oppervlakte: 52 m 2,â‚¬ 720,p/m | incl. g/w/e,Gemeubileerd,22-10-2021 tot 28-02-2022,7 uur geleden geplaatst,https://kamernet.nl/huren/kamer-amsterdam/coornhertstraat/kamer-1976681,"{'Woonkamer': ' Geen ', 'Keuken': ' Gedeeld ', 'Badkamer': ' Gedeeld ', 'Toilet': ' Gedeeld ', 'Internet': ' Ja ', 'Energielabel': ' Onbekend ', 'Huisgenoten': '  1 ', 'Geslacht': ' Vrouw ', 'Huisdieren': ' Nee '}",kamer-1976681.html
Bronkhorststraat,in Leiden,45 m,Totaal 2 kamers (1 slaapkamer) ,â‚¬ 1027,p/m | incl. g/w/e,Gestoffeerd,02-10-2021,6 uur geleden geplaatst,https://kamernet.nl/huren/appartement-leiden/bronkhorststraat/appartement-1982616,"{'Woonkamer': ' Eigen ', 'Keuken': ' Eigen ', 'Badkamer': ' Eigen ', 'Toilet': ' Eigen ', 'Internet': ' Ja ', 'Energielabel': ' F ', 'Huisdieren': ' Nee '}",appartement-1982616.html
Gerard ter Borghstraat,in Groningen,12 m,Totale oppervlakte: 40 m 2,â‚¬ 245,p/m | excl. g/w/e,Kaal,01-11-2021,6 uur geleden geplaatst,https://kamernet.nl/huren/kamer-groningen/gerard-ter-borghstraat/kamer-1991839,"{'Woonkamer': ' Eigen ', 'Keuken': ' Gedeeld ', 'Badkamer': ' Gedeeld ', 'Toilet': ' Gedeeld ', 'Internet': ' Ja ', 'Energielabel': ' Onbekend ', 'Huisgenoten': '  1 ', 'Geslacht': ' Vrouw ', 'Huisdieren': ' In overleg '}",kamer-1991839.html
Aris van der Leystraat,in Zaandijk,15 m,,â‚¬ 600,p/m | incl. g/w/e,Gemeubileerd,10-10-2021 tot 10-01-2022,6 uur geleden geplaatst,https://kamernet.nl/huren/kamer-zaandijk/aris-van-der-leystraat/kamer-1991835,"{'Woonkamer': ' Geen ', 'Keuken': ' Gedeeld ', 'Badkamer': ' Gedeeld ', 'Toilet': ' Gedeeld ', 'Internet': ' Ja ', 'Energielabel': ' Onbekend ', 'Huisgenoten': '  1 ', 'Geslacht': ' Gemengd ', 'Huisdieren': ' Nee '}",kamer-1991835.html
Nieuweweg,in Breda,11 m,Totale oppervlakte: 70 m 2,â‚¬ 770,p/m | incl. g/w/e,Gemeubileerd,01-11-2021,6 uur geleden geplaatst,https://kamernet.nl/huren/kamer-breda/nieuweweg/kamer-1991844,"{'Woonkamer': ' Gedeeld ', 'Keuken': ' Gedeeld ', 'Badkamer': ' Gedeeld ', 'Toilet': ' Gedeeld ', 'Internet': ' Ja ', 'Energielabel': ' Onbekend ', 'Huisgenoten': '  1 ', 'Geslacht': ' Man ', 'Huisdieren': ' In overleg '}",kamer-1991844.html
Dr. Benthemstraat,in Enschede,12 m,,â‚¬ 275,p/m | incl. g/w/e,Gestoffeerd,01-11-2021,22 uur geleden geplaatst,https://kamernet.nl/huren/kamer-enschede/dr.-benthemstraat/kamer-1991746,"{'Woonkamer': ' Gedeeld ', 'Keuken': ' Gedeeld ', 'Badkamer': ' Gedeeld ', 'Toilet': ' Gedeeld ', 'Internet': ' Ja ', 'Energielabel': ' Onbekend ', 'Huisgenoten': '  5 ', 'Geslacht': ' Gemengd ', 'Huisdieren': ' Nee '}",kamer-1991746.html
Apollolaan,in Leiden,86 m,Totaal 3 kamers (2 slaapkamers) ,â‚¬ 1800,p/m | excl. g/w/e,Gemeubileerd,07-01-2022,20 uur geleden geplaatst,https://kamernet.nl/huren/appartement-leiden/apollolaan/appartement-1991106,"{'Woonkamer': ' Eigen ', 'Keuken': ' Eigen ', 'Badkamer': ' Eigen ', 'Toilet': ' Eigen ', 'Internet': ' Nee ', 'Energielabel': ' Onbekend ', 'Huisdieren': ' Ja '}",appartement-1991106.html
Hoofdstraat,in Schiedam,22 m,,â‚¬ 390,p/m | incl. g/w/e,Gemeubileerd,01-01-2022,6 uur geleden geplaatst,https://kamernet.nl/huren/kamer-schiedam/hoofdstraat/kamer-1991842,"{'Woonkamer': ' Eigen ', 'Keuken': ' Gedeeld ', 'Badkamer': ' Gedeeld ', 'Toilet': ' Gedeeld ', 'Internet': ' Ja ', 'Energielabel': ' Onbekend ', 'Huisgenoten': '  1 ', 'Geslacht': ' Man ', 'Huisdieren': ' Ja '}",kamer-1991842.html
Flevostraat,in Purmerend,10 m,,â‚¬ 490,p/m | incl. g/w/e,Gemeubileerd,02-10-2021,5 uur geleden geplaatst,https://kamernet.nl/huren/kamer-purmerend/flevostraat/kamer-1991864,"{'Woonkamer': ' Gedeeld ', 'Keuken': ' Gedeeld ', 'Badkamer': ' Gedeeld ', 'Toilet': ' Gedeeld ', 'Internet': ' Ja ', 'Energielabel': ' Onbekend ', 'Huisgenoten': '  1 ', 'Geslacht': ' Man ', 'Huisdieren': ' Nee '}",kamer-1991864.html
Teilingerstraat,in Rotterdam,20 m,,â‚¬ 640,p/m | incl. g/w/e,Gestoffeerd,17-10-2021,Gisteren geplaatst,https://kamernet.nl/huren/kamer-rotterdam/teilingerstraat/kamer-1991717,"{'Woonkamer': ' Geen ', 'Keuken': ' Gedeeld ', 'Badkamer': ' Gedeeld ', 'Toilet': ' Gedeeld ', 'Internet': ' Ja ', 'Energielabel': ' Onbekend ', 'Huisgenoten': '  2 ', 'Geslacht': ' Vrouw ', 'Huisdieren': ' Nee '}",kamer-1991717.html
Willem Lorestraat,in Leeuwarden,6 m,,â‚¬ 300,p/m | incl. g/w/e,Gemeubileerd,02-10-2021 tot 02-02-2022,5 uur geleden geplaatst,https://kamernet.nl/huren/kamer-leeuwarden/willem-lorestraat/kamer-1991854,"{'Woonkamer': ' Gedeeld ', 'Keuken': ' Gedeeld ', 'Badkamer': ' Gedeeld ', 'Toilet': ' Gedeeld ', 'Internet': ' Ja ', 'Energielabel': ' Onbekend ', 'Huisgenoten': '  Onbekend  ', 'Geslacht': ' Onbekend ', 'Huisdieren': ' Ja '}",kamer-1991854.html
Sara Burgerhartstraat,in Amsterdam,15 m,Totale oppervlakte: 77 m 2,â‚¬ 1000,p/m | incl. g/w/e,Gemeubileerd,30-10-2021,6 uur geleden geplaatst,https://kamernet.nl/huren/kamer-amsterdam/sara-burgerhartstraat/kamer-1991843,"{'Woonkamer': ' Gedeeld ', 'Keuken': ' Gedeeld ', 'Badkamer': ' Gedeeld ', 'Toilet': ' Gedeeld ', 'Internet': ' Ja ', 'Energielabel': ' Onbekend ', 'Huisgenoten': '  1 ', 'Geslacht': ' Man ', 'Huisdieren': ' Nee '}",kamer-1991843.html
Lutmastraat,in Amsterdam,18 m,,â‚¬ 850,p/m | incl. g/w/e,Kaal,02-10-2021 tot 01-06-2022,3 uur geleden geplaatst,https://kamernet.nl/huren/kamer-amsterdam/lutmastraat/kamer-1991878,"{'Woonkamer': ' Eigen ', 'Keuken': ' Gedeeld ', 'Badkamer': ' Gedeeld ', 'Toilet': ' Gedeeld ', 'Internet': ' Nee ', 'Energielabel': ' Onbekend ', 'Huisgenoten': '  1 ', 'Geslacht': ' Man ', 'Huisdieren': ' Nee '}",kamer-1991878.html
Daniel Stalpertstraat,in Amsterdam,70 m,Totaal 2 kamers (1 slaapkamer) ,â‚¬ 1250,p/m | incl. g/w/e,Gemeubileerd,01-11-2021 tot 28-02-2022,4 uur geleden geplaatst,https://kamernet.nl/huren/appartement-amsterdam/daniel-stalpertstraat/appartement-1991868,"{'Woonkamer': ' Eigen ', 'Keuken': ' Eigen ', 'Badkamer': ' Eigen ', 'Toilet': ' Eigen ', 'Internet': ' Ja ', 'Energielabel': ' Onbekend ', 'Huisdieren': ' Nee '}",appartement-1991868.html
Roerdomplaan,in Aalsmeer,22 m,,â‚¬ 500,p/m | incl. g/w/e,Gemeubileerd,01-11-2021,Gisteren geplaatst,https://kamernet.nl/huren/kamer-aalsmeer/roerdomplaan/kamer-1991246,"{'Woonkamer': ' Eigen ', 'Keuken': ' Eigen ', 'Badkamer': ' Eigen ', 'Toilet': ' Gedeeld ', 'Internet': ' Ja ', 'Energielabel': ' Onbekend ', 'Huisgenoten': '  2 ', 'Geslacht': ' Gemengd ', 'Huisdieren': ' Nee '}",kamer-1991246.html
Richtersweg,in Enschede,10 m,,â‚¬ 315,p/m | incl. g/w/e,Gestoffeerd,01-11-2021,5 uur geleden geplaatst,https://kamernet.nl/huren/kamer-enschede/richtersweg/kamer-1991855,"{'Woonkamer': ' Gedeeld ', 'Keuken': ' Gedeeld ', 'Badkamer': ' Gedeeld ', 'Toilet': ' Gedeeld ', 'Internet': ' Ja ', 'Energielabel': ' Onbekend ', 'Huisgenoten': '  6 ', 'Geslacht': ' Gemengd ', 'Huisdieren': ' Nee '}",kamer-1991855.html
Gouden Leeuw,in Amsterdam,12 m,,â‚¬ 438,p/m | incl. g/w/e,Kaal,08-11-2021,3 uur geleden geplaatst,https://kamernet.nl/huren/kamer-amsterdam/gouden-leeuw/kamer-1695010,"{'Woonkamer': ' Gedeeld ', 'Keuken': ' Gedeeld ', 'Badkamer': ' Gedeeld ', 'Toilet': ' Gedeeld ', 'Internet': ' Ja ', 'Energielabel': ' Onbekend ', 'Huisgenoten': '  Onbekend  ', 'Geslacht': ' Onbekend ', 'Huisdieren': ' Nee '}",kamer-1695010.html
Gijsingstraat,in Rotterdam,65 m,Totaal 4 kamers,â‚¬ 1195,p/m | excl. g/w/e,Gestoffeerd,02-10-2021,8 uur geleden geplaatst,https://kamernet.nl/huren/appartement-rotterdam/gijsingstraat/appartement-1991792,"{'Woonkamer': ' Onbekend ', 'Keuken': ' Onbekend ', 'Badkamer': ' Onbekend ', 'Toilet': ' Onbekend ', 'Internet': ' Onbekend ', 'Energielabel': ' Onbekend ', 'Huisdieren': ' In overleg '}",appartement-1991792.html
Voetjesstraat,in Rotterdam,53 m,Totaal 3 kamers,â‚¬ 875,p/m | excl. g/w/e,Gestoffeerd,02-10-2021,8 uur geleden geplaatst,https://kamernet.nl/huren/appartement-rotterdam/voetjesstraat/appartement-1991791,"{'Woonkamer': ' Onbekend ', 'Keuken': ' Onbekend ', 'Badkamer': ' Onbekend ', 'Toilet': ' Onbekend ', 'Internet': ' Onbekend ', 'Energielabel': ' Onbekend ', 'Huisdieren': ' In overleg '}",appartement-1991791.html
1e Pijnackerstraat,in Rotterdam,35 m,Totaal 2 kamers (1 slaapkamer) ,â‚¬ 1350,p/m | incl. g/w/e,Gemeubileerd,01-10-2021 tot 01-10-2022,Gisteren geplaatst,https://kamernet.nl/huren/appartement-rotterdam/1e-pijnackerstraat/appartement-1991721,"{'Woonkamer': ' Eigen ', 'Keuken': ' Eigen ', 'Badkamer': ' Eigen ', 'Toilet': ' Eigen ', 'Internet': ' Ja ', 'Energielabel': ' Onbekend ', 'Huisdieren': ' Nee '}",appartement-1991721.html
Johan de Wittlaan,in Arnhem,25 m,Totaal 2 kamers (1 slaapkamer) ,â‚¬ 675,p/m | incl. g/w/e,Gestoffeerd,16-10-2021,8 uur geleden geplaatst,https://kamernet.nl/huren/studio-arnhem/johan-de-wittlaan/studio-1991782,"{'Woonkamer': ' Eigen ', 'Keuken': ' Eigen ', 'Badkamer': ' Eigen ', 'Toilet': ' Eigen ', 'Internet': ' Ja ', 'Energielabel': ' Onbekend ', 'Huisdieren': ' Nee '}",studio-1991782.html
Tweede Jan Steenstraat,in Amsterdam,15 m,,â‚¬ 714,p/m | incl. g/w/e,Gestoffeerd,01-11-2021,8 uur geleden geplaatst,https://kamernet.nl/huren/kamer-amsterdam/tweede-jan-steenstraat/kamer-1991798,"{'Woonkamer': ' Gedeeld ', 'Keuken': ' Gedeeld ', 'Badkamer': ' Gedeeld ', 'Toilet': ' Gedeeld ', 'Internet': ' Ja ', 'Energielabel': ' Onbekend ', 'Huisgenoten': '  2 ', 'Geslacht': ' Man ', 'Huisdieren': ' Nee '}",kamer-1991798.html
Voor-Oventje,in Zeeland,60 m,Totaal 2 kamers (1 slaapkamer) ,â‚¬ 950,p/m | incl. g/w/e,Gemeubileerd,01-11-2021 tot 01-04-2022,8 uur geleden geplaatst,https://kamernet.nl/huren/studio-zeeland/voor-oventje/studio-1991789,"{'Woonkamer': ' Eigen ', 'Keuken': ' Eigen ', 'Badkamer': ' Eigen ', 'Toilet': ' Eigen ', 'Internet': ' Ja ', 'Energielabel': ' Onbekend ', 'Huisdieren': ' Nee '}",studio-1991789.html
Pulvertorenstraat,in Leek,16 m,Totale oppervlakte: 100 m 2,â‚¬ 350,p/m | incl. g/w/e,Kaal,07-10-2021,8 uur geleden geplaatst,https://kamernet.nl/huren/kamer-leek/pulvertorenstraat/kamer-1991807,"{'Woonkamer': ' Gedeeld ', 'Keuken': ' Gedeeld ', 'Badkamer': ' Gedeeld ', 'Toilet': ' Gedeeld ', 'Internet': ' Ja ', 'Energielabel': ' Onbekend ', 'Huisgenoten': '  1 ', 'Geslacht': ' Man ', 'Huisdieren': ' In overleg '}",kamer-1991807.html
Hamseweg,in Hoogland,112 m,Totaal 3 kamers,â‚¬ 1450,p/m | excl. g/w/e,Gestoffeerd,11-10-2021,12 uur geleden geplaatst,https://kamernet.nl/huren/appartement-hoogland/hamseweg/appartement-1991768,"{'Woonkamer': ' Onbekend ', 'Keuken': ' Onbekend ', 'Badkamer': ' Onbekend ', 'Toilet': ' Onbekend ', 'Internet': ' Onbekend ', 'Energielabel': ' Onbekend ', 'Huisdieren': ' Nee '}",appartement-1991768.html
Minnemastraat,in Leeuwarden,52 m,Totaal 2 kamers (1 slaapkamer) ,â‚¬ 752,p/m | excl. g/w/e,Gestoffeerd,02-10-2021,7 uur geleden geplaatst,https://kamernet.nl/huren/appartement-leeuwarden/minnemastraat/appartement-1991810,"{'Woonkamer': ' Eigen ', 'Keuken': ' Eigen ', 'Badkamer': ' Eigen ', 'Toilet': ' Eigen ', 'Internet': ' Onbekend ', 'Energielabel': ' Onbekend ', 'Huisdieren': ' Nee '}",appartement-1991810.html
Minnemastraat,in Leeuwarden,80 m,Totaal 3 kamers (2 slaapkamers) ,â‚¬ 1095,p/m | excl. g/w/e,Gestoffeerd,02-10-2021,7 uur geleden geplaatst,https://kamernet.nl/huren/appartement-leeuwarden/minnemastraat/appartement-1991808,"{'Woonkamer': ' Eigen ', 'Keuken': ' Eigen ', 'Badkamer': ' Eigen ', 'Toilet': ' Eigen ', 'Internet': ' Ja ', 'Energielabel': ' Onbekend ', 'Huisdieren': ' Nee '}",appartement-1991808.html
Butenstreek,in Warten,80 m,Totaal 4 kamers (3 slaapkamers) ,â‚¬ 1450,p/m | excl. g/w/e,Gemeubileerd,01-11-2021 tot 01-04-2022,7 uur geleden geplaatst,https://kamernet.nl/huren/appartement-warten/butenstreek/appartement-1991537,"{'Woonkamer': ' Eigen ', 'Keuken': ' Eigen ', 'Badkamer': ' Eigen ', 'Toilet': ' Eigen ', 'Internet': ' Onbekend ', 'Energielabel': ' Onbekend ', 'Huisdieren': ' Nee '}",appartement-1991537.html
Minnemastraat,in Leeuwarden,52 m,Totaal 2 kamers (1 slaapkamer) ,â‚¬ 752,p/m | excl. g/w/e,Gestoffeerd,30-09-2021,7 uur geleden geplaatst,https://kamernet.nl/huren/appartement-leeuwarden/minnemastraat/appartement-1991536,"{'Woonkamer': ' Eigen ', 'Keuken': ' Eigen ', 'Badkamer': ' Eigen ', 'Toilet': ' Eigen ', 'Internet': ' Onbekend ', 'Energielabel': ' Onbekend ', 'Huisdieren': ' Nee '}",appartement-1991536.html
Mijnsherenlaan,in Rotterdam,62 m,Totaal 3 kamers,â‚¬ 945,p/m | excl. g/w/e,Gestoffeerd,02-10-2021,8 uur geleden geplaatst,https://kamernet.nl/huren/appartement-rotterdam/mijnsherenlaan/appartement-1991790,"{'Woonkamer': ' Onbekend ', 'Keuken': ' Onbekend ', 'Badkamer': ' Onbekend ', 'Toilet': ' Onbekend ', 'Internet': ' Onbekend ', 'Energielabel': ' Onbekend ', 'Huisdieren': ' In overleg '}",appartement-1991790.html
Koningin Wilhelminaplein,in Amsterdam,13 m,Totale oppervlakte: 66 m 2,â‚¬ 700,p/m | incl. g/w/e,Gestoffeerd,01-11-2021,2 uur geleden geplaatst,https://kamernet.nl/huren/kamer-amsterdam/koningin-wilhelminaplein/kamer-1991866,"{'Woonkamer': ' Gedeeld ', 'Keuken': ' Gedeeld ', 'Badkamer': ' Gedeeld ', 'Toilet': ' Gedeeld ', 'Internet': ' Ja ', 'Energielabel': ' A ', 'Huisgenoten': '  2 ', 'Geslacht': ' Gemengd ', 'Huisdieren': ' Nee '}",kamer-1991866.html
Minnemastraat,in Leeuwarden,80 m,Totaal 3 kamers (2 slaapkamers) ,â‚¬ 1095,p/m | excl. g/w/e,Gestoffeerd,30-09-2021,7 uur geleden geplaatst,https://kamernet.nl/huren/appartement-leeuwarden/minnemastraat/appartement-1991535,"{'Woonkamer': ' Eigen ', 'Keuken': ' Eigen ', 'Badkamer': ' Eigen ', 'Toilet': ' Eigen ', 'Internet': ' Ja ', 'Energielabel': ' Onbekend ', 'Huisdieren': ' Nee '}",appartement-1991535.html
Teilingenstraat,in Breda,15 m,,â‚¬ 680,p/m | incl. g/w/e,Gemeubileerd,30-10-2021,2 uur geleden geplaatst,https://kamernet.nl/huren/kamer-breda/teilingenstraat/kamer-1991857,"{'Woonkamer': ' Geen ', 'Keuken': ' Gedeeld ', 'Badkamer': ' Gedeeld ', 'Toilet': ' Gedeeld ', 'Internet': ' Ja ', 'Energielabel': ' Onbekend ', 'Huisgenoten': '  1 ', 'Geslacht': ' Onbekend ', 'Huisdieren': ' Nee '}",kamer-1991857.html
Hofgeest,in Amsterdam,9 m,Totale oppervlakte: 38 m 2,â‚¬ 750,p/m | incl. g/w/e,Gemeubileerd,02-10-2021,2 uur geleden geplaatst,https://kamernet.nl/huren/kamer-amsterdam/hofgeest/kamer-1991879,"{'Woonkamer': ' Geen ', 'Keuken': ' Gedeeld ', 'Badkamer': ' Gedeeld ', 'Toilet': ' Gedeeld ', 'Internet': ' Ja ', 'Energielabel': ' Onbekend ', 'Huisgenoten': '  Onbekend  ', 'Geslacht': ' Onbekend ', 'Huisdieren': ' Nee '}",kamer-1991879.html
Krabbendijkehof,in Rotterdam,70 m,Totaal 3 kamers (2 slaapkamers) ,â‚¬ 1350,p/m | excl. g/w/e,Gestoffeerd,01-11-2021,2 uur geleden geplaatst,https://kamernet.nl/huren/appartement-rotterdam/krabbendijkehof/appartement-1991861,"{'Woonkamer': ' Eigen ', 'Keuken': ' Eigen ', 'Badkamer': ' Eigen ', 'Toilet': ' Eigen ', 'Internet': ' Nee ', 'Energielabel': ' A ', 'Huisdieren': ' In overleg '}",appartement-1991861.html
Talingweg,in Apeldoorn,16 m,Totale oppervlakte: 94 m 2,â‚¬ 450,p/m | incl. g/w/e,Kaal,01-12-2021 tot 01-03-2022,2 uur geleden geplaatst,https://kamernet.nl/huren/kamer-apeldoorn/talingweg/kamer-1991877,"{'Woonkamer': ' Gedeeld ', 'Keuken': ' Gedeeld ', 'Badkamer': ' Gedeeld ', 'Toilet': ' Gedeeld ', 'Internet': ' Ja ', 'Energielabel': ' C ', 'Huisgenoten': '  1 ', 'Geslacht': ' Vrouw ', 'Huisdieren': ' In overleg '}",kamer-1991877.html
Geldropseweg,in Eindhoven,60 m,Totaal 2 kamers (1 slaapkamer) ,â‚¬ 1400,p/m | incl. g/w/e,Gemeubileerd,01-11-2021 tot 30-04-2022,2 uur geleden geplaatst,https://kamernet.nl/huren/appartement-eindhoven/geldropseweg/appartement-1991856,"{'Woonkamer': ' Eigen ', 'Keuken': ' Eigen ', 'Badkamer': ' Eigen ', 'Toilet': ' Eigen ', 'Internet': ' Ja ', 'Energielabel': ' C ', 'Huisdieren': ' In overleg '}",appartement-1991856.html
Blekerstraat,in Enschede,10 m,,â‚¬ 210,p/m | incl. g/w/e,Gemeubileerd,30-11-2021,8 uur geleden geplaatst,https://kamernet.nl/huren/kamer-enschede/blekerstraat/kamer-1991805,"{'Woonkamer': ' Gedeeld ', 'Keuken': ' Gedeeld ', 'Badkamer': ' Gedeeld ', 'Toilet': ' Gedeeld ', 'Internet': ' Ja ', 'Energielabel': ' Onbekend ', 'Huisgenoten': '  8  ', 'Geslacht': ' Gemengd ', 'Huisdieren': ' Nee '}",kamer-1991805.html
Amstelkade,in Amsterdam,40 m,,â‚¬ 1200,p/m | incl. g/w/e,Gemeubileerd,02-10-2021 tot 31-10-2022,2 uur geleden geplaatst,https://kamernet.nl/huren/kamer-amsterdam/amstelkade/kamer-1991880,"{'Woonkamer': ' Eigen ', 'Keuken': ' Eigen ', 'Badkamer': ' Eigen ', 'Toilet': ' Gedeeld ', 'Internet': ' Ja ', 'Energielabel': ' Onbekend ', 'Huisgenoten': '  Onbekend  ', 'Geslacht': ' Onbekend ', 'Huisdieren': ' Nee '}",kamer-1991880.html
Neuweg,in Hilversum,60 m,Totaal 2 kamers,â‚¬ 1175,p/m | excl. g/w/e,Gestoffeerd,02-10-2021,8 uur geleden geplaatst,https://kamernet.nl/huren/appartement-hilversum/neuweg/appartement-1991793,"{'Woonkamer': ' Onbekend ', 'Keuken': ' Onbekend ', 'Badkamer': ' Onbekend ', 'Toilet': ' Onbekend ', 'Internet': ' Onbekend ', 'Energielabel': ' Onbekend ', 'Huisdieren': ' In overleg '}",appartement-1991793.html
Polsbroekstraat,in Den Haag,15 m,,â‚¬ 475,p/m | incl. g/w/e,Gemeubileerd,03-10-2021 tot 04-01-2022,2 uur geleden geplaatst,https://kamernet.nl/huren/studio-den-haag/polsbroekstraat/studio-1991875,"{'Woonkamer': ' Geen ', 'Keuken': ' Gedeeld ', 'Badkamer': ' Gedeeld ', 'Toilet': ' Gedeeld ', 'Internet': ' Ja ', 'Energielabel': ' C ', 'Huisdieren': ' Nee '}",studio-1991875.html
Polsbroekstraat,in Den Haag,15 m,,â‚¬ 475,p/m | incl. g/w/e,Gemeubileerd,03-10-2021 tot 04-01-2022,2 uur geleden geplaatst,https://kamernet.nl/huren/kamer-den-haag/polsbroekstraat/kamer-1991874,"{'Woonkamer': ' Geen ', 'Keuken': ' Gedeeld ', 'Badkamer': ' Gedeeld ', 'Toilet': ' Gedeeld ', 'Internet': ' Ja ', 'Energielabel': ' Onbekend ', 'Huisgenoten': '  1 ', 'Geslacht': ' Vrouw ', 'Huisdieren': ' Nee '}",kamer-1991874.html
Courbetstraat,in Amsterdam,30 m,Totaal 1 kamer,â‚¬ 905,p/m | excl. g/w/e,Gemeubileerd,02-10-2021,2 uur geleden geplaatst,https://kamernet.nl/huren/appartement-amsterdam/courbetstraat/appartement-1991794,"{'Woonkamer': ' Onbekend ', 'Keuken': ' Onbekend ', 'Badkamer': ' Onbekend ', 'Toilet': ' Onbekend ', 'Internet': ' Onbekend ', 'Energielabel': ' Onbekend ', 'Huisdieren': ' In overleg '}",appartement-1991794.html
Mariaplein,in Helden,16 m,Totale oppervlakte: 500 m 2,â‚¬ 350,p/m | incl. g/w/e,Kaal,10-10-2021 tot 10-10-2022,8 uur geleden geplaatst,https://kamernet.nl/huren/kamer-helden/mariaplein/kamer-1991827,"{'Woonkamer': ' Geen ', 'Keuken': ' Gedeeld ', 'Badkamer': ' Eigen ', 'Toilet': ' Gedeeld ', 'Internet': ' Ja ', 'Energielabel': ' Onbekend ', 'Huisgenoten': '  3 ', 'Geslacht': ' Man ', 'Huisdieren': ' Nee '}",kamer-1991827.html
Steekkant,in Barendrecht,15 m,Totale oppervlakte: 165 m 2,â‚¬ 500,p/m | incl. g/w/e,Gemeubileerd,08-10-2021,8 uur geleden geplaatst,https://kamernet.nl/huren/kamer-barendrecht/steekkant/kamer-1991776,"{'Woonkamer': ' Gedeeld ', 'Keuken': ' Gedeeld ', 'Badkamer': ' Gedeeld ', 'Toilet': ' Eigen ', 'Internet': ' Ja ', 'Energielabel': ' A ', 'Huisgenoten': '  2 ', 'Geslacht': ' Gemengd ', 'Huisdieren': ' In overleg '}",kamer-1991776.html
Mgr. van de Weteringstraat,in Utrecht,10 m,,â‚¬ 350,p/m | incl. g/w/e,Gemeubileerd,01-10-2021 tot 01-10-2023,Gisteren geplaatst,https://kamernet.nl/huren/kamer-utrecht/mgr.-van-de-weteringstraat/kamer-1991627,"{'Woonkamer': ' Geen ', 'Keuken': ' Gedeeld ', 'Badkamer': ' Gedeeld ', 'Toilet': ' Gedeeld ', 'Internet': ' Ja ', 'Energielabel': ' Onbekend ', 'Huisgenoten': '  5 ', 'Geslacht': ' Gemengd ', 'Huisdieren': ' Nee '}",kamer-1991627.html
Kleine Beer,in Groningen,37 m,Totaal 1 kamer (1 slaapkamer) ,â‚¬ 750,p/m | incl. g/w/e,Gemeubileerd,06-10-2021,Gisteren geplaatst,https://kamernet.nl/huren/studio-groningen/kleine-beer/studio-1991631,"{'Woonkamer': ' Eigen ', 'Keuken': ' Eigen ', 'Badkamer': ' Eigen ', 'Toilet': ' Eigen ', 'Internet': ' Ja ', 'Energielabel': ' Onbekend ', 'Huisdieren': ' Nee '}",studio-1991631.html
Westersingel,in Groningen,12 m,,â‚¬ 260,p/m | incl. g/w/e,Gestoffeerd,18-10-2021,1 uur geleden geplaatst,https://kamernet.nl/huren/kamer-groningen/westersingel/kamer-1991889,"{'Woonkamer': ' Geen ', 'Keuken': ' Gedeeld ', 'Badkamer': ' Gedeeld ', 'Toilet': ' Gedeeld ', 'Internet': ' Ja ', 'Energielabel': ' Onbekend ', 'Huisgenoten': '  8  ', 'Geslacht': ' Gemengd ', 'Huisdieren': ' Nee '}",kamer-1991889.html
Belkmerweg,in Burgerbrug,65 m,Totaal 2 kamers (1 slaapkamer) ,â‚¬ 680,p/m | excl. g/w/e,Gemeubileerd,01-10-2021,Gisteren geplaatst,https://kamernet.nl/huren/appartement-burgerbrug/belkmerweg/appartement-1991635,"{'Woonkamer': ' Eigen ', 'Keuken': ' Eigen ', 'Badkamer': ' Eigen ', 'Toilet': ' Eigen ', 'Internet': ' Ja ', 'Energielabel': ' Onbekend ', 'Huisdieren': ' Nee '}",appartement-1991635.html
Leidsegracht,in Amsterdam,10 m,Totale oppervlakte: 120 m 2,â‚¬ 680,p/m | incl. g/w/e,Gemeubileerd,14-10-2021 tot 31-12-2021,8 uur geleden geplaatst,https://kamernet.nl/huren/kamer-amsterdam/leidsegracht/kamer-1991784,"{'Woonkamer': ' Gedeeld ', 'Keuken': ' Gedeeld ', 'Badkamer': ' Gedeeld ', 'Toilet': ' Gedeeld ', 'Internet': ' Ja ', 'Energielabel': ' Onbekend ', 'Huisgenoten': '  3 ', 'Geslacht': ' Man ', 'Huisdieren': ' Nee '}",kamer-1991784.html
Molenstraat,in Vught,12 m,Totale oppervlakte: 50 m 2,â‚¬ 475,p/m | incl. g/w/e,Gemeubileerd,01-10-2021 tot 01-08-2022,Gisteren geplaatst,https://kamernet.nl/huren/kamer-vught/molenstraat/kamer-1991450,"{'Woonkamer': ' Gedeeld ', 'Keuken': ' Gedeeld ', 'Badkamer': ' Gedeeld ', 'Toilet': ' Gedeeld ', 'Internet': ' Ja ', 'Energielabel': ' D ', 'Huisgenoten': '  4  ', 'Geslacht': ' Vrouw ', 'Huisdieren': ' Nee '}",kamer-1991450.html
Nieuwe Blekerstraat,in Groningen,7 m,,â‚¬ 375,p/m | incl. g/w/e,Gestoffeerd,01-10-2021,Gisteren geplaatst,https://kamernet.nl/huren/kamer-groningen/nieuwe-blekerstraat/kamer-1991648,"{'Woonkamer': ' Gedeeld ', 'Keuken': ' Gedeeld ', 'Badkamer': ' Gedeeld ', 'Toilet': ' Gedeeld ', 'Internet': ' Ja ', 'Energielabel': ' Onbekend ', 'Huisgenoten': '  2 ', 'Geslacht': ' Gemengd ', 'Huisdieren': ' Nee '}",kamer-1991648.html
Grutterstraat,in Rhenen,27 m,Totaal 1 kamer (1 slaapkamer) ,â‚¬ 520,p/m | incl. g/w/e,Gestoffeerd,01-11-2021,2 uur geleden geplaatst,https://kamernet.nl/huren/studio-rhenen/grutterstraat/studio-1991865,"{'Woonkamer': ' Eigen ', 'Keuken': ' Eigen ', 'Badkamer': ' Eigen ', 'Toilet': ' Eigen ', 'Internet': ' Ja ', 'Energielabel': ' B ', 'Huisdieren': ' Nee '}",studio-1991865.html
Krommedijk,in Dordrecht,8 m,,â‚¬ 700,p/m | incl. g/w/e,Gemeubileerd,01-10-2021,Gisteren geplaatst,https://kamernet.nl/huren/kamer-dordrecht/krommedijk/kamer-1991633,"{'Woonkamer': ' Gedeeld ', 'Keuken': ' Gedeeld ', 'Badkamer': ' Gedeeld ', 'Toilet': ' Gedeeld ', 'Internet': ' Ja ', 'Energielabel': ' A ', 'Huisgenoten': '  3 ', 'Geslacht': ' Man ', 'Huisdieren': ' Nee '}",kamer-1991633.html
Delftweg,in Rijswijk,30 m,,â‚¬ 600,p/m | incl. g/w/e,Gestoffeerd,05-10-2021 tot 01-11-2023,Gisteren geplaatst,https://kamernet.nl/huren/kamer-rijswijk/delftweg/kamer-1991628,"{'Woonkamer': ' Eigen ', 'Keuken': ' Gedeeld ', 'Badkamer': ' Gedeeld ', 'Toilet': ' Gedeeld ', 'Internet': ' Ja ', 'Energielabel': ' Onbekend ', 'Huisgenoten': '  6 ', 'Geslacht': ' Gemengd ', 'Huisdieren': ' Nee '}",kamer-1991628.html
Borglaan,in Oostwold,23 m,,â‚¬ 500,p/m | incl. g/w/e,Gemeubileerd,02-10-2021 tot 01-01-2022,Gisteren geplaatst,https://kamernet.nl/huren/kamer-oostwold/borglaan/kamer-1991615,"{'Woonkamer': ' Eigen ', 'Keuken': ' Geen ', 'Badkamer': ' Eigen ', 'Toilet': ' Eigen ', 'Internet': ' Ja ', 'Energielabel': ' B ', 'Huisgenoten': '  Onbekend  ', 'Geslacht': ' Onbekend ', 'Huisdieren': ' Nee '}",kamer-1991615.html
Beukenweg,in Onstwedde,24 m,Totale oppervlakte: 45 m 2,â‚¬ 350,p/m | excl. g/w/e,Gemeubileerd,01-10-2021 tot 01-07-2022,Gisteren geplaatst,https://kamernet.nl/huren/kamer-onstwedde/beukenweg/kamer-1991638,"{'Woonkamer': ' Eigen ', 'Keuken': ' Gedeeld ', 'Badkamer': ' Gedeeld ', 'Toilet': ' Gedeeld ', 'Internet': ' Ja ', 'Energielabel': ' G ', 'Huisgenoten': '  Onbekend  ', 'Geslacht': ' Onbekend ', 'Huisdieren': ' Nee '}",kamer-1991638.html
Voorzorgstraat,in Haarlem,20 m,,â‚¬ 525,p/m | incl. g/w/e,Gestoffeerd,01-11-2021,Gisteren geplaatst,https://kamernet.nl/huren/kamer-haarlem/voorzorgstraat/kamer-1991632,"{'Woonkamer': ' Eigen ', 'Keuken': ' Gedeeld ', 'Badkamer': ' Gedeeld ', 'Toilet': ' Gedeeld ', 'Internet': ' Ja ', 'Energielabel': ' Onbekend ', 'Huisgenoten': '  3 ', 'Geslacht': ' Vrouw ', 'Huisdieren': ' Nee '}",kamer-1991632.html
Klokkenplas,in Enschede,13 m,,â‚¬ 350,p/m | incl. g/w/e,Kaal,01-10-2021,Gisteren geplaatst,https://kamernet.nl/huren/kamer-enschede/klokkenplas/kamer-1991634,"{'Woonkamer': ' Gedeeld ', 'Keuken': ' Gedeeld ', 'Badkamer': ' Gedeeld ', 'Toilet': ' Gedeeld ', 'Internet': ' Ja ', 'Energielabel': ' Onbekend ', 'Huisgenoten': '  3 ', 'Geslacht': ' Gemengd ', 'Huisdieren': ' Nee '}",kamer-1991634.html
Parkstraat,in Arnhem,32 m,,â‚¬ 525,p/m | incl. g/w/e,Gestoffeerd,01-11-2021,Gisteren geplaatst,https://kamernet.nl/huren/kamer-arnhem/parkstraat/kamer-1991629,"{'Woonkamer': ' Eigen ', 'Keuken': ' Gedeeld ', 'Badkamer': ' Gedeeld ', 'Toilet': ' Gedeeld ', 'Internet': ' Ja ', 'Energielabel': ' Onbekend ', 'Huisgenoten': '  Meer dan 8 ', 'Geslacht': ' Gemengd ', 'Huisdieren': ' Nee '}",kamer-1991629.html
Tilly Luspad,in Zaandam,20 m,,â‚¬ 650,p/m | incl. g/w/e,Gemeubileerd,15-10-2021,2 uur geleden geplaatst,https://kamernet.nl/huren/kamer-zaandam/tilly-luspad/kamer-1991867,"{'Woonkamer': ' Gedeeld ', 'Keuken': ' Gedeeld ', 'Badkamer': ' Gedeeld ', 'Toilet': ' Gedeeld ', 'Internet': ' Ja ', 'Energielabel': ' Onbekend ', 'Huisgenoten': '  3 ', 'Geslacht': ' Gemengd ', 'Huisdieren': ' Nee '}",kamer-1991867.html
Cornelis van Vollenhovenstraat,in Amsterdam,15 m,,â‚¬ 625,p/m | incl. g/w/e,Gemeubileerd,01-11-2021,3 dagen geleden geplaatst,https://kamernet.nl/huren/kamer-amsterdam/cornelis-van-vollenhovenstraat/kamer-1991169,"{'Woonkamer': ' Geen ', 'Keuken': ' Gedeeld ', 'Badkamer': ' Gedeeld ', 'Toilet': ' Gedeeld ', 'Internet': ' Ja ', 'Energielabel': ' Onbekend ', 'Huisgenoten': '  3 ', 'Geslacht': ' Man ', 'Huisdieren': ' Nee '}",kamer-1991169.html
Russischestraat,in Rotterdam,10 m,,â‚¬ 400,p/m | incl. g/w/e,Gemeubileerd,29-09-2021,3 dagen geleden geplaatst,https://kamernet.nl/huren/kamer-rotterdam/russischestraat/kamer-1991163,"{'Woonkamer': ' Eigen ', 'Keuken': ' Gedeeld ', 'Badkamer': ' Gedeeld ', 'Toilet': ' Gedeeld ', 'Internet': ' Ja ', 'Energielabel': ' Onbekend ', 'Huisgenoten': '  1 ', 'Geslacht': ' Onbekend ', 'Huisdieren': ' Nee '}",kamer-1991163.html
Klikspaanweg,in Leiden,11 m,,â‚¬ 355,p/m | incl. g/w/e,Gestoffeerd,01-11-2021,2 uur geleden geplaatst,https://kamernet.nl/huren/kamer-leiden/klikspaanweg/kamer-1991881,"{'Woonkamer': ' Gedeeld ', 'Keuken': ' Gedeeld ', 'Badkamer': ' Eigen ', 'Toilet': ' Eigen ', 'Internet': ' Ja ', 'Energielabel': ' Onbekend ', 'Huisgenoten': '  Meer dan 8 ', 'Geslacht': ' Gemengd ', 'Huisdieren': ' Nee '}",kamer-1991881.html
Burgwal,in Delft,12 m,Totale oppervlakte: 100 m 2,â‚¬ 407,p/m | incl. g/w/e,Gestoffeerd,20-10-2021,4 dagen geleden geplaatst,https://kamernet.nl/huren/kamer-delft/burgwal/kamer-1991030,"{'Woonkamer': ' Gedeeld ', 'Keuken': ' Gedeeld ', 'Badkamer': ' Gedeeld ', 'Toilet': ' Gedeeld ', 'Internet': ' Ja ', 'Energielabel': ' Onbekend ', 'Huisgenoten': '  3 ', 'Geslacht': ' Gemengd ', 'Huisdieren': ' Nee '}",kamer-1991030.html
Fluitekruid,in Breukelen,150 m,Totaal 5 kamers (4 slaapkamers) ,â‚¬ 1300,p/m | incl. g/w/e,Gemeubileerd,01-10-2021 tot 28-02-2022,4 dagen geleden geplaatst,https://kamernet.nl/huren/appartement-breukelen/fluitekruid/appartement-1990919,"{'Woonkamer': ' Eigen ', 'Keuken': ' Eigen ', 'Badkamer': ' Eigen ', 'Toilet': ' Eigen ', 'Internet': ' Ja ', 'Energielabel': ' Onbekend ', 'Huisdieren': ' Nee '}",appartement-1990919.html
Reviusrondeel,in Capelle aan den IJssel,8 m,Totale oppervlakte: 40 m 2,â‚¬ 375,p/m | incl. g/w/e,Gestoffeerd,01-10-2021 tot 01-03-2022,5 dagen geleden geplaatst,https://kamernet.nl/huren/kamer-capelle-aan-den-ijssel/reviusrondeel/kamer-1990902,"{'Woonkamer': ' Gedeeld ', 'Keuken': ' Gedeeld ', 'Badkamer': ' Gedeeld ', 'Toilet': ' Gedeeld ', 'Internet': ' Ja ', 'Energielabel': ' Onbekend ', 'Huisgenoten': '  3 ', 'Geslacht': ' Man ', 'Huisdieren': ' Nee '}",kamer-1990902.html
De Kommert,in Heerlen,13 m,,â‚¬ 400,p/m | incl. g/w/e,Gestoffeerd,30-09-2021,5 dagen geleden geplaatst,https://kamernet.nl/huren/kamer-heerlen/de-kommert/kamer-1990827,"{'Woonkamer': ' Geen ', 'Keuken': ' Eigen ', 'Badkamer': ' Gedeeld ', 'Toilet': ' Gedeeld ', 'Internet': ' Ja ', 'Energielabel': ' Onbekend ', 'Huisgenoten': '  5 ', 'Geslacht': ' Gemengd ', 'Huisdieren': ' Nee '}",kamer-1990827.html
Nieuwe Kijk in 't Jatstraat,in Groningen,16 m,,â‚¬ 500,p/m | incl. g/w/e,Gemeubileerd,01-10-2021 tot 01-09-2022,5 dagen geleden geplaatst,https://kamernet.nl/huren/kamer-groningen/nieuwe-kijk-in-'t-jatstraat/kamer-1990776,"{'Woonkamer': ' Gedeeld ', 'Keuken': ' Gedeeld ', 'Badkamer': ' Gedeeld ', 'Toilet': ' Gedeeld ', 'Internet': ' Ja ', 'Energielabel': ' E ', 'Huisgenoten': '  2 ', 'Geslacht': ' Gemengd ', 'Huisdieren': ' Nee '}",kamer-1990776.html
Willem Noorlanderkade,in Amsterdam,8 m,Totale oppervlakte: 100 m 2,â‚¬ 635,p/m | incl. g/w/e,Gestoffeerd,25-09-2021 tot 31-08-2022,5 dagen geleden geplaatst,https://kamernet.nl/huren/kamer-amsterdam/willem-noorlanderkade/kamer-1990360,"{'Woonkamer': ' Gedeeld ', 'Keuken': ' Gedeeld ', 'Badkamer': ' Gedeeld ', 'Toilet': ' Gedeeld ', 'Internet': ' Ja ', 'Energielabel': ' A ', 'Huisgenoten': '  4  ', 'Geslacht': ' Gemengd ', 'Huisdieren': ' Nee '}",kamer-1990360.html
Rijksweg,in Ten Boer,15 m,Totale oppervlakte: 30 m 2,â‚¬ 350,p/m | incl. g/w/e,Gestoffeerd,01-10-2021,3 dagen geleden geplaatst,https://kamernet.nl/huren/kamer-ten-boer/rijksweg/kamer-1991134,"{'Woonkamer': ' Gedeeld ', 'Keuken': ' Gedeeld ', 'Badkamer': ' Gedeeld ', 'Toilet': ' Gedeeld ', 'Internet': ' Ja ', 'Energielabel': ' B ', 'Huisgenoten': '  5 ', 'Geslacht': ' Gemengd ', 'Huisdieren': ' Nee '}",kamer-1991134.html
Hoendiep,in Den Horn,33 m,Totaal 2 kamers (1 slaapkamer) ,â‚¬ 390,p/m | excl. g/w/e,Gestoffeerd,01-11-2021,5 dagen geleden geplaatst,https://kamernet.nl/huren/studio-den-horn/hoendiep/studio-1990723,"{'Woonkamer': ' Eigen ', 'Keuken': ' Eigen ', 'Badkamer': ' Eigen ', 'Toilet': ' Eigen ', 'Internet': ' Ja ', 'Energielabel': ' Onbekend ', 'Huisdieren': ' Nee '}",studio-1990723.html
Carl Barksweg,in Almere,16 m,Totale oppervlakte: 100 m 2,â‚¬ 450,p/m | incl. g/w/e,Gestoffeerd,01-10-2021,5 dagen geleden geplaatst,https://kamernet.nl/huren/kamer-almere/carl-barksweg/kamer-1990717,"{'Woonkamer': ' Gedeeld ', 'Keuken': ' Gedeeld ', 'Badkamer': ' Gedeeld ', 'Toilet': ' Gedeeld ', 'Internet': ' Ja ', 'Energielabel': ' Onbekend ', 'Huisgenoten': '  1 ', 'Geslacht': ' Man ', 'Huisdieren': ' Nee '}",kamer-1990717.html
Goudsbloemstraat,in Papendrecht,6 m,Totale oppervlakte: 60 m 2,â‚¬ 500,p/m | excl. g/w/e,Kaal,28-09-2021 tot 28-09-2022,4 dagen geleden geplaatst,https://kamernet.nl/huren/kamer-papendrecht/goudsbloemstraat/kamer-1990974,"{'Woonkamer': ' Gedeeld ', 'Keuken': ' Gedeeld ', 'Badkamer': ' Gedeeld ', 'Toilet': ' Gedeeld ', 'Internet': ' Ja ', 'Energielabel': ' Onbekend ', 'Huisgenoten': '  1 ', 'Geslacht': ' Man ', 'Huisdieren': ' In overleg '}",kamer-1990974.html
Vianenstraat,in Amsterdam,12 m,,â‚¬ 412,p/m | incl. g/w/e,Gestoffeerd,01-11-2021,Gisteren geplaatst,https://kamernet.nl/huren/kamer-amsterdam/vianenstraat/kamer-1991637,"{'Woonkamer': ' Geen ', 'Keuken': ' Gedeeld ', 'Badkamer': ' Gedeeld ', 'Toilet': ' Gedeeld ', 'Internet': ' Ja ', 'Energielabel': ' C ', 'Huisgenoten': '  3 ', 'Geslacht': ' Gemengd ', 'Huisdieren': ' Nee '}",kamer-1991637.html
Slangenburg,in Deventer,15 m,,â‚¬ 350,p/m | incl. g/w/e,Gestoffeerd,01-10-2021,4 dagen geleden geplaatst,https://kamernet.nl/huren/kamer-deventer/slangenburg/kamer-1991107,"{'Woonkamer': ' Geen ', 'Keuken': ' Gedeeld ', 'Badkamer': ' Gedeeld ', 'Toilet': ' Gedeeld ', 'Internet': ' Ja ', 'Energielabel': ' Onbekend ', 'Huisgenoten': '  6 ', 'Geslacht': ' Gemengd ', 'Huisdieren': ' Nee '}",kamer-1991107.html
Klokkenlaan,in Den Bosch,10 m,,â‚¬ 495,p/m | incl. g/w/e,Gemeubileerd,05-10-2021,4 dagen geleden geplaatst,https://kamernet.nl/huren/kamer-den-bosch/klokkenlaan/kamer-1991109,"{'Woonkamer': ' Gedeeld ', 'Keuken': ' Gedeeld ', 'Badkamer': ' Gedeeld ', 'Toilet': ' Gedeeld ', 'Internet': ' Ja ', 'Energielabel': ' Onbekend ', 'Huisgenoten': '  1 ', 'Geslacht': ' Onbekend ', 'Huisdieren': ' Nee '}",kamer-1991109.html
Lipperkerkstraat,in Enschede,12 m,,â‚¬ 225,p/m | incl. g/w/e,Gestoffeerd,27-09-2021,5 dagen geleden geplaatst,https://kamernet.nl/huren/kamer-enschede/lipperkerkstraat/kamer-1990720,"{'Woonkamer': ' Gedeeld ', 'Keuken': ' Gedeeld ', 'Badkamer': ' Gedeeld ', 'Toilet': ' Gedeeld ', 'Internet': ' Ja ', 'Energielabel': ' Onbekend ', 'Huisgenoten': '  4  ', 'Geslacht': ' Gemengd ', 'Huisdieren': ' Nee '}",kamer-1990720.html
Kornerstraat,in Wijnandsrade,125 m,,â‚¬ 1475,p/m | excl. g/w/e,Gestoffeerd,01-11-2021,4 dagen geleden geplaatst,https://kamernet.nl/huren/appartement-wijnandsrade/kornerstraat/appartement-1991112,"{'Woonkamer': ' Onbekend ', 'Keuken': ' Onbekend ', 'Badkamer': ' Onbekend ', 'Toilet': ' Onbekend ', 'Internet': ' Onbekend ', 'Energielabel': ' Onbekend ', 'Huisdieren': ' Nee '}",appartement-1991112.html
Rozengracht,in Amsterdam,36 m,Totaal 2 kamers,â‚¬ 1550,p/m | excl. g/w/e,Gestoffeerd,01-11-2021,4 dagen geleden geplaatst,https://kamernet.nl/huren/appartement-amsterdam/rozengracht/appartement-1991113,"{'Woonkamer': ' Onbekend ', 'Keuken': ' Onbekend ', 'Badkamer': ' Onbekend ', 'Toilet': ' Onbekend ', 'Internet': ' Onbekend ', 'Energielabel': ' Onbekend ', 'Huisdieren': ' Nee '}",appartement-1991113.html
Granaatstraat,in Amsterdam,86 m,Totaal 5 kamers (4 slaapkamers) ,â‚¬ 2400,p/m | excl. g/w/e,Gemeubileerd,01-11-2021 tot 31-10-2023,5 dagen geleden geplaatst,https://kamernet.nl/huren/appartement-amsterdam/granaatstraat/appartement-1990728,"{'Woonkamer': ' Eigen ', 'Keuken': ' Eigen ', 'Badkamer': ' Eigen ', 'Toilet': ' Eigen ', 'Internet': ' Ja ', 'Energielabel': ' Onbekend ', 'Huisdieren': ' Nee '}",appartement-1990728.html
Burgemeester Goeman Borgesiusstraat,in Steenwijk,115 m,Totaal 4 kamers,â‚¬ 1175,p/m | excl. g/w/e,Gestoffeerd,11-10-2021,4 dagen geleden geplaatst,https://kamernet.nl/huren/appartement-steenwijk/burgemeester-goeman-borgesiusstraat/appartement-1991115,"{'Woonkamer': ' Onbekend ', 'Keuken': ' Onbekend ', 'Badkamer': ' Onbekend ', 'Toilet': ' Onbekend ', 'Internet': ' Onbekend ', 'Energielabel': ' Onbekend ', 'Huisdieren': ' Nee '}",appartement-1991115.html
Jacoba van Beierenlaan,in Delft,12 m,,â‚¬ 300,p/m | incl. g/w/e,Kaal,01-11-2021,4 dagen geleden geplaatst,https://kamernet.nl/huren/kamer-delft/jacoba-van-beierenlaan/kamer-1991120,"{'Woonkamer': ' Gedeeld ', 'Keuken': ' Gedeeld ', 'Badkamer': ' Gedeeld ', 'Toilet': ' Gedeeld ', 'Internet': ' Ja ', 'Energielabel': ' Onbekend ', 'Huisgenoten': '  Onbekend  ', 'Geslacht': ' Onbekend ', 'Huisdieren': ' In overleg '}",kamer-1991120.html
Pluympot,in Delft,14 m,,â‚¬ 400,p/m | excl. g/w/e,Kaal,03-10-2021,4 dagen geleden geplaatst,https://kamernet.nl/huren/kamer-delft/pluympot/kamer-1991132,"{'Woonkamer': ' Gedeeld ', 'Keuken': ' Gedeeld ', 'Badkamer': ' Gedeeld ', 'Toilet': ' Gedeeld ', 'Internet': ' Nee ', 'Energielabel': ' Onbekend ', 'Huisgenoten': '  2 ', 'Geslacht': ' Man ', 'Huisdieren': ' Nee '}",kamer-1991132.html
Rijksstraatweg,in Haarlem,20 m,Totaal 1 kamer (1 slaapkamer) ,â‚¬ 705,p/m | excl. g/w/e,Gestoffeerd,01-10-2021,4 dagen geleden geplaatst,https://kamernet.nl/huren/studio-haarlem/rijksstraatweg/studio-1991125,"{'Woonkamer': ' Eigen ', 'Keuken': ' Eigen ', 'Badkamer': ' Eigen ', 'Toilet': ' Eigen ', 'Internet': ' Ja ', 'Energielabel': ' C ', 'Huisdieren': ' Nee '}",studio-1991125.html
Hessenweg,in De Bilt,45 m,,â‚¬ 885,p/m | excl. g/w/e,Gestoffeerd,01-11-2021,3 dagen geleden geplaatst,https://kamernet.nl/huren/appartement-de-bilt/hessenweg/appartement-1991130,"{'Woonkamer': ' Eigen ', 'Keuken': ' Eigen ', 'Badkamer': ' Eigen ', 'Toilet': ' Eigen ', 'Internet': ' Nee ', 'Energielabel': ' B ', 'Huisdieren': ' Nee '}",appartement-1991130.html
Jozef Israelsstraat,in Groningen,54 m,Totaal 2 kamers (1 slaapkamer) ,â‚¬ 850,p/m | excl. g/w/e,Kaal,15-10-2021,3 dagen geleden geplaatst,https://kamernet.nl/huren/appartement-groningen/jozef-israelsstraat/appartement-1991133,"{'Woonkamer': ' Eigen ', 'Keuken': ' Eigen ', 'Badkamer': ' Eigen ', 'Toilet': ' Eigen ', 'Internet': ' Ja ', 'Energielabel': ' Onbekend ', 'Huisdieren': ' Nee '}",appartement-1991133.html
Apollolaan,in Leiden,10 m,Totale oppervlakte: 86 m 2,â‚¬ 350,p/m | incl. g/w/e,Gemeubileerd,01-10-2021,4 dagen geleden geplaatst,https://kamernet.nl/huren/kamer-leiden/apollolaan/kamer-1990876,"{'Woonkamer': ' Gedeeld ', 'Keuken': ' Gedeeld ', 'Badkamer': ' Gedeeld ', 'Toilet': ' Gedeeld ', 'Internet': ' Ja ', 'Energielabel': ' Onbekend ', 'Huisgenoten': '  1 ', 'Geslacht': ' Man ', 'Huisdieren': ' Ja '}",kamer-1990876.html
Clara Zetkinstraat,in Amsterdam,100 m,,â‚¬ 1495,p/m | excl. g/w/e,Gemeubileerd,29-09-2021,4 dagen geleden geplaatst,https://kamernet.nl/huren/appartement-amsterdam/clara-zetkinstraat/appartement-1991114,"{'Woonkamer': ' Onbekend ', 'Keuken': ' Onbekend ', 'Badkamer': ' Onbekend ', 'Toilet': ' Onbekend ', 'Internet': ' Onbekend ', 'Energielabel': ' Onbekend ', 'Huisdieren': ' Nee '}",appartement-1991114.html
Galjootstraat,in Rotterdam,55 m,Totaal 2 kamers (1 slaapkamer) ,â‚¬ 860,p/m | excl. g/w/e,Gestoffeerd,01-10-2021,3 dagen geleden geplaatst,https://kamernet.nl/huren/appartement-rotterdam/galjootstraat/appartement-1991140,"{'Woonkamer': ' Eigen ', 'Keuken': ' Eigen ', 'Badkamer': ' Eigen ', 'Toilet': ' Eigen ', 'Internet': ' Nee ', 'Energielabel': ' Onbekend ', 'Huisdieren': ' Nee '}",appartement-1991140.html
Saenredamstraat,in Haarlem,17 m,,â‚¬ 400,p/m | incl. g/w/e,Gestoffeerd,01-11-2021,5 dagen geleden geplaatst,https://kamernet.nl/huren/kamer-haarlem/saenredamstraat/kamer-1990726,"{'Woonkamer': ' Eigen ', 'Keuken': ' Gedeeld ', 'Badkamer': ' Gedeeld ', 'Toilet': ' Gedeeld ', 'Internet': ' Onbekend ', 'Energielabel': ' Onbekend ', 'Huisgenoten': '  1 ', 'Geslacht': ' Man ', 'Huisdieren': ' Nee '}",kamer-1990726.html
Witbreuksweg,in Enschede,14 m,Totale oppervlakte: 70 m 2,â‚¬ 330,p/m | incl. g/w/e,Kaal,27-09-2021,5 dagen geleden geplaatst,https://kamernet.nl/huren/kamer-enschede/witbreuksweg/kamer-1990729,"{'Woonkamer': ' Gedeeld ', 'Keuken': ' Gedeeld ', 'Badkamer': ' Eigen ', 'Toilet': ' Eigen ', 'Internet': ' Ja ', 'Energielabel': ' Onbekend ', 'Huisgenoten': '  Meer dan 8 ', 'Geslacht': ' Gemengd ', 'Huisdieren': ' Nee '}",kamer-1990729.html
Klikspaanweg,in Leiden,12 m,,â‚¬ 290,p/m | incl. g/w/e,Gestoffeerd,29-09-2021,3 dagen geleden geplaatst,https://kamernet.nl/huren/kamer-leiden/klikspaanweg/kamer-1991131,"{'Woonkamer': ' Gedeeld ', 'Keuken': ' Gedeeld ', 'Badkamer': ' Gedeeld ', 'Toilet': ' Gedeeld ', 'Internet': ' Ja ', 'Energielabel': ' Onbekend ', 'Huisgenoten': '  Meer dan 8 ', 'Geslacht': ' Gemengd ', 'Huisdieren': ' Nee '}",kamer-1991131.html
Bos en Lommerplantsoen,in Amsterdam,30 m,,â‚¬ 1100,p/m | incl. g/w/e,Gemeubileerd,15-10-2021 tot 31-01-2022,3 dagen geleden geplaatst,https://kamernet.nl/huren/studio-amsterdam/bos-en-lommerplantsoen/studio-1991129,"{'Woonkamer': ' Geen ', 'Keuken': ' Eigen ', 'Badkamer': ' Eigen ', 'Toilet': ' Eigen ', 'Internet': ' Ja ', 'Energielabel': ' Onbekend ', 'Huisdieren': ' Ja '}",studio-1991129.html
Peizerweg,in Groningen,45 m,Totale oppervlakte: 20 m 2,â‚¬ 500,p/m | excl. g/w/e,Kaal,01-12-2021,3 dagen geleden geplaatst,https://kamernet.nl/huren/kamer-groningen/peizerweg/kamer-1991251,"{'Woonkamer': ' Eigen ', 'Keuken': ' Gedeeld ', 'Badkamer': ' Gedeeld ', 'Toilet': ' Gedeeld ', 'Internet': ' Ja ', 'Energielabel': ' Onbekend ', 'Huisgenoten': '  2 ', 'Geslacht': ' Vrouw ', 'Huisdieren': ' Nee '}",kamer-1991251.html
Fideliolaan,in Amstelveen,20 m,,â‚¬ 650,p/m | incl. g/w/e,Gemeubileerd,15-10-2021,3 dagen geleden geplaatst,https://kamernet.nl/huren/kamer-amstelveen/fideliolaan/kamer-1991270,"{'Woonkamer': ' Gedeeld ', 'Keuken': ' Gedeeld ', 'Badkamer': ' Gedeeld ', 'Toilet': ' Gedeeld ', 'Internet': ' Ja ', 'Energielabel': ' Onbekend ', 'Huisgenoten': '  3 ', 'Geslacht': ' Vrouw ', 'Huisdieren': ' Nee '}",kamer-1991270.html
Aweg,in Groningen,55 m,Totale oppervlakte: 55 m 2,â‚¬ 750,p/m | incl. g/w/e,Gestoffeerd,01-11-2021,3 dagen geleden geplaatst,https://kamernet.nl/huren/kamer-groningen/aweg/kamer-1991265,"{'Woonkamer': ' Eigen ', 'Keuken': ' Eigen ', 'Badkamer': ' Eigen ', 'Toilet': ' Gedeeld ', 'Internet': ' Ja ', 'Energielabel': ' Onbekend ', 'Huisgenoten': '  Onbekend  ', 'Geslacht': ' Onbekend ', 'Huisdieren': ' Nee '}",kamer-1991265.html
Kosterkring,in Abbekerk,15 m,,â‚¬ 400,p/m | incl. g/w/e,Gemeubileerd,28-03-2021,4 dagen geleden geplaatst,https://kamernet.nl/huren/kamer-abbekerk/kosterkring/kamer-1991103,"{'Woonkamer': ' Gedeeld ', 'Keuken': ' Gedeeld ', 'Badkamer': ' Gedeeld ', 'Toilet': ' Gedeeld ', 'Internet': ' Ja ', 'Energielabel': ' Onbekend ', 'Huisgenoten': '  1 ', 'Geslacht': ' Man ', 'Huisdieren': ' Nee '}",kamer-1991103.html
Kometenstraat,in Hilversum,17 m,Totale oppervlakte: 8 m 2,â‚¬ 425,p/m | incl. g/w/e,Kaal,29-09-2021,3 dagen geleden geplaatst,https://kamernet.nl/huren/kamer-hilversum/kometenstraat/kamer-1991282,"{'Woonkamer': ' Geen ', 'Keuken': ' Gedeeld ', 'Badkamer': ' Gedeeld ', 'Toilet': ' Gedeeld ', 'Internet': ' Ja ', 'Energielabel': ' Onbekend ', 'Huisgenoten': '  6 ', 'Geslacht': ' Gemengd ', 'Huisdieren': ' Nee '}",kamer-1991282.html
Voorzorgstraat,in Haarlem,16 m,,â‚¬ 500,p/m | excl. g/w/e,Gemeubileerd,01-11-2021,3 dagen geleden geplaatst,https://kamernet.nl/huren/kamer-haarlem/voorzorgstraat/kamer-1741503,"{'Woonkamer': ' Geen ', 'Keuken': ' Gedeeld ', 'Badkamer': ' Gedeeld ', 'Toilet': ' Gedeeld ', 'Internet': ' Ja ', 'Energielabel': ' Onbekend ', 'Huisgenoten': '  2 ', 'Geslacht': ' Vrouw ', 'Huisdieren': ' Nee '}",kamer-1741503.html
Molengraaffplantsoen,in Utrecht,35 m,,â‚¬ 970,p/m | excl. g/w/e,Gestoffeerd,01-11-2021,3 dagen geleden geplaatst,https://kamernet.nl/huren/appartement-utrecht/molengraaffplantsoen/appartement-1991297,"{'Woonkamer': ' Eigen ', 'Keuken': ' Eigen ', 'Badkamer': ' Eigen ', 'Toilet': ' Eigen ', 'Internet': ' Ja ', 'Energielabel': ' Onbekend ', 'Huisdieren': ' Nee '}",appartement-1991297.html
Armehoefstraat,in Boxtel,15 m,,â‚¬ 400,p/m | excl. g/w/e,Gestoffeerd,01-11-2021,3 dagen geleden geplaatst,https://kamernet.nl/huren/appartement-boxtel/armehoefstraat/appartement-1991286,"{'Woonkamer': ' Geen ', 'Keuken': ' Eigen ', 'Badkamer': ' Gedeeld ', 'Toilet': ' Gedeeld ', 'Internet': ' Ja ', 'Energielabel': ' D ', 'Huisdieren': ' Nee '}",appartement-1991286.html
Surinamestraat,in Leiden,12 m,Totale oppervlakte: 72 m 2,â‚¬ 300,p/m | incl. g/w/e,Gemeubileerd,30-04-2021 tot 31-08-2025,3 dagen geleden geplaatst,https://kamernet.nl/huren/kamer-leiden/surinamestraat/kamer-1926061,"{'Woonkamer': ' Gedeeld ', 'Keuken': ' Gedeeld ', 'Badkamer': ' Gedeeld ', 'Toilet': ' Gedeeld ', 'Internet': ' Ja ', 'Energielabel': ' E ', 'Huisgenoten': '  1 ', 'Geslacht': ' Man ', 'Huisdieren': ' Ja '}",kamer-1926061.html
Delistraat,in Enschede,15 m,Totale oppervlakte: 20 m 2,â‚¬ 420,p/m | incl. g/w/e,Gemeubileerd,01-10-2021,3 dagen geleden geplaatst,https://kamernet.nl/huren/kamer-enschede/delistraat/kamer-1991191,"{'Woonkamer': ' Eigen ', 'Keuken': ' Gedeeld ', 'Badkamer': ' Gedeeld ', 'Toilet': ' Gedeeld ', 'Internet': ' Onbekend ', 'Energielabel': ' Onbekend ', 'Huisgenoten': '  Onbekend  ', 'Geslacht': ' Onbekend ', 'Huisdieren': ' Nee '}",kamer-1991191.html
Marquette,in Lelystad,50 m,Totale oppervlakte: 200 m 2,â‚¬ 795,p/m | excl. g/w/e,Gestoffeerd,15-10-2021,3 dagen geleden geplaatst,https://kamernet.nl/huren/kamer-lelystad/marquette/kamer-1991285,"{'Woonkamer': ' Onbekend ', 'Keuken': ' Gedeeld ', 'Badkamer': ' Gedeeld ', 'Toilet': ' Gedeeld ', 'Internet': ' Onbekend ', 'Energielabel': ' Onbekend ', 'Huisgenoten': '  2 ', 'Geslacht': ' Gemengd ', 'Huisdieren': ' Nee '}",kamer-1991285.html
Weimarstraat,in Den Haag,12 m,,â‚¬ 700,p/m | incl. g/w/e,Gemeubileerd,15-10-2021 tot 15-11-2021,3 dagen geleden geplaatst,https://kamernet.nl/huren/kamer-den-haag/weimarstraat/kamer-1991302,"{'Woonkamer': ' Geen ', 'Keuken': ' Gedeeld ', 'Badkamer': ' Gedeeld ', 'Toilet': ' Gedeeld ', 'Internet': ' Ja ', 'Energielabel': ' Onbekend ', 'Huisgenoten': '  1 ', 'Geslacht': ' Vrouw ', 'Huisdieren': ' Nee '}",kamer-1991302.html
Perikweg,in Enschede,12 m,Totale oppervlakte: 50 m 2,â‚¬ 328,p/m | excl. g/w/e,Gestoffeerd,01-11-2021,3 dagen geleden geplaatst,https://kamernet.nl/huren/kamer-enschede/perikweg/kamer-1991321,"{'Woonkamer': ' Gedeeld ', 'Keuken': ' Gedeeld ', 'Badkamer': ' Gedeeld ', 'Toilet': ' Gedeeld ', 'Internet': ' Ja ', 'Energielabel': ' Onbekend ', 'Huisgenoten': '  3 ', 'Geslacht': ' Gemengd ', 'Huisdieren': ' Nee '}",kamer-1991321.html
Van Leijenberghlaan,in Amsterdam,10 m,Totale oppervlakte: 90 m 2,â‚¬ 600,p/m | incl. g/w/e,Gemeubileerd,03-10-2021,3 dagen geleden geplaatst,https://kamernet.nl/huren/kamer-amsterdam/van-leijenberghlaan/kamer-1991325,"{'Woonkamer': ' Gedeeld ', 'Keuken': ' Gedeeld ', 'Badkamer': ' Gedeeld ', 'Toilet': ' Gedeeld ', 'Internet': ' Ja ', 'Energielabel': ' A ', 'Huisgenoten': '  1 ', 'Geslacht': ' Man ', 'Huisdieren': ' Nee '}",kamer-1991325.html
Bijlwerffstraat,in Rotterdam,30 m,Totaal 4 kamers,â‚¬ 900,p/m | incl. g/w/e,Gemeubileerd,01-05-2022,3 dagen geleden geplaatst,https://kamernet.nl/huren/appartement-rotterdam/bijlwerffstraat/appartement-1991358,"{'Woonkamer': ' Eigen ', 'Keuken': ' Eigen ', 'Badkamer': ' Eigen ', 'Toilet': ' Eigen ', 'Internet': ' Ja ', 'Energielabel': ' Onbekend ', 'Huisdieren': ' Nee '}",appartement-1991358.html
het Kanaal,in Assen,55 m,Totale oppervlakte: 65 m 2,â‚¬ 500,p/m | excl. g/w/e,Gemeubileerd,15-10-2021,3 dagen geleden geplaatst,https://kamernet.nl/huren/kamer-assen/het-kanaal/kamer-1991355,"{'Woonkamer': ' Eigen ', 'Keuken': ' Eigen ', 'Badkamer': ' Eigen ', 'Toilet': ' Eigen ', 'Internet': ' Ja ', 'Energielabel': ' Onbekend ', 'Huisgenoten': '  Onbekend  ', 'Geslacht': ' Onbekend ', 'Huisdieren': ' Nee '}",kamer-1991355.html
Witbreuksweg,in Enschede,16 m,,â‚¬ 349,p/m | incl. g/w/e,Kaal,16-11-2021,5 dagen geleden geplaatst,https://kamernet.nl/huren/kamer-enschede/witbreuksweg/kamer-1990735,"{'Woonkamer': ' Gedeeld ', 'Keuken': ' Gedeeld ', 'Badkamer': ' Eigen ', 'Toilet': ' Eigen ', 'Internet': ' Ja ', 'Energielabel': ' E ', 'Huisgenoten': '  7 ', 'Geslacht': ' Gemengd ', 'Huisdieren': ' Nee '}",kamer-1990735.html
Madeliefstraat,in Rotterdam,14 m,,â‚¬ 775,p/m | incl. g/w/e,Gemeubileerd,02-10-2021,3 dagen geleden geplaatst,https://kamernet.nl/huren/kamer-rotterdam/madeliefstraat/kamer-1991307,"{'Woonkamer': ' Geen ', 'Keuken': ' Gedeeld ', 'Badkamer': ' Gedeeld ', 'Toilet': ' Gedeeld ', 'Internet': ' Ja ', 'Energielabel': ' Onbekend ', 'Huisgenoten': '  2 ', 'Geslacht': ' Gemengd ', 'Huisdieren': ' Nee '}",kamer-1991307.html
Rochussenstraat,in Rotterdam,15 m,,â‚¬ 570,p/m | incl. g/w/e,Gestoffeerd,01-10-2021 tot 30-10-2021,3 dagen geleden geplaatst,https://kamernet.nl/huren/kamer-rotterdam/rochussenstraat/kamer-1991304,"{'Woonkamer': ' Gedeeld ', 'Keuken': ' Gedeeld ', 'Badkamer': ' Gedeeld ', 'Toilet': ' Gedeeld ', 'Internet': ' Ja ', 'Energielabel': ' Onbekend ', 'Huisgenoten': '  6 ', 'Geslacht': ' Vrouw ', 'Huisdieren': ' Nee '}",kamer-1991304.html
Jack Sharp park,in Vijfhuizen,30 m,,â‚¬ 950,p/m | incl. g/w/e,Gemeubileerd,11-09-2019,5 dagen geleden geplaatst,https://kamernet.nl/huren/kamer-vijfhuizen/jack-sharp-park/kamer-1990738,"{'Woonkamer': ' Onbekend ', 'Keuken': ' Gedeeld ', 'Badkamer': ' Gedeeld ', 'Toilet': ' Gedeeld ', 'Internet': ' Ja ', 'Energielabel': ' Onbekend ', 'Huisgenoten': '  3 ', 'Geslacht': ' Onbekend ', 'Huisdieren': ' Nee '}",kamer-1990738.html
Gildemeestersplein,in Arnhem,10 m,Totale oppervlakte: 90 m 2,â‚¬ 500,p/m | incl. g/w/e,Gemeubileerd,01-10-2021,3 dagen geleden geplaatst,https://kamernet.nl/huren/kamer-arnhem/gildemeestersplein/kamer-1991124,"{'Woonkamer': ' Geen ', 'Keuken': ' Gedeeld ', 'Badkamer': ' Gedeeld ', 'Toilet': ' Gedeeld ', 'Internet': ' Ja ', 'Energielabel': ' Onbekend ', 'Huisgenoten': '  2 ', 'Geslacht': ' Gemengd ', 'Huisdieren': ' Nee '}",kamer-1991124.html
Boterdiep,in Groningen,14 m,,â‚¬ 479,p/m | incl. g/w/e,Gemeubileerd,01-11-2021,5 dagen geleden geplaatst,https://kamernet.nl/huren/kamer-groningen/boterdiep/kamer-1990753,"{'Woonkamer': ' Gedeeld ', 'Keuken': ' Gedeeld ', 'Badkamer': ' Gedeeld ', 'Toilet': ' Gedeeld ', 'Internet': ' Ja ', 'Energielabel': ' Onbekend ', 'Huisgenoten': '  2 ', 'Geslacht': ' Man ', 'Huisdieren': ' Nee '}",kamer-1990753.html
Spaarndamseweg,in Haarlem,24 m,Totale oppervlakte: 6 m 2,â‚¬ 575,p/m | incl. g/w/e,Gemeubileerd,01-11-2021,5 dagen geleden geplaatst,https://kamernet.nl/huren/kamer-haarlem/spaarndamseweg/kamer-1990751,"{'Woonkamer': ' Eigen ', 'Keuken': ' Eigen ', 'Badkamer': ' Gedeeld ', 'Toilet': ' Gedeeld ', 'Internet': ' Ja ', 'Energielabel': ' Onbekend ', 'Huisgenoten': '  2 ', 'Geslacht': ' Gemengd ', 'Huisdieren': ' Nee '}",kamer-1990751.html
Zwaardenburg,in Nieuwegein,18 m,Totale oppervlakte: 6 m 2,â‚¬ 450,p/m | incl. g/w/e,Gestoffeerd,01-10-2021,5 dagen geleden geplaatst,https://kamernet.nl/huren/kamer-nieuwegein/zwaardenburg/kamer-1990732,"{'Woonkamer': ' Geen ', 'Keuken': ' Eigen ', 'Badkamer': ' Gedeeld ', 'Toilet': ' Gedeeld ', 'Internet': ' Ja ', 'Energielabel': ' C ', 'Huisgenoten': '  2 ', 'Geslacht': ' Man ', 'Huisdieren': ' Nee '}",kamer-1990732.html
IJsselveld,in Montfoort,27 m,Totaal 1 kamer (1 slaapkamer) ,â‚¬ 450,p/m | incl. g/w/e,Gemeubileerd,01-10-2021,5 dagen geleden geplaatst,https://kamernet.nl/huren/appartement-montfoort/ijsselveld/appartement-1990747,"{'Woonkamer': ' Eigen ', 'Keuken': ' Eigen ', 'Badkamer': ' Eigen ', 'Toilet': ' Eigen ', 'Internet': ' Onbekend ', 'Energielabel': ' Onbekend ', 'Huisdieren': ' In overleg '}",appartement-1990747.html
Belgieplein,in Amsterdam,16 m,,â‚¬ 650,p/m | incl. g/w/e,Gestoffeerd,01-10-2021,5 dagen geleden geplaatst,https://kamernet.nl/huren/kamer-amsterdam/belgieplein/kamer-1990744,"{'Woonkamer': ' Geen ', 'Keuken': ' Gedeeld ', 'Badkamer': ' Gedeeld ', 'Toilet': ' Gedeeld ', 'Internet': ' Ja ', 'Energielabel': ' Onbekend ', 'Huisgenoten': '  4  ', 'Geslacht': ' Gemengd ', 'Huisdieren': ' Nee '}",kamer-1990744.html
Mauritsweg,in Rotterdam,68 m,Totaal 2 kamers (1 slaapkamer) ,â‚¬ 1050,p/m | incl. g/w/e,Gemeubileerd,28-10-2021 tot 04-12-2021,5 dagen geleden geplaatst,https://kamernet.nl/huren/appartement-rotterdam/mauritsweg/appartement-1990767,"{'Woonkamer': ' Eigen ', 'Keuken': ' Eigen ', 'Badkamer': ' Eigen ', 'Toilet': ' Eigen ', 'Internet': ' Ja ', 'Energielabel': ' B ', 'Huisdieren': ' Nee '}",appartement-1990767.html
Korte Delft,in Zaamslag,96 m,Totaal 3 kamers (2 slaapkamers) ,â‚¬ 1125,p/m | excl. g/w/e,Gestoffeerd,01-11-2021,7 uur geleden geplaatst,https://kamernet.nl/huren/appartement-zaamslag/korte-delft/appartement-1991811,"{'Woonkamer': ' Eigen ', 'Keuken': ' Eigen ', 'Badkamer': ' Eigen ', 'Toilet': ' Eigen ', 'Internet': ' Onbekend ', 'Energielabel': ' Onbekend ', 'Huisdieren': ' In overleg '}",appartement-1991811.html
Osdorper Ban,in Amsterdam,91 m,Totaal 4 kamers (3 slaapkamers) ,â‚¬ 2250,p/m | excl. g/w/e,Gemeubileerd,06-10-2021,5 dagen geleden geplaatst,https://kamernet.nl/huren/appartement-amsterdam/osdorper-ban/appartement-1990791,"{'Woonkamer': ' Eigen ', 'Keuken': ' Eigen ', 'Badkamer': ' Eigen ', 'Toilet': ' Eigen ', 'Internet': ' Onbekend ', 'Energielabel': ' A ', 'Huisdieren': ' Nee '}",appartement-1990791.html
Tijmstraat,in Katwijk,20 m,Totaal 2 kamers (1 slaapkamer) ,â‚¬ 600,p/m | excl. g/w/e,Gemeubileerd,27-09-2021 tot 01-08-2022,5 dagen geleden geplaatst,https://kamernet.nl/huren/studio-katwijk/tijmstraat/studio-1990768,"{'Woonkamer': ' Eigen ', 'Keuken': ' Eigen ', 'Badkamer': ' Eigen ', 'Toilet': ' Eigen ', 'Internet': ' Onbekend ', 'Energielabel': ' Onbekend ', 'Huisdieren': ' Nee '}",studio-1990768.html
Hovenierstraat,in Alkmaar,12 m,,â‚¬ 500,p/m | incl. g/w/e,Gemeubileerd,01-11-2021,5 dagen geleden geplaatst,https://kamernet.nl/huren/kamer-alkmaar/hovenierstraat/kamer-1990769,"{'Woonkamer': ' Gedeeld ', 'Keuken': ' Gedeeld ', 'Badkamer': ' Gedeeld ', 'Toilet': ' Gedeeld ', 'Internet': ' Ja ', 'Energielabel': ' Onbekend ', 'Huisgenoten': '  2 ', 'Geslacht': ' Gemengd ', 'Huisdieren': ' Nee '}",kamer-1990769.html
Westwagenstraat,in Gorinchem,50 m,Totaal 2 kamers (1 slaapkamer) ,â‚¬ 1050,p/m | incl. g/w/e,Gemeubileerd,27-02-2022 tot 31-07-2023,5 dagen geleden geplaatst,https://kamernet.nl/huren/appartement-gorinchem/westwagenstraat/appartement-1990746,"{'Woonkamer': ' Eigen ', 'Keuken': ' Eigen ', 'Badkamer': ' Eigen ', 'Toilet': ' Eigen ', 'Internet': ' Ja ', 'Energielabel': ' D ', 'Huisdieren': ' Nee '}",appartement-1990746.html
Van Oldenbarneveldtstraat,in Amsterdam,54 m,Totaal 4 kamers (1 slaapkamer) ,â‚¬ 1400,p/m | incl. g/w/e,Gemeubileerd,01-12-2021 tot 31-03-2022,5 dagen geleden geplaatst,https://kamernet.nl/huren/appartement-amsterdam/van-oldenbarneveldtstraat/appartement-1990808,"{'Woonkamer': ' Eigen ', 'Keuken': ' Eigen ', 'Badkamer': ' Eigen ', 'Toilet': ' Eigen ', 'Internet': ' Ja ', 'Energielabel': ' C ', 'Huisdieren': ' Nee '}",appartement-1990808.html
Van Vlietstraat,in Hillegom,73 m,Totaal 3 kamers,â‚¬ 525,p/m | excl. g/w/e,Kaal,29-09-2021,4 dagen geleden geplaatst,https://kamernet.nl/huren/appartement-hillegom/van-vlietstraat/appartement-1991110,"{'Woonkamer': ' Onbekend ', 'Keuken': ' Onbekend ', 'Badkamer': ' Onbekend ', 'Toilet': ' Onbekend ', 'Internet': ' Onbekend ', 'Energielabel': ' Onbekend ', 'Huisdieren': ' Nee '}",appartement-1991110.html
Meulunterseweg,in Lunteren,45 m,Totaal 3 kamers (2 slaapkamers) ,â‚¬ 850,p/m | excl. g/w/e,Gemeubileerd,15-10-2021,5 dagen geleden geplaatst,https://kamernet.nl/huren/appartement-lunteren/meulunterseweg/appartement-1990629,"{'Woonkamer': ' Eigen ', 'Keuken': ' Eigen ', 'Badkamer': ' Eigen ', 'Toilet': ' Eigen ', 'Internet': ' Ja ', 'Energielabel': ' Onbekend ', 'Huisdieren': ' Nee '}",appartement-1990629.html
Moezeldreef,in Utrecht,70 m,,â‚¬ 1200,p/m | excl. g/w/e,Gestoffeerd,01-11-2021,5 dagen geleden geplaatst,https://kamernet.nl/huren/appartement-utrecht/moezeldreef/appartement-1990785,"{'Woonkamer': ' Gedeeld ', 'Keuken': ' Gedeeld ', 'Badkamer': ' Gedeeld ', 'Toilet': ' Gedeeld ', 'Internet': ' Ja ', 'Energielabel': ' D ', 'Huisdieren': ' Nee '}",appartement-1990785.html
Vrouwe Udasingel,in Lent,16 m,Totale oppervlakte: 16 m 2,â‚¬ 350,p/m | excl. g/w/e,Gemeubileerd,15-10-2021,5 dagen geleden geplaatst,https://kamernet.nl/huren/kamer-lent/vrouwe-udasingel/kamer-1990771,"{'Woonkamer': ' Eigen ', 'Keuken': ' Gedeeld ', 'Badkamer': ' Gedeeld ', 'Toilet': ' Gedeeld ', 'Internet': ' Ja ', 'Energielabel': ' Onbekend ', 'Huisgenoten': '  1 ', 'Geslacht': ' Vrouw ', 'Huisdieren': ' Nee '}",kamer-1990771.html
Rotterdamseweg,in Delft,16 m,,â‚¬ 390,p/m | incl. g/w/e,Gestoffeerd,27-09-2021,5 dagen geleden geplaatst,https://kamernet.nl/huren/kamer-delft/rotterdamseweg/kamer-1990782,"{'Woonkamer': ' Gedeeld ', 'Keuken': ' Gedeeld ', 'Badkamer': ' Gedeeld ', 'Toilet': ' Gedeeld ', 'Internet': ' Ja ', 'Energielabel': ' Onbekend ', 'Huisgenoten': '  4  ', 'Geslacht': ' Gemengd ', 'Huisdieren': ' Nee '}",kamer-1990782.html
Jack Sharp park,in Vijfhuizen,30 m,,â‚¬ 1100,p/m | incl. g/w/e,Gemeubileerd,12-08-2021,5 dagen geleden geplaatst,https://kamernet.nl/huren/kamer-vijfhuizen/jack-sharp-park/kamer-1990737,"{'Woonkamer': ' Onbekend ', 'Keuken': ' Gedeeld ', 'Badkamer': ' Gedeeld ', 'Toilet': ' Gedeeld ', 'Internet': ' Ja ', 'Energielabel': ' Onbekend ', 'Huisgenoten': '  3 ', 'Geslacht': ' Onbekend ', 'Huisdieren': ' Nee '}",kamer-1990737.html
Veldstraat,in Nijmegen,32 m,,â‚¬ 800,p/m | incl. g/w/e,Kaal,01-11-2021,5 dagen geleden geplaatst,https://kamernet.nl/huren/studio-nijmegen/veldstraat/studio-1990798,"{'Woonkamer': ' Eigen ', 'Keuken': ' Eigen ', 'Badkamer': ' Eigen ', 'Toilet': ' Eigen ', 'Internet': ' Ja ', 'Energielabel': ' Onbekend ', 'Huisdieren': ' Nee '}",studio-1990798.html
Zangvogelweg,in Amersfoort,25 m,,â‚¬ 525,p/m | excl. g/w/e,Gestoffeerd,01-11-2021,5 dagen geleden geplaatst,https://kamernet.nl/huren/studio-amersfoort/zangvogelweg/studio-1990797,"{'Woonkamer': ' Eigen ', 'Keuken': ' Eigen ', 'Badkamer': ' Gedeeld ', 'Toilet': ' Gedeeld ', 'Internet': ' Ja ', 'Energielabel': ' Onbekend ', 'Huisdieren': ' Nee '}",studio-1990797.html
Lange Veerstraat,in Haarlem,22 m,Totale oppervlakte: 4 m 2,â‚¬ 825,p/m | incl. g/w/e,Gestoffeerd,15-10-2021 tot 30-09-2023,Gisteren geplaatst,https://kamernet.nl/huren/kamer-haarlem/lange-veerstraat/kamer-1991639,"{'Woonkamer': ' Eigen ', 'Keuken': ' Eigen ', 'Badkamer': ' Eigen ', 'Toilet': ' Gedeeld ', 'Internet': ' Ja ', 'Energielabel': ' Onbekend ', 'Huisgenoten': '  Onbekend  ', 'Geslacht': ' Onbekend ', 'Huisdieren': ' Nee '}",kamer-1991639.html
Fogelsanghstate,in Lelystad,55 m,Totale oppervlakte: 200 m 2,â‚¬ 795,p/m | excl. g/w/e,Gestoffeerd,01-11-2021,5 dagen geleden geplaatst,https://kamernet.nl/huren/kamer-lelystad/fogelsanghstate/kamer-1990800,"{'Woonkamer': ' Onbekend ', 'Keuken': ' Gedeeld ', 'Badkamer': ' Gedeeld ', 'Toilet': ' Gedeeld ', 'Internet': ' Ja ', 'Energielabel': ' A ', 'Huisgenoten': '  Onbekend  ', 'Geslacht': ' Onbekend ', 'Huisdieren': ' Nee '}",kamer-1990800.html
Pelsterstraat,in Groningen,44 m,,â‚¬ 650,p/m | incl. g/w/e,Gestoffeerd,01-11-2021,5 dagen geleden geplaatst,https://kamernet.nl/huren/kamer-groningen/pelsterstraat/kamer-1990766,"{'Woonkamer': ' Eigen ', 'Keuken': ' Eigen ', 'Badkamer': ' Gedeeld ', 'Toilet': ' Gedeeld ', 'Internet': ' Ja ', 'Energielabel': ' Onbekend ', 'Huisgenoten': '  2 ', 'Geslacht': ' Man ', 'Huisdieren': ' Nee '}",kamer-1990766.html
Professor Henketplein,in Maastricht,13 m,Totaal 6 kamers (4 slaapkamers) ,â‚¬ 390,p/m | incl. g/w/e,Gestoffeerd,28-09-2021,5 dagen geleden geplaatst,https://kamernet.nl/huren/appartement-maastricht/professor-henketplein/appartement-1990805,"{'Woonkamer': ' Gedeeld ', 'Keuken': ' Gedeeld ', 'Badkamer': ' Gedeeld ', 'Toilet': ' Gedeeld ', 'Internet': ' Ja ', 'Energielabel': ' Onbekend ', 'Huisdieren': ' Nee '}",appartement-1990805.html
Zuiddijk,in Zaandam,58 m,Totaal 2 kamers (1 slaapkamer) ,â‚¬ 1250,p/m | incl. g/w/e,Gemeubileerd,18-10-2021 tot 18-10-2023,5 dagen geleden geplaatst,https://kamernet.nl/huren/appartement-zaandam/zuiddijk/appartement-1990826,"{'Woonkamer': ' Eigen ', 'Keuken': ' Eigen ', 'Badkamer': ' Eigen ', 'Toilet': ' Eigen ', 'Internet': ' Nee ', 'Energielabel': ' Onbekend ', 'Huisdieren': ' Nee '}",appartement-1990826.html
Ceintuurbaan,in Amsterdam,8 m,Totale oppervlakte: 40 m 2,â‚¬ 690,p/m | incl. g/w/e,Gestoffeerd,17-10-2021,5 dagen geleden geplaatst,https://kamernet.nl/huren/kamer-amsterdam/ceintuurbaan/kamer-1990807,"{'Woonkamer': ' Gedeeld ', 'Keuken': ' Gedeeld ', 'Badkamer': ' Gedeeld ', 'Toilet': ' Gedeeld ', 'Internet': ' Ja ', 'Energielabel': ' Onbekend ', 'Huisgenoten': '  2 ', 'Geslacht': ' Man ', 'Huisdieren': ' Nee '}",kamer-1990807.html
Petrus Campersingel,in Groningen,21 m,,â‚¬ 450,p/m | incl. g/w/e,Gemeubileerd,10-10-2021 tot 30-04-2022,5 dagen geleden geplaatst,https://kamernet.nl/huren/kamer-groningen/petrus-campersingel/kamer-1990852,"{'Woonkamer': ' Eigen ', 'Keuken': ' Gedeeld ', 'Badkamer': ' Gedeeld ', 'Toilet': ' Gedeeld ', 'Internet': ' Ja ', 'Energielabel': ' Onbekend ', 'Huisgenoten': '  3 ', 'Geslacht': ' Vrouw ', 'Huisdieren': ' Nee '}",kamer-1990852.html
Ben van Meerendonkstraat,in Amsterdam,90 m,Totaal 3 kamers (2 slaapkamers) ,â‚¬ 1850,p/m | excl. g/w/e,Gemeubileerd,01-10-2021,5 dagen geleden geplaatst,https://kamernet.nl/huren/appartement-amsterdam/ben-van-meerendonkstraat/appartement-1990828,"{'Woonkamer': ' Eigen ', 'Keuken': ' Eigen ', 'Badkamer': ' Eigen ', 'Toilet': ' Eigen ', 'Internet': ' Ja ', 'Energielabel': ' A ', 'Huisdieren': ' Nee '}",appartement-1990828.html
Minckelersstraat,in Hilversum,11 m,Totale oppervlakte: 11 m 2,â‚¬ 650,p/m | incl. g/w/e,Gemeubileerd,01-10-2021 tot 01-04-2022,5 dagen geleden geplaatst,https://kamernet.nl/huren/kamer-hilversum/minckelersstraat/kamer-1990833,"{'Woonkamer': ' Geen ', 'Keuken': ' Gedeeld ', 'Badkamer': ' Gedeeld ', 'Toilet': ' Gedeeld ', 'Internet': ' Ja ', 'Energielabel': ' A ', 'Huisgenoten': '  3 ', 'Geslacht': ' Onbekend ', 'Huisdieren': ' Nee '}",kamer-1990833.html
Hasselobrink,in Enschede,18 m,,â‚¬ 430,p/m | incl. g/w/e,Gemeubileerd,28-09-2021,5 dagen geleden geplaatst,https://kamernet.nl/huren/kamer-enschede/hasselobrink/kamer-1990855,"{'Woonkamer': ' Gedeeld ', 'Keuken': ' Gedeeld ', 'Badkamer': ' Gedeeld ', 'Toilet': ' Gedeeld ', 'Internet': ' Ja ', 'Energielabel': ' Onbekend ', 'Huisgenoten': '  4  ', 'Geslacht': ' Gemengd ', 'Huisdieren': ' Nee '}",kamer-1990855.html
Praagsingel,in IJsselstein,30 m,,â‚¬ 825,p/m | incl. g/w/e,Gestoffeerd,01-11-2021,5 dagen geleden geplaatst,https://kamernet.nl/huren/studio-ijsselstein/praagsingel/studio-1990770,"{'Woonkamer': ' Geen ', 'Keuken': ' Eigen ', 'Badkamer': ' Eigen ', 'Toilet': ' Eigen ', 'Internet': ' Ja ', 'Energielabel': ' Onbekend ', 'Huisdieren': ' Nee '}",studio-1990770.html
Leidijk,in Bemmel,20 m,Totale oppervlakte: 120 m 2,â‚¬ 440,p/m | incl. g/w/e,Gestoffeerd,15-11-2021,5 dagen geleden geplaatst,https://kamernet.nl/huren/kamer-bemmel/leidijk/kamer-1990804,"{'Woonkamer': ' Gedeeld ', 'Keuken': ' Gedeeld ', 'Badkamer': ' Eigen ', 'Toilet': ' Gedeeld ', 'Internet': ' Ja ', 'Energielabel': ' A ', 'Huisgenoten': '  2 ', 'Geslacht': ' Gemengd ', 'Huisdieren': ' Nee '}",kamer-1990804.html
Meeuwenstraat,in Hoofddorp,70 m,,â‚¬ 1750,p/m | excl. g/w/e,Gemeubileerd,29-09-2021,5 dagen geleden geplaatst,https://kamernet.nl/huren/appartement-hoofddorp/meeuwenstraat/appartement-1990859,"{'Woonkamer': ' Eigen ', 'Keuken': ' Eigen ', 'Badkamer': ' Eigen ', 'Toilet': ' Eigen ', 'Internet': ' Ja ', 'Energielabel': ' Onbekend ', 'Huisdieren': ' Nee '}",appartement-1990859.html
Henri Didonweg,in Hoofddorp,10 m,,â‚¬ 750,p/m | incl. g/w/e,Gemeubileerd,28-07-2021,5 dagen geleden geplaatst,https://kamernet.nl/huren/kamer-hoofddorp/henri-didonweg/kamer-1990860,"{'Woonkamer': ' Gedeeld ', 'Keuken': ' Gedeeld ', 'Badkamer': ' Gedeeld ', 'Toilet': ' Gedeeld ', 'Internet': ' Onbekend ', 'Energielabel': ' Onbekend ', 'Huisgenoten': '  Onbekend  ', 'Geslacht': ' Onbekend ', 'Huisdieren': ' Nee '}",kamer-1990860.html
Witte de Withstraat,in Alphen aan den Rijn,12 m,Totale oppervlakte: 60 m 2,â‚¬ 450,p/m | incl. g/w/e,Gestoffeerd,28-09-2021,5 dagen geleden geplaatst,https://kamernet.nl/huren/kamer-alphen-aan-den-rijn/witte-de-withstraat/kamer-1990865,"{'Woonkamer': ' Eigen ', 'Keuken': ' Gedeeld ', 'Badkamer': ' Gedeeld ', 'Toilet': ' Gedeeld ', 'Internet': ' Ja ', 'Energielabel': ' Onbekend ', 'Huisgenoten': '  1 ', 'Geslacht': ' Man ', 'Huisdieren': ' Nee '}",kamer-1990865.html
Zomervlinderberm,in Houten,20 m,Totale oppervlakte: 6 m 2,â‚¬ 450,p/m | incl. g/w/e,Gemeubileerd,31-10-2021,5 dagen geleden geplaatst,https://kamernet.nl/huren/kamer-houten/zomervlinderberm/kamer-1990896,"{'Woonkamer': ' Onbekend ', 'Keuken': ' Onbekend ', 'Badkamer': ' Onbekend ', 'Toilet': ' Onbekend ', 'Internet': ' Onbekend ', 'Energielabel': ' Onbekend ', 'Huisgenoten': '  Onbekend  ', 'Geslacht': ' Onbekend ', 'Huisdieren': ' Nee '}",kamer-1990896.html
Straelseweg,in Venlo,14 m,,â‚¬ 280,p/m | excl. g/w/e,Gestoffeerd,08-10-2021,5 dagen geleden geplaatst,https://kamernet.nl/huren/kamer-venlo/straelseweg/kamer-1990873,"{'Woonkamer': ' Eigen ', 'Keuken': ' Gedeeld ', 'Badkamer': ' Gedeeld ', 'Toilet': ' Gedeeld ', 'Internet': ' Ja ', 'Energielabel': ' Onbekend ', 'Huisgenoten': '  3 ', 'Geslacht': ' Vrouw ', 'Huisdieren': ' Nee '}",kamer-1990873.html
Hortensiastraat,in Alphen aan den Rijn,80 m,,â‚¬ 1295,p/m | excl. g/w/e,Gestoffeerd,28-09-2021,5 dagen geleden geplaatst,https://kamernet.nl/huren/appartement-alphen-aan-den-rijn/hortensiastraat/appartement-1990887,"{'Woonkamer': ' Onbekend ', 'Keuken': ' Onbekend ', 'Badkamer': ' Onbekend ', 'Toilet': ' Onbekend ', 'Internet': ' Onbekend ', 'Energielabel': ' Onbekend ', 'Huisdieren': ' Nee '}",appartement-1990887.html
Schumanstraat,in Heerlen,124 m,,â‚¬ 850,p/m | excl. g/w/e,Gestoffeerd,28-09-2021,5 dagen geleden geplaatst,https://kamernet.nl/huren/appartement-heerlen/schumanstraat/appartement-1990888,"{'Woonkamer': ' Onbekend ', 'Keuken': ' Onbekend ', 'Badkamer': ' Onbekend ', 'Toilet': ' Onbekend ', 'Internet': ' Onbekend ', 'Energielabel': ' Onbekend ', 'Huisdieren': ' Nee '}",appartement-1990888.html
Teding van Berkhoutlaan,in Delft,11 m,Totale oppervlakte: 60 m 2,â‚¬ 400,p/m | incl. g/w/e,Gemeubileerd,10-11-2021,5 dagen geleden geplaatst,https://kamernet.nl/huren/kamer-delft/teding-van-berkhoutlaan/kamer-1990879,"{'Woonkamer': ' Geen ', 'Keuken': ' Gedeeld ', 'Badkamer': ' Gedeeld ', 'Toilet': ' Gedeeld ', 'Internet': ' Ja ', 'Energielabel': ' B ', 'Huisgenoten': '  2 ', 'Geslacht': ' Gemengd ', 'Huisdieren': ' Nee '}",kamer-1990879.html
Lange Linden,in Katwijk NB,40 m,,â‚¬ 500,p/m | incl. g/w/e,Gemeubileerd,28-09-2021,5 dagen geleden geplaatst,https://kamernet.nl/huren/kamer-katwijk-nb/lange-linden/kamer-1990874,"{'Woonkamer': ' Eigen ', 'Keuken': ' Eigen ', 'Badkamer': ' Eigen ', 'Toilet': ' Eigen ', 'Internet': ' Ja ', 'Energielabel': ' C ', 'Huisgenoten': '  Onbekend  ', 'Geslacht': ' Onbekend ', 'Huisdieren': ' Nee '}",kamer-1990874.html
Bostuin,in Almere,9 m,,â‚¬ 398,p/m | incl. g/w/e,Kaal,01-10-2021,5 dagen geleden geplaatst,https://kamernet.nl/huren/kamer-almere/bostuin/kamer-1990899,"{'Woonkamer': ' Gedeeld ', 'Keuken': ' Gedeeld ', 'Badkamer': ' Gedeeld ', 'Toilet': ' Gedeeld ', 'Internet': ' Ja ', 'Energielabel': ' Onbekend ', 'Huisgenoten': '  4  ', 'Geslacht': ' Gemengd ', 'Huisdieren': ' Nee '}",kamer-1990899.html
De Marke,in Drachten,11 m,Totale oppervlakte: 11 m 2,â‚¬ 330,p/m | incl. g/w/e,Gemeubileerd,01-10-2021 tot 31-12-2021,5 dagen geleden geplaatst,https://kamernet.nl/huren/kamer-drachten/de-marke/kamer-1990909,"{'Woonkamer': ' Geen ', 'Keuken': ' Gedeeld ', 'Badkamer': ' Gedeeld ', 'Toilet': ' Gedeeld ', 'Internet': ' Onbekend ', 'Energielabel': ' Onbekend ', 'Huisgenoten': '  1 ', 'Geslacht': ' Vrouw ', 'Huisdieren': ' Nee '}",kamer-1990909.html
Hoge Steenweg,in Breda,25 m,Totaal 1 kamer (1 slaapkamer) ,â‚¬ 720,p/m | incl. g/w/e,Gestoffeerd,28-09-2021,4 dagen geleden geplaatst,https://kamernet.nl/huren/studio-breda/hoge-steenweg/studio-1990912,"{'Woonkamer': ' Eigen ', 'Keuken': ' Eigen ', 'Badkamer': ' Gedeeld ', 'Toilet': ' Gedeeld ', 'Internet': ' Ja ', 'Energielabel': ' Onbekend ', 'Huisdieren': ' Nee '}",studio-1990912.html
Bonaventurastraat,in Rotterdam,12 m,,â‚¬ 410,p/m | incl. g/w/e,Gestoffeerd,17-10-2021,5 dagen geleden geplaatst,https://kamernet.nl/huren/kamer-rotterdam/bonaventurastraat/kamer-1990844,"{'Woonkamer': ' Gedeeld ', 'Keuken': ' Gedeeld ', 'Badkamer': ' Gedeeld ', 'Toilet': ' Gedeeld ', 'Internet': ' Ja ', 'Energielabel': ' Onbekend ', 'Huisgenoten': '  1 ', 'Geslacht': ' Man ', 'Huisdieren': ' Nee '}",kamer-1990844.html
Mauritsweg,in Dordrecht,25 m,,â‚¬ 460,p/m | incl. g/w/e,Kaal,28-09-2021 tot 31-12-2022,5 dagen geleden geplaatst,https://kamernet.nl/huren/studio-dordrecht/mauritsweg/studio-1990907,"{'Woonkamer': ' Eigen ', 'Keuken': ' Eigen ', 'Badkamer': ' Eigen ', 'Toilet': ' Eigen ', 'Internet': ' Ja ', 'Energielabel': ' C ', 'Huisdieren': ' Nee '}",studio-1990907.html
Graan voor Visch,in Hoofddorp,25 m,,â‚¬ 675,p/m | incl. g/w/e,Gemeubileerd,14-09-2021,4 dagen geleden geplaatst,https://kamernet.nl/huren/studio-hoofddorp/graan-voor-visch/studio-1990913,"{'Woonkamer': ' Geen ', 'Keuken': ' Eigen ', 'Badkamer': ' Gedeeld ', 'Toilet': ' Gedeeld ', 'Internet': ' Onbekend ', 'Energielabel': ' Onbekend ', 'Huisdieren': ' Nee '}",studio-1990913.html
Pauwstraat,in Utrecht,25 m,,â‚¬ 1200,p/m | incl. g/w/e,Gemeubileerd,15-11-2021,4 dagen geleden geplaatst,https://kamernet.nl/huren/studio-utrecht/pauwstraat/studio-1990908,"{'Woonkamer': ' Eigen ', 'Keuken': ' Eigen ', 'Badkamer': ' Eigen ', 'Toilet': ' Eigen ', 'Internet': ' Ja ', 'Energielabel': ' C ', 'Huisdieren': ' Nee '}",studio-1990908.html
Vurehout,in Zaandam,80 m,Totaal 3 kamers (2 slaapkamers) ,â‚¬ 1500,p/m | excl. g/w/e,Gemeubileerd,20-10-2021,5 dagen geleden geplaatst,https://kamernet.nl/huren/appartement-zaandam/vurehout/appartement-1990905,"{'Woonkamer': ' Eigen ', 'Keuken': ' Eigen ', 'Badkamer': ' Eigen ', 'Toilet': ' Eigen ', 'Internet': ' Nee ', 'Energielabel': ' Onbekend ', 'Huisdieren': ' Nee '}",appartement-1990905.html
De Goorn,in De Goorn,25 m,Totale oppervlakte: 5 m 2,â‚¬ 350,p/m | incl. g/w/e,Gemeubileerd,28-09-2021 tot 01-05-2022,4 dagen geleden geplaatst,https://kamernet.nl/huren/kamer-de-goorn/de-goorn/kamer-1990920,"{'Woonkamer': ' Eigen ', 'Keuken': ' Eigen ', 'Badkamer': ' Eigen ', 'Toilet': ' Eigen ', 'Internet': ' Ja ', 'Energielabel': ' Onbekend ', 'Huisgenoten': '  Onbekend  ', 'Geslacht': ' Onbekend ', 'Huisdieren': ' Nee '}",kamer-1990920.html
Leeuwenstraat,in Hilversum,20 m,,â‚¬ 630,p/m | incl. g/w/e,Gestoffeerd,01-11-2021,4 dagen geleden geplaatst,https://kamernet.nl/huren/kamer-hilversum/leeuwenstraat/kamer-1990916,"{'Woonkamer': ' Geen ', 'Keuken': ' Gedeeld ', 'Badkamer': ' Gedeeld ', 'Toilet': ' Gedeeld ', 'Internet': ' Ja ', 'Energielabel': ' Onbekend ', 'Huisgenoten': '  3 ', 'Geslacht': ' Man ', 'Huisdieren': ' Nee '}",kamer-1990916.html
Oost Havenstraat,in Leiden,20 m,,â‚¬ 750,p/m | incl. g/w/e,Kaal,24-09-2021 tot 31-12-2021,4 dagen geleden geplaatst,https://kamernet.nl/huren/kamer-leiden/oost-havenstraat/kamer-1990341,"{'Woonkamer': ' Eigen ', 'Keuken': ' Gedeeld ', 'Badkamer': ' Eigen ', 'Toilet': ' Eigen ', 'Internet': ' Ja ', 'Energielabel': ' Onbekend ', 'Huisgenoten': '  4  ', 'Geslacht': ' Gemengd ', 'Huisdieren': ' Nee '}",kamer-1990341.html
Oost Havenstraat,in Leiden,45 m,Totaal 1 kamer (1 slaapkamer) ,â‚¬ 950,p/m | incl. g/w/e,Gestoffeerd,29-09-2020,4 dagen geleden geplaatst,https://kamernet.nl/huren/studio-leiden/oost-havenstraat/studio-1855813,"{'Woonkamer': ' Eigen ', 'Keuken': ' Gedeeld ', 'Badkamer': ' Eigen ', 'Toilet': ' Eigen ', 'Internet': ' Ja ', 'Energielabel': ' Onbekend ', 'Huisdieren': ' Nee '}",studio-1855813.html
Westerdok,in Amsterdam,90 m,Totaal 3 kamers,â‚¬ 2150,p/m | excl. g/w/e,Gemeubileerd,04-10-2021 tot 04-10-2023,4 dagen geleden geplaatst,https://kamernet.nl/huren/appartement-amsterdam/westerdok/appartement-1990937,"{'Woonkamer': ' Onbekend ', 'Keuken': ' Onbekend ', 'Badkamer': ' Onbekend ', 'Toilet': ' Onbekend ', 'Internet': ' Onbekend ', 'Energielabel': ' Onbekend ', 'Huisdieren': ' Nee '}",appartement-1990937.html
Lange Wal,in Arnhem,9 m,Totaal 1 kamer,â‚¬ 280,p/m | incl. g/w/e,Gemeubileerd,28-09-2021,4 dagen geleden geplaatst,https://kamernet.nl/huren/appartement-arnhem/lange-wal/appartement-1990936,"{'Woonkamer': ' Onbekend ', 'Keuken': ' Onbekend ', 'Badkamer': ' Onbekend ', 'Toilet': ' Onbekend ', 'Internet': ' Onbekend ', 'Energielabel': ' Onbekend ', 'Huisdieren': ' Nee '}",appartement-1990936.html
Emmastraat,in Enschede,20 m,,â‚¬ 160,p/m | excl. g/w/e,Gemeubileerd,28-09-2021,4 dagen geleden geplaatst,https://kamernet.nl/huren/kamer-enschede/emmastraat/kamer-1990943,"{'Woonkamer': ' Gedeeld ', 'Keuken': ' Gedeeld ', 'Badkamer': ' Gedeeld ', 'Toilet': ' Gedeeld ', 'Internet': ' Ja ', 'Energielabel': ' Onbekend ', 'Huisgenoten': '  8  ', 'Geslacht': ' Man ', 'Huisdieren': ' Nee '}",kamer-1990943.html
Diependaalselaan,in Hilversum,75 m,Totaal 3 kamers,â‚¬ 1400,p/m | excl. g/w/e,Gemeubileerd,28-09-2021,4 dagen geleden geplaatst,https://kamernet.nl/huren/appartement-hilversum/diependaalselaan/appartement-1990933,"{'Woonkamer': ' Onbekend ', 'Keuken': ' Onbekend ', 'Badkamer': ' Onbekend ', 'Toilet': ' Onbekend ', 'Internet': ' Onbekend ', 'Energielabel': ' Onbekend ', 'Huisdieren': ' Nee '}",appartement-1990933.html
Fahrenheitlaan,in Utrecht,70 m,Totaal 3 kamers,â‚¬ 1350,p/m | excl. g/w/e,Gestoffeerd,02-10-2021,4 dagen geleden geplaatst,https://kamernet.nl/huren/appartement-utrecht/fahrenheitlaan/appartement-1990939,"{'Woonkamer': ' Onbekend ', 'Keuken': ' Onbekend ', 'Badkamer': ' Onbekend ', 'Toilet': ' Onbekend ', 'Internet': ' Onbekend ', 'Energielabel': ' Onbekend ', 'Huisdieren': ' In overleg '}",appartement-1990939.html
Gildemeestersplein,in Arnhem,18 m,,â‚¬ 475,p/m | incl. g/w/e,Gemeubileerd,02-10-2021,4 dagen geleden geplaatst,https://kamernet.nl/huren/kamer-arnhem/gildemeestersplein/kamer-1990934,"{'Woonkamer': ' Onbekend ', 'Keuken': ' Onbekend ', 'Badkamer': ' Onbekend ', 'Toilet': ' Onbekend ', 'Internet': ' Onbekend ', 'Energielabel': ' Onbekend ', 'Huisgenoten': '  Onbekend  ', 'Geslacht': ' Onbekend ', 'Huisdieren': ' In overleg '}",kamer-1990934.html
Calslaan,in Enschede,28 m,,â‚¬ 370,p/m | incl. g/w/e,Kaal,21-10-2021,4 dagen geleden geplaatst,https://kamernet.nl/huren/kamer-enschede/calslaan/kamer-1990960,"{'Woonkamer': ' Gedeeld ', 'Keuken': ' Gedeeld ', 'Badkamer': ' Gedeeld ', 'Toilet': ' Gedeeld ', 'Internet': ' Ja ', 'Energielabel': ' Onbekend ', 'Huisgenoten': '  7 ', 'Geslacht': ' Gemengd ', 'Huisdieren': ' Nee '}",kamer-1990960.html
Bonaventurastraat,in Rotterdam,45 m,Totaal 2 kamers (1 slaapkamer) ,â‚¬ 800,p/m | excl. g/w/e,Gestoffeerd,28-09-2021,4 dagen geleden geplaatst,https://kamernet.nl/huren/studio-rotterdam/bonaventurastraat/studio-1990940,"{'Woonkamer': ' Eigen ', 'Keuken': ' Eigen ', 'Badkamer': ' Eigen ', 'Toilet': ' Eigen ', 'Internet': ' Onbekend ', 'Energielabel': ' Onbekend ', 'Huisdieren': ' In overleg '}",studio-1990940.html
Sweelinckplein,in Den Haag,68 m,Totaal 2 kamers,â‚¬ 1750,p/m | excl. g/w/e,Gemeubileerd,29-09-2021,4 dagen geleden geplaatst,https://kamernet.nl/huren/appartement-den-haag/sweelinckplein/appartement-1990938,"{'Woonkamer': ' Onbekend ', 'Keuken': ' Onbekend ', 'Badkamer': ' Onbekend ', 'Toilet': ' Onbekend ', 'Internet': ' Onbekend ', 'Energielabel': ' Onbekend ', 'Huisdieren': ' In overleg '}",appartement-1990938.html
Kanaalweg,in Zwolle,62 m,,â‚¬ 800,p/m | incl. g/w/e,Gestoffeerd,01-11-2021 tot 31-10-2023,5 dagen geleden geplaatst,https://kamernet.nl/huren/appartement-zwolle/kanaalweg/appartement-1990825,"{'Woonkamer': ' Eigen ', 'Keuken': ' Eigen ', 'Badkamer': ' Eigen ', 'Toilet': ' Eigen ', 'Internet': ' Ja ', 'Energielabel': ' Onbekend ', 'Huisdieren': ' Nee '}",appartement-1990825.html
Klikspaanweg,in Leiden,12 m,,â‚¬ 344,p/m | incl. g/w/e,Kaal,05-11-2021,4 dagen geleden geplaatst,https://kamernet.nl/huren/kamer-leiden/klikspaanweg/kamer-1990929,"{'Woonkamer': ' Gedeeld ', 'Keuken': ' Gedeeld ', 'Badkamer': ' Gedeeld ', 'Toilet': ' Gedeeld ', 'Internet': ' Ja ', 'Energielabel': ' Onbekend ', 'Huisgenoten': '  3 ', 'Geslacht': ' Man ', 'Huisdieren': ' Nee '}",kamer-1990929.html
Adrien Mildersstraat,in Rotterdam,15 m,Totale oppervlakte: 103 m 2,â‚¬ 417,p/m | excl. g/w/e,Kaal,01-10-2021,4 dagen geleden geplaatst,https://kamernet.nl/huren/kamer-rotterdam/adrien-mildersstraat/kamer-1990950,"{'Woonkamer': ' Gedeeld ', 'Keuken': ' Gedeeld ', 'Badkamer': ' Gedeeld ', 'Toilet': ' Gedeeld ', 'Internet': ' Ja ', 'Energielabel': ' Onbekend ', 'Huisgenoten': '  2 ', 'Geslacht': ' Man ', 'Huisdieren': ' Nee '}",kamer-1990950.html
Jacoba van Beierenlaan,in Delft,10 m,Totale oppervlakte: 75 m 2,â‚¬ 305,p/m | incl. g/w/e,Gestoffeerd,15-10-2021,4 dagen geleden geplaatst,https://kamernet.nl/huren/kamer-delft/jacoba-van-beierenlaan/kamer-1990951,"{'Woonkamer': ' Gedeeld ', 'Keuken': ' Gedeeld ', 'Badkamer': ' Gedeeld ', 'Toilet': ' Gedeeld ', 'Internet': ' Ja ', 'Energielabel': ' Onbekend ', 'Huisgenoten': '  Meer dan 8 ', 'Geslacht': ' Gemengd ', 'Huisdieren': ' Nee '}",kamer-1990951.html
Aan 't Verlaat,in Delft,24 m,,â‚¬ 498,p/m | incl. g/w/e,Gestoffeerd,05-07-2021,4 dagen geleden geplaatst,https://kamernet.nl/huren/kamer-delft/aan-'t-verlaat/kamer-1967063,"{'Woonkamer': ' Gedeeld ', 'Keuken': ' Gedeeld ', 'Badkamer': ' Gedeeld ', 'Toilet': ' Gedeeld ', 'Internet': ' Ja ', 'Energielabel': ' Onbekend ', 'Huisgenoten': '  8  ', 'Geslacht': ' Man ', 'Huisdieren': ' Nee '}",kamer-1967063.html
Doddendaal,in Eindhoven,125 m,Totaal 3 kamers,â‚¬ 1750,p/m | excl. g/w/e,Gemeubileerd,01-10-2021,3 dagen geleden geplaatst,https://kamernet.nl/huren/appartement-eindhoven/doddendaal/appartement-1991344,"{'Woonkamer': ' Onbekend ', 'Keuken': ' Onbekend ', 'Badkamer': ' Onbekend ', 'Toilet': ' Onbekend ', 'Internet': ' Onbekend ', 'Energielabel': ' Onbekend ', 'Huisdieren': ' Nee '}",appartement-1991344.html
Stroveer,in Rotterdam,12 m,,â‚¬ 500,p/m | incl. g/w/e,Gestoffeerd,01-11-2021,4 dagen geleden geplaatst,https://kamernet.nl/huren/kamer-rotterdam/stroveer/kamer-1990968,"{'Woonkamer': ' Gedeeld ', 'Keuken': ' Gedeeld ', 'Badkamer': ' Gedeeld ', 'Toilet': ' Gedeeld ', 'Internet': ' Ja ', 'Energielabel': ' A ', 'Huisgenoten': '  3 ', 'Geslacht': ' Gemengd ', 'Huisdieren': ' Nee '}",kamer-1990968.html
Soesterweg,in Amersfoort,30 m,Totaal 2 kamers (1 slaapkamer) ,â‚¬ 695,p/m | incl. g/w/e,Gestoffeerd,01-11-2021,4 dagen geleden geplaatst,https://kamernet.nl/huren/studio-amersfoort/soesterweg/studio-1990958,"{'Woonkamer': ' Eigen ', 'Keuken': ' Eigen ', 'Badkamer': ' Gedeeld ', 'Toilet': ' Gedeeld ', 'Internet': ' Ja ', 'Energielabel': ' Onbekend ', 'Huisdieren': ' Nee '}",studio-1990958.html
Hof,in Bergeijk,50 m,,â‚¬ 500,p/m | excl. g/w/e,Gestoffeerd,28-09-2021,4 dagen geleden geplaatst,https://kamernet.nl/huren/appartement-bergeijk/hof/appartement-1990964,"{'Woonkamer': ' Eigen ', 'Keuken': ' Eigen ', 'Badkamer': ' Eigen ', 'Toilet': ' Eigen ', 'Internet': ' Onbekend ', 'Energielabel': ' Onbekend ', 'Huisdieren': ' Nee '}",appartement-1990964.html
Heemstedestraat,in Amsterdam,21 m,,â‚¬ 770,p/m | incl. g/w/e,Gemeubileerd,17-10-2021 tot 11-12-2021,4 dagen geleden geplaatst,https://kamernet.nl/huren/kamer-amsterdam/heemstedestraat/kamer-1990946,"{'Woonkamer': ' Gedeeld ', 'Keuken': ' Gedeeld ', 'Badkamer': ' Gedeeld ', 'Toilet': ' Gedeeld ', 'Internet': ' Ja ', 'Energielabel': ' Onbekend ', 'Huisgenoten': '  3 ', 'Geslacht': ' Vrouw ', 'Huisdieren': ' Nee '}",kamer-1990946.html
Brandenburgerweg,in Maastricht,89 m,,â‚¬ 1695,p/m | incl. g/w/e,Gemeubileerd,29-10-2021,4 dagen geleden geplaatst,https://kamernet.nl/huren/appartement-maastricht/brandenburgerweg/appartement-1990760,"{'Woonkamer': ' Eigen ', 'Keuken': ' Eigen ', 'Badkamer': ' Eigen ', 'Toilet': ' Eigen ', 'Internet': ' Nee ', 'Energielabel': ' Onbekend ', 'Huisdieren': ' Nee '}",appartement-1990760.html
Vijfhagen,in Breda,65 m,Totaal 2 kamers (1 slaapkamer) ,â‚¬ 1150,p/m | excl. g/w/e,Gemeubileerd,01-11-2021,4 dagen geleden geplaatst,https://kamernet.nl/huren/appartement-breda/vijfhagen/appartement-1990901,"{'Woonkamer': ' Eigen ', 'Keuken': ' Eigen ', 'Badkamer': ' Eigen ', 'Toilet': ' Eigen ', 'Internet': ' Ja ', 'Energielabel': ' Onbekend ', 'Huisdieren': ' Nee '}",appartement-1990901.html
Robijnstraat,in Groningen,46 m,Totaal 2 kamers (1 slaapkamer) ,â‚¬ 825,p/m | incl. g/w/e,Gestoffeerd,01-10-2021,4 dagen geleden geplaatst,https://kamernet.nl/huren/appartement-groningen/robijnstraat/appartement-1990948,"{'Woonkamer': ' Eigen ', 'Keuken': ' Eigen ', 'Badkamer': ' Eigen ', 'Toilet': ' Eigen ', 'Internet': ' Onbekend ', 'Energielabel': ' Onbekend ', 'Huisdieren': ' Nee '}",appartement-1990948.html
Staalmeesterslaan,in Amsterdam,13 m,,â‚¬ 615,p/m | incl. g/w/e,Kaal,01-11-2021,4 dagen geleden geplaatst,https://kamernet.nl/huren/kamer-amsterdam/staalmeesterslaan/kamer-1990973,"{'Woonkamer': ' Geen ', 'Keuken': ' Gedeeld ', 'Badkamer': ' Gedeeld ', 'Toilet': ' Gedeeld ', 'Internet': ' Ja ', 'Energielabel': ' Onbekend ', 'Huisgenoten': '  2 ', 'Geslacht': ' Man ', 'Huisdieren': ' Nee '}",kamer-1990973.html
Parallelweg,in Koog aan de Zaan,10 m,Totale oppervlakte: 100 m 2,â‚¬ 750,p/m | incl. g/w/e,Gemeubileerd,28-09-2021 tot 28-12-2023,4 dagen geleden geplaatst,https://kamernet.nl/huren/kamer-koog-aan-de-zaan/parallelweg/kamer-1990980,"{'Woonkamer': ' Gedeeld ', 'Keuken': ' Gedeeld ', 'Badkamer': ' Eigen ', 'Toilet': ' Eigen ', 'Internet': ' Ja ', 'Energielabel': ' Onbekend ', 'Huisgenoten': '  3 ', 'Geslacht': ' Vrouw ', 'Huisdieren': ' In overleg '}",kamer-1990980.html
Van der Brugghenstraat,in Delft,25 m,Totale oppervlakte: 100 m 2,â‚¬ 400,p/m | excl. g/w/e,Gemeubileerd,31-10-2021 tot 22-01-2022,4 dagen geleden geplaatst,https://kamernet.nl/huren/kamer-delft/van-der-brugghenstraat/kamer-1990978,"{'Woonkamer': ' Gedeeld ', 'Keuken': ' Gedeeld ', 'Badkamer': ' Eigen ', 'Toilet': ' Eigen ', 'Internet': ' Ja ', 'Energielabel': ' Onbekend ', 'Huisgenoten': '  7 ', 'Geslacht': ' Man ', 'Huisdieren': ' In overleg '}",kamer-1990978.html
Tussendek,in Amsterdam,9 m,Totale oppervlakte: 85 m 2,â‚¬ 667,p/m | excl. g/w/e,Gestoffeerd,11-10-2021,4 dagen geleden geplaatst,https://kamernet.nl/huren/kamer-amsterdam/tussendek/kamer-1990984,"{'Woonkamer': ' Gedeeld ', 'Keuken': ' Gedeeld ', 'Badkamer': ' Gedeeld ', 'Toilet': ' Gedeeld ', 'Internet': ' Nee ', 'Energielabel': ' Onbekend ', 'Huisgenoten': '  2 ', 'Geslacht': ' Gemengd ', 'Huisdieren': ' In overleg '}",kamer-1990984.html
Kerkstraat,in Arnhem,15 m,Totale oppervlakte: 285 m 2,â‚¬ 632,p/m | incl. g/w/e,Gestoffeerd,01-10-2021 tot 01-02-2022,4 dagen geleden geplaatst,https://kamernet.nl/huren/kamer-arnhem/kerkstraat/kamer-1990970,"{'Woonkamer': ' Gedeeld ', 'Keuken': ' Gedeeld ', 'Badkamer': ' Gedeeld ', 'Toilet': ' Gedeeld ', 'Internet': ' Ja ', 'Energielabel': ' Onbekend ', 'Huisgenoten': '  3 ', 'Geslacht': ' Man ', 'Huisdieren': ' Ja '}",kamer-1990970.html
Bankastraat,in Groningen,15 m,Totale oppervlakte: 95 m 2,â‚¬ 325,p/m | incl. g/w/e,Gestoffeerd,27-09-2021,5 dagen geleden geplaatst,https://kamernet.nl/huren/kamer-groningen/bankastraat/kamer-1990787,"{'Woonkamer': ' Geen ', 'Keuken': ' Gedeeld ', 'Badkamer': ' Gedeeld ', 'Toilet': ' Gedeeld ', 'Internet': ' Ja ', 'Energielabel': ' A ', 'Huisgenoten': '  3 ', 'Geslacht': ' Man ', 'Huisdieren': ' Nee '}",kamer-1990787.html
Burglaan,in Apeldoorn,25 m,,â‚¬ 425,p/m | incl. g/w/e,Gestoffeerd,28-09-2021,4 dagen geleden geplaatst,https://kamernet.nl/huren/kamer-apeldoorn/burglaan/kamer-1990990,"{'Woonkamer': ' Eigen ', 'Keuken': ' Eigen ', 'Badkamer': ' Gedeeld ', 'Toilet': ' Gedeeld ', 'Internet': ' Ja ', 'Energielabel': ' Onbekend ', 'Huisgenoten': '  2 ', 'Geslacht': ' Onbekend ', 'Huisdieren': ' Nee '}",kamer-1990990.html
Digna Johannaweg,in Hoogvliet Rotterdam,12 m,,â‚¬ 700,p/m | incl. g/w/e,Gemeubileerd,13-10-2021,4 dagen geleden geplaatst,https://kamernet.nl/huren/kamer-hoogvliet-rotterdam/digna-johannaweg/kamer-1990995,"{'Woonkamer': ' Geen ', 'Keuken': ' Gedeeld ', 'Badkamer': ' Gedeeld ', 'Toilet': ' Gedeeld ', 'Internet': ' Ja ', 'Energielabel': ' Onbekend ', 'Huisgenoten': '  2 ', 'Geslacht': ' Gemengd ', 'Huisdieren': ' Nee '}",kamer-1990995.html
Graaf Florisstraat,in Rotterdam,25 m,Totale oppervlakte: 130 m 2,â‚¬ 630,p/m | incl. g/w/e,Gemeubileerd,15-10-2021 tot 19-11-2021,4 dagen geleden geplaatst,https://kamernet.nl/huren/kamer-rotterdam/graaf-florisstraat/kamer-1990971,"{'Woonkamer': ' Gedeeld ', 'Keuken': ' Gedeeld ', 'Badkamer': ' Gedeeld ', 'Toilet': ' Gedeeld ', 'Internet': ' Ja ', 'Energielabel': ' Onbekend ', 'Huisgenoten': '  2 ', 'Geslacht': ' Vrouw ', 'Huisdieren': ' Nee '}",kamer-1990971.html
Theodoor van Hoytemastraat,in Amsterdam,103 m,Totaal 3 kamers (2 slaapkamers) ,â‚¬ 1800,p/m | excl. g/w/e,Gemeubileerd,01-11-2021 tot 31-03-2022,5 dagen geleden geplaatst,https://kamernet.nl/huren/appartement-amsterdam/theodoor-van-hoytemastraat/appartement-1990786,"{'Woonkamer': ' Eigen ', 'Keuken': ' Eigen ', 'Badkamer': ' Eigen ', 'Toilet': ' Eigen ', 'Internet': ' Ja ', 'Energielabel': ' A ', 'Huisdieren': ' Nee '}",appartement-1990786.html
Korte Kerkstraat,in Terneuzen,23 m,Totale oppervlakte: 20 m 2,â‚¬ 525,p/m | incl. g/w/e,Gemeubileerd,29-09-2021,4 dagen geleden geplaatst,https://kamernet.nl/huren/kamer-terneuzen/korte-kerkstraat/kamer-1990994,"{'Woonkamer': ' Geen ', 'Keuken': ' Gedeeld ', 'Badkamer': ' Gedeeld ', 'Toilet': ' Gedeeld ', 'Internet': ' Ja ', 'Energielabel': ' Onbekend ', 'Huisgenoten': '  6 ', 'Geslacht': ' Gemengd ', 'Huisdieren': ' Nee '}",kamer-1990994.html
Boris Pasternakstraat,in Amsterdam,70 m,Totaal 3 kamers (2 slaapkamers) ,â‚¬ 1500,p/m | excl. g/w/e,Gestoffeerd,01-02-2022 tot 31-01-2023,4 dagen geleden geplaatst,https://kamernet.nl/huren/appartement-amsterdam/boris-pasternakstraat/appartement-1990999,"{'Woonkamer': ' Eigen ', 'Keuken': ' Eigen ', 'Badkamer': ' Eigen ', 'Toilet': ' Eigen ', 'Internet': ' Nee ', 'Energielabel': ' C ', 'Huisdieren': ' Nee '}",appartement-1990999.html
Schaapsweg,in Ede,10 m,,â‚¬ 360,p/m | incl. g/w/e,Gestoffeerd,28-09-2021,4 dagen geleden geplaatst,https://kamernet.nl/huren/kamer-ede/schaapsweg/kamer-1990993,"{'Woonkamer': ' Geen ', 'Keuken': ' Gedeeld ', 'Badkamer': ' Gedeeld ', 'Toilet': ' Gedeeld ', 'Internet': ' Ja ', 'Energielabel': ' Onbekend ', 'Huisgenoten': '  4  ', 'Geslacht': ' Gemengd ', 'Huisdieren': ' Nee '}",kamer-1990993.html
Rietmolenstraat,in Enschede,24 m,Totale oppervlakte: 40 m 2,â‚¬ 298,p/m | excl. g/w/e,Gestoffeerd,01-12-2021,4 dagen geleden geplaatst,https://kamernet.nl/huren/kamer-enschede/rietmolenstraat/kamer-1990983,"{'Woonkamer': ' Eigen ', 'Keuken': ' Gedeeld ', 'Badkamer': ' Gedeeld ', 'Toilet': ' Gedeeld ', 'Internet': ' Onbekend ', 'Energielabel': ' Onbekend ', 'Huisgenoten': '  1 ', 'Geslacht': ' Vrouw ', 'Huisdieren': ' Nee '}",kamer-1990983.html
Postelse Hoeflaan,in Tilburg,45 m,,â‚¬ 780,p/m | incl. g/w/e,Kaal,01-10-2021,4 dagen geleden geplaatst,https://kamernet.nl/huren/kamer-tilburg/postelse-hoeflaan/kamer-1991033,"{'Woonkamer': ' Eigen ', 'Keuken': ' Eigen ', 'Badkamer': ' Eigen ', 'Toilet': ' Eigen ', 'Internet': ' Nee ', 'Energielabel': ' Onbekend ', 'Huisgenoten': '  Onbekend  ', 'Geslacht': ' Onbekend ', 'Huisdieren': ' Nee '}",kamer-1991033.html
Vismarktstraat,in Breda,50 m,,â‚¬ 700,p/m | incl. g/w/e,Gestoffeerd,01-10-2021,4 dagen geleden geplaatst,https://kamernet.nl/huren/kamer-breda/vismarktstraat/kamer-1990965,"{'Woonkamer': ' Eigen ', 'Keuken': ' Eigen ', 'Badkamer': ' Gedeeld ', 'Toilet': ' Gedeeld ', 'Internet': ' Ja ', 'Energielabel': ' Onbekend ', 'Huisgenoten': '  1 ', 'Geslacht': ' Gemengd ', 'Huisdieren': ' Nee '}",kamer-1990965.html
Kasteel Bleienbeekstraat,in Maastricht,12 m,Totale oppervlakte: 70 m 2,â‚¬ 375,p/m | incl. g/w/e,Kaal,28-09-2021,4 dagen geleden geplaatst,https://kamernet.nl/huren/kamer-maastricht/kasteel-bleienbeekstraat/kamer-1991003,"{'Woonkamer': ' Geen ', 'Keuken': ' Gedeeld ', 'Badkamer': ' Gedeeld ', 'Toilet': ' Gedeeld ', 'Internet': ' Ja ', 'Energielabel': ' Onbekend ', 'Huisgenoten': '  2 ', 'Geslacht': ' Gemengd ', 'Huisdieren': ' Nee '}",kamer-1991003.html
Entrepotbrug,in Amsterdam,20 m,Totale oppervlakte: 100 m 2,â‚¬ 820,p/m | incl. g/w/e,Gestoffeerd,01-11-2021,4 dagen geleden geplaatst,https://kamernet.nl/huren/kamer-amsterdam/entrepotbrug/kamer-1991031,"{'Woonkamer': ' Gedeeld ', 'Keuken': ' Gedeeld ', 'Badkamer': ' Gedeeld ', 'Toilet': ' Gedeeld ', 'Internet': ' Ja ', 'Energielabel': ' Onbekend ', 'Huisgenoten': '  Onbekend  ', 'Geslacht': ' Onbekend ', 'Huisdieren': ' Ja '}",kamer-1991031.html
Meidoornstraat,in Den Haag,9 m,,â‚¬ 472,p/m | incl. g/w/e,Gestoffeerd,01-02-2022,4 dagen geleden geplaatst,https://kamernet.nl/huren/kamer-den-haag/meidoornstraat/kamer-1991014,"{'Woonkamer': ' Gedeeld ', 'Keuken': ' Gedeeld ', 'Badkamer': ' Gedeeld ', 'Toilet': ' Gedeeld ', 'Internet': ' Ja ', 'Energielabel': ' Onbekend ', 'Huisgenoten': '  1 ', 'Geslacht': ' Vrouw ', 'Huisdieren': ' Nee '}",kamer-1991014.html
Eeldersingel,in Groningen,22 m,Totaal 1 kamer (1 slaapkamer) ,â‚¬ 700,p/m | incl. g/w/e,Gestoffeerd,04-10-2021,4 dagen geleden geplaatst,https://kamernet.nl/huren/studio-groningen/eeldersingel/studio-1990985,"{'Woonkamer': ' Eigen ', 'Keuken': ' Eigen ', 'Badkamer': ' Eigen ', 'Toilet': ' Eigen ', 'Internet': ' Ja ', 'Energielabel': ' Onbekend ', 'Huisdieren': ' Nee '}",studio-1990985.html
Juliusstraat,in Eindhoven,12 m,,â‚¬ 360,p/m | incl. g/w/e,Gemeubileerd,25-10-2021,4 dagen geleden geplaatst,https://kamernet.nl/huren/kamer-eindhoven/juliusstraat/kamer-1990684,"{'Woonkamer': ' Gedeeld ', 'Keuken': ' Gedeeld ', 'Badkamer': ' Gedeeld ', 'Toilet': ' Gedeeld ', 'Internet': ' Ja ', 'Energielabel': ' Onbekend ', 'Huisgenoten': '  5 ', 'Geslacht': ' Man ', 'Huisdieren': ' Nee '}",kamer-1990684.html
Minnemastraat,in Leeuwarden,52 m,Totaal 2 kamers (1 slaapkamer) ,â‚¬ 752,p/m | excl. g/w/e,Gestoffeerd,28-09-2021,4 dagen geleden geplaatst,https://kamernet.nl/huren/appartement-leeuwarden/minnemastraat/appartement-1991038,"{'Woonkamer': ' Eigen ', 'Keuken': ' Eigen ', 'Badkamer': ' Eigen ', 'Toilet': ' Eigen ', 'Internet': ' Onbekend ', 'Energielabel': ' Onbekend ', 'Huisdieren': ' Nee '}",appartement-1991038.html
Torenvalklaan,in Den Haag,48 m,Totale oppervlakte: 100 m 2,â‚¬ 950,p/m | incl. g/w/e,Gemeubileerd,03-10-2021,4 dagen geleden geplaatst,https://kamernet.nl/huren/kamer-den-haag/torenvalklaan/kamer-1990986,"{'Woonkamer': ' Gedeeld ', 'Keuken': ' Gedeeld ', 'Badkamer': ' Gedeeld ', 'Toilet': ' Gedeeld ', 'Internet': ' Ja ', 'Energielabel': ' Onbekend ', 'Huisgenoten': '  2 ', 'Geslacht': ' Man ', 'Huisdieren': ' Nee '}",kamer-1990986.html
Twentelaan,in Eindhoven,16 m,,â‚¬ 350,p/m | incl. g/w/e,Gestoffeerd,28-09-2021,4 dagen geleden geplaatst,https://kamernet.nl/huren/kamer-eindhoven/twentelaan/kamer-1991089,"{'Woonkamer': ' Geen ', 'Keuken': ' Gedeeld ', 'Badkamer': ' Gedeeld ', 'Toilet': ' Gedeeld ', 'Internet': ' Ja ', 'Energielabel': ' Onbekend ', 'Huisgenoten': '  1 ', 'Geslacht': ' Vrouw ', 'Huisdieren': ' Nee '}",kamer-1991089.html
Strijpsestraat,in Eindhoven,13 m,,â‚¬ 343,p/m | incl. g/w/e,Kaal,01-11-2021,4 dagen geleden geplaatst,https://kamernet.nl/huren/kamer-eindhoven/strijpsestraat/kamer-1991090,"{'Woonkamer': ' Geen ', 'Keuken': ' Gedeeld ', 'Badkamer': ' Gedeeld ', 'Toilet': ' Gedeeld ', 'Internet': ' Nee ', 'Energielabel': ' Onbekend ', 'Huisgenoten': '  5 ', 'Geslacht': ' Gemengd ', 'Huisdieren': ' Nee '}",kamer-1991090.html
Europaboulevard,in Amsterdam,16 m,,â‚¬ 650,p/m | incl. g/w/e,Gestoffeerd,28-09-2021,4 dagen geleden geplaatst,https://kamernet.nl/huren/kamer-amsterdam/europaboulevard/kamer-1991065,"{'Woonkamer': ' Geen ', 'Keuken': ' Gedeeld ', 'Badkamer': ' Gedeeld ', 'Toilet': ' Gedeeld ', 'Internet': ' Ja ', 'Energielabel': ' Onbekend ', 'Huisgenoten': '  1 ', 'Geslacht': ' Vrouw ', 'Huisdieren': ' Nee '}",kamer-1991065.html
Lange Leidsedwarsstraat,in Amsterdam,25 m,Totale oppervlakte: 85 m 2,â‚¬ 975,p/m | excl. g/w/e,Gemeubileerd,01-10-2021,4 dagen geleden geplaatst,https://kamernet.nl/huren/kamer-amsterdam/lange-leidsedwarsstraat/kamer-1991099,"{'Woonkamer': ' Gedeeld ', 'Keuken': ' Gedeeld ', 'Badkamer': ' Gedeeld ', 'Toilet': ' Eigen ', 'Internet': ' Ja ', 'Energielabel': ' Onbekend ', 'Huisgenoten': '  1 ', 'Geslacht': ' Man ', 'Huisdieren': ' Nee '}",kamer-1991099.html
Mutua Fidesstraat,in Groningen,22 m,,â‚¬ 380,p/m | excl. g/w/e,Gestoffeerd,15-11-2021,4 dagen geleden geplaatst,https://kamernet.nl/huren/kamer-groningen/mutua-fidesstraat/kamer-1991004,"{'Woonkamer': ' Geen ', 'Keuken': ' Gedeeld ', 'Badkamer': ' Gedeeld ', 'Toilet': ' Gedeeld ', 'Internet': ' Nee ', 'Energielabel': ' Onbekend ', 'Huisgenoten': '  1 ', 'Geslacht': ' Vrouw ', 'Huisdieren': ' Nee '}",kamer-1991004.html
Bosplaat,in Amsterdam,13 m,Totale oppervlakte: 115 m 2,â‚¬ 700,p/m | excl. g/w/e,Gemeubileerd,01-11-2021 tot 01-11-2023,4 dagen geleden geplaatst,https://kamernet.nl/huren/kamer-amsterdam/bosplaat/kamer-1991062,"{'Woonkamer': ' Gedeeld ', 'Keuken': ' Gedeeld ', 'Badkamer': ' Gedeeld ', 'Toilet': ' Gedeeld ', 'Internet': ' Ja ', 'Energielabel': ' C ', 'Huisgenoten': '  2 ', 'Geslacht': ' Vrouw ', 'Huisdieren': ' Nee '}",kamer-1991062.html
Bosplaat,in Amsterdam,18 m,Totale oppervlakte: 115 m 2,â‚¬ 800,p/m | excl. g/w/e,Gemeubileerd,01-11-2021 tot 01-11-2023,4 dagen geleden geplaatst,https://kamernet.nl/huren/kamer-amsterdam/bosplaat/kamer-1991063,"{'Woonkamer': ' Gedeeld ', 'Keuken': ' Gedeeld ', 'Badkamer': ' Gedeeld ', 'Toilet': ' Gedeeld ', 'Internet': ' Ja ', 'Energielabel': ' C ', 'Huisgenoten': '  2 ', 'Geslacht': ' Vrouw ', 'Huisdieren': ' Nee '}",kamer-1991063.html
Waterloostraat,in Rotterdam,10 m,Totale oppervlakte: 70 m 2,â‚¬ 425,p/m | incl. g/w/e,Gestoffeerd,01-10-2021,4 dagen geleden geplaatst,https://kamernet.nl/huren/kamer-rotterdam/waterloostraat/kamer-1991061,"{'Woonkamer': ' Gedeeld ', 'Keuken': ' Gedeeld ', 'Badkamer': ' Gedeeld ', 'Toilet': ' Gedeeld ', 'Internet': ' Ja ', 'Energielabel': ' Onbekend ', 'Huisgenoten': '  2 ', 'Geslacht': ' Man ', 'Huisdieren': ' Nee '}",kamer-1991061.html
Havensingel,in Eindhoven,17 m,,â‚¬ 400,p/m | incl. g/w/e,Kaal,03-10-2021,4 dagen geleden geplaatst,https://kamernet.nl/huren/kamer-eindhoven/havensingel/kamer-1991002,"{'Woonkamer': ' Gedeeld ', 'Keuken': ' Gedeeld ', 'Badkamer': ' Gedeeld ', 'Toilet': ' Gedeeld ', 'Internet': ' Ja ', 'Energielabel': ' A ', 'Huisgenoten': '  Onbekend  ', 'Geslacht': ' Onbekend ', 'Huisdieren': ' Nee '}",kamer-1991002.html
Vijfhuizerdijk,in Vijfhuizen,40 m,,â‚¬ 975,p/m | incl. g/w/e,Gemeubileerd,01-10-2021 tot 02-10-2022,4 dagen geleden geplaatst,https://kamernet.nl/huren/appartement-vijfhuizen/vijfhuizerdijk/appartement-1991086,"{'Woonkamer': ' Eigen ', 'Keuken': ' Eigen ', 'Badkamer': ' Eigen ', 'Toilet': ' Eigen ', 'Internet': ' Ja ', 'Energielabel': ' Onbekend ', 'Huisdieren': ' Nee '}",appartement-1991086.html
Eerste Helmersstraat,in Amsterdam,73 m,Totaal 3 kamers (3 slaapkamers) ,â‚¬ 2200,p/m | excl. g/w/e,Gemeubileerd,31-12-2021 tot 28-12-2023,3 dagen geleden geplaatst,https://kamernet.nl/huren/appartement-amsterdam/eerste-helmersstraat/appartement-1991117,"{'Woonkamer': ' Eigen ', 'Keuken': ' Eigen ', 'Badkamer': ' Eigen ', 'Toilet': ' Eigen ', 'Internet': ' Ja ', 'Energielabel': ' Onbekend ', 'Huisdieren': ' Nee '}",appartement-1991117.html
Bakkersweg,in Soest,28 m,Totaal 1 kamer (1 slaapkamer) ,â‚¬ 599,p/m | excl. g/w/e,Gemeubileerd,01-11-2021,3 dagen geleden geplaatst,https://kamernet.nl/huren/studio-soest/bakkersweg/studio-1991137,"{'Woonkamer': ' Eigen ', 'Keuken': ' Eigen ', 'Badkamer': ' Eigen ', 'Toilet': ' Eigen ', 'Internet': ' Ja ', 'Energielabel': ' Onbekend ', 'Huisdieren': ' Nee '}",studio-1991137.html
Nieuwstraat,in Deventer,30 m,,â‚¬ 575,p/m | incl. g/w/e,Gemeubileerd,28-09-2021,4 dagen geleden geplaatst,https://kamernet.nl/huren/studio-deventer/nieuwstraat/studio-1991073,"{'Woonkamer': ' Eigen ', 'Keuken': ' Eigen ', 'Badkamer': ' Eigen ', 'Toilet': ' Eigen ', 'Internet': ' Ja ', 'Energielabel': ' Onbekend ', 'Huisdieren': ' Nee '}",studio-1991073.html
Kruizemuntstraat,in Rotterdam,55 m,Totaal 3 kamers,â‚¬ 895,p/m | excl. g/w/e,Gestoffeerd,29-09-2021,3 dagen geleden geplaatst,https://kamernet.nl/huren/appartement-rotterdam/kruizemuntstraat/appartement-1991148,"{'Woonkamer': ' Onbekend ', 'Keuken': ' Onbekend ', 'Badkamer': ' Onbekend ', 'Toilet': ' Onbekend ', 'Internet': ' Onbekend ', 'Energielabel': ' Onbekend ', 'Huisdieren': ' Nee '}",appartement-1991148.html
A.C.W. Staringstraat,in Dordrecht,85 m,Totaal 4 kamers,â‚¬ 1200,p/m | excl. g/w/e,Gestoffeerd,29-09-2021,3 dagen geleden geplaatst,https://kamernet.nl/huren/appartement-dordrecht/a.c.w.-staringstraat/appartement-1991150,"{'Woonkamer': ' Onbekend ', 'Keuken': ' Onbekend ', 'Badkamer': ' Onbekend ', 'Toilet': ' Onbekend ', 'Internet': ' Onbekend ', 'Energielabel': ' Onbekend ', 'Huisdieren': ' Nee '}",appartement-1991150.html
Morenahof,in Venray,25 m,,â‚¬ 350,p/m | incl. g/w/e,Gemeubileerd,28-09-2021,4 dagen geleden geplaatst,https://kamernet.nl/huren/studio-venray/morenahof/studio-1991092,"{'Woonkamer': ' Eigen ', 'Keuken': ' Eigen ', 'Badkamer': ' Eigen ', 'Toilet': ' Eigen ', 'Internet': ' Onbekend ', 'Energielabel': ' Onbekend ', 'Huisdieren': ' Nee '}",studio-1991092.html
Larensestraat,in Den Haag,14 m,Totale oppervlakte: 70 m 2,â‚¬ 550,p/m | excl. g/w/e,Kaal,28-09-2021,4 dagen geleden geplaatst,https://kamernet.nl/huren/kamer-den-haag/larensestraat/kamer-1991021,"{'Woonkamer': ' Gedeeld ', 'Keuken': ' Gedeeld ', 'Badkamer': ' Gedeeld ', 'Toilet': ' Gedeeld ', 'Internet': ' Ja ', 'Energielabel': ' Onbekend ', 'Huisgenoten': '  1 ', 'Geslacht': ' Man ', 'Huisdieren': ' Nee '}",kamer-1991021.html
Gooilandseweg,in Bussum,50 m,Totaal 2 kamers,â‚¬ 1200,p/m | excl. g/w/e,Gestoffeerd,29-09-2021,3 dagen geleden geplaatst,https://kamernet.nl/huren/appartement-bussum/gooilandseweg/appartement-1991151,"{'Woonkamer': ' Onbekend ', 'Keuken': ' Onbekend ', 'Badkamer': ' Onbekend ', 'Toilet': ' Onbekend ', 'Internet': ' Onbekend ', 'Energielabel': ' Onbekend ', 'Huisdieren': ' Nee '}",appartement-1991151.html
Willem Marislaan,in Ede,14 m,,â‚¬ 300,p/m | incl. g/w/e,Gestoffeerd,01-11-2021,3 dagen geleden geplaatst,https://kamernet.nl/huren/kamer-ede/willem-marislaan/kamer-1991154,"{'Woonkamer': ' Geen ', 'Keuken': ' Gedeeld ', 'Badkamer': ' Gedeeld ', 'Toilet': ' Gedeeld ', 'Internet': ' Ja ', 'Energielabel': ' Onbekend ', 'Huisgenoten': '  3 ', 'Geslacht': ' Vrouw ', 'Huisdieren': ' Nee '}",kamer-1991154.html
Looierstraat,in Arnhem,10 m,Totaal 1 kamer,â‚¬ 300,p/m | incl. g/w/e,Gestoffeerd,29-09-2021,3 dagen geleden geplaatst,https://kamernet.nl/huren/appartement-arnhem/looierstraat/appartement-1991153,"{'Woonkamer': ' Onbekend ', 'Keuken': ' Onbekend ', 'Badkamer': ' Onbekend ', 'Toilet': ' Onbekend ', 'Internet': ' Onbekend ', 'Energielabel': ' Onbekend ', 'Huisdieren': ' Nee '}",appartement-1991153.html
Beneluxlaan,in Enschede,16 m,,â‚¬ 450,p/m | incl. g/w/e,Gestoffeerd,14-10-2021,3 dagen geleden geplaatst,https://kamernet.nl/huren/kamer-enschede/beneluxlaan/kamer-1991189,"{'Woonkamer': ' Gedeeld ', 'Keuken': ' Gedeeld ', 'Badkamer': ' Gedeeld ', 'Toilet': ' Gedeeld ', 'Internet': ' Ja ', 'Energielabel': ' Onbekend ', 'Huisgenoten': '  1 ', 'Geslacht': ' Man ', 'Huisdieren': ' Nee '}",kamer-1991189.html
Hisveltplein,in Arnhem,80 m,Totaal 3 kamers,â‚¬ 1320,p/m | excl. g/w/e,Gestoffeerd,29-09-2021,3 dagen geleden geplaatst,https://kamernet.nl/huren/appartement-arnhem/hisveltplein/appartement-1991152,"{'Woonkamer': ' Onbekend ', 'Keuken': ' Onbekend ', 'Badkamer': ' Onbekend ', 'Toilet': ' Onbekend ', 'Internet': ' Onbekend ', 'Energielabel': ' Onbekend ', 'Huisdieren': ' Nee '}",appartement-1991152.html
Peizerweg,in Groningen,11 m,,â‚¬ 490,p/m | incl. g/w/e,Gemeubileerd,01-02-2022,3 dagen geleden geplaatst,https://kamernet.nl/huren/kamer-groningen/peizerweg/kamer-1991161,"{'Woonkamer': ' Gedeeld ', 'Keuken': ' Gedeeld ', 'Badkamer': ' Gedeeld ', 'Toilet': ' Gedeeld ', 'Internet': ' Ja ', 'Energielabel': ' Onbekend ', 'Huisgenoten': '  Meer dan 8 ', 'Geslacht': ' Gemengd ', 'Huisdieren': ' Nee '}",kamer-1991161.html
Sint Jacob en Sint Annastraat,in Leende,285 m,Totaal 8 kamers,â‚¬ 1850,p/m | excl. g/w/e,Gestoffeerd,30-09-2021 tot 31-05-2022,3 dagen geleden geplaatst,https://kamernet.nl/huren/appartement-leende/sint-jacob-en-sint-annastraat/appartement-1991147,"{'Woonkamer': ' Onbekend ', 'Keuken': ' Onbekend ', 'Badkamer': ' Onbekend ', 'Toilet': ' Onbekend ', 'Internet': ' Onbekend ', 'Energielabel': ' Onbekend ', 'Huisdieren': ' Nee '}",appartement-1991147.html
Soestdijksekade,in Den Haag,85 m,,â‚¬ 1800,p/m | excl. g/w/e,Gestoffeerd,15-10-2021,3 dagen geleden geplaatst,https://kamernet.nl/huren/appartement-den-haag/soestdijksekade/appartement-1991165,"{'Woonkamer': ' Eigen ', 'Keuken': ' Eigen ', 'Badkamer': ' Eigen ', 'Toilet': ' Eigen ', 'Internet': ' Nee ', 'Energielabel': ' D ', 'Huisdieren': ' Nee '}",appartement-1991165.html
Baljeestraat,in Leeuwarden,10 m,,â‚¬ 366,p/m | incl. g/w/e,Gestoffeerd,01-11-2021,3 dagen geleden geplaatst,https://kamernet.nl/huren/kamer-leeuwarden/baljeestraat/kamer-1991168,"{'Woonkamer': ' Geen ', 'Keuken': ' Gedeeld ', 'Badkamer': ' Gedeeld ', 'Toilet': ' Gedeeld ', 'Internet': ' Ja ', 'Energielabel': ' Onbekend ', 'Huisgenoten': '  2 ', 'Geslacht': ' Vrouw ', 'Huisdieren': ' Nee '}",kamer-1991168.html
Buffelstraat,in Rotterdam,18 m,,â‚¬ 600,p/m | incl. g/w/e,Gestoffeerd,29-09-2021,3 dagen geleden geplaatst,https://kamernet.nl/huren/kamer-rotterdam/buffelstraat/kamer-1991175,"{'Woonkamer': ' Geen ', 'Keuken': ' Eigen ', 'Badkamer': ' Gedeeld ', 'Toilet': ' Gedeeld ', 'Internet': ' Ja ', 'Energielabel': ' Onbekend ', 'Huisgenoten': '  3 ', 'Geslacht': ' Gemengd ', 'Huisdieren': ' Nee '}",kamer-1991175.html
Kerkgracht,in Almere,31 m,Totale oppervlakte: 70 m 2,â‚¬ 1050,p/m | incl. g/w/e,Gemeubileerd,29-09-2021,3 dagen geleden geplaatst,https://kamernet.nl/huren/kamer-almere/kerkgracht/kamer-1991181,"{'Woonkamer': ' Gedeeld ', 'Keuken': ' Gedeeld ', 'Badkamer': ' Eigen ', 'Toilet': ' Eigen ', 'Internet': ' Ja ', 'Energielabel': ' Onbekend ', 'Huisgenoten': '  Onbekend  ', 'Geslacht': ' Onbekend ', 'Huisdieren': ' Nee '}",kamer-1991181.html
Isaac da Costalaan,in Delft,10 m,,â‚¬ 350,p/m | incl. g/w/e,Gestoffeerd,22-10-2021,3 dagen geleden geplaatst,https://kamernet.nl/huren/kamer-delft/isaac-da-costalaan/kamer-1991167,"{'Woonkamer': ' Gedeeld ', 'Keuken': ' Gedeeld ', 'Badkamer': ' Gedeeld ', 'Toilet': ' Gedeeld ', 'Internet': ' Ja ', 'Energielabel': ' Onbekend ', 'Huisgenoten': '  2 ', 'Geslacht': ' Man ', 'Huisdieren': ' Nee '}",kamer-1991167.html
Haverkampweg,in Enschede,72 m,,â‚¬ 850,p/m | excl. g/w/e,Gemeubileerd,01-10-2021,3 dagen geleden geplaatst,https://kamernet.nl/huren/appartement-enschede/haverkampweg/appartement-1991190,"{'Woonkamer': ' Eigen ', 'Keuken': ' Eigen ', 'Badkamer': ' Eigen ', 'Toilet': ' Eigen ', 'Internet': ' Ja ', 'Energielabel': ' Onbekend ', 'Huisdieren': ' Nee '}",appartement-1991190.html
Coehoornsingel,in Groningen,11 m,,â‚¬ 385,p/m | incl. g/w/e,Gestoffeerd,01-10-2021,3 dagen geleden geplaatst,https://kamernet.nl/huren/kamer-groningen/coehoornsingel/kamer-1991198,"{'Woonkamer': ' Gedeeld ', 'Keuken': ' Gedeeld ', 'Badkamer': ' Gedeeld ', 'Toilet': ' Gedeeld ', 'Internet': ' Ja ', 'Energielabel': ' Onbekend ', 'Huisgenoten': '  2 ', 'Geslacht': ' Man ', 'Huisdieren': ' Nee '}",kamer-1991198.html
Amsteldijk-Noord,in Uithoorn,14 m,Totale oppervlakte: 100 m 2,â‚¬ 400,p/m | incl. g/w/e,Kaal,01-11-2021,3 dagen geleden geplaatst,https://kamernet.nl/huren/kamer-uithoorn/amsteldijk-noord/kamer-1991173,"{'Woonkamer': ' Gedeeld ', 'Keuken': ' Gedeeld ', 'Badkamer': ' Gedeeld ', 'Toilet': ' Gedeeld ', 'Internet': ' Ja ', 'Energielabel': ' Onbekend ', 'Huisgenoten': '  4  ', 'Geslacht': ' Gemengd ', 'Huisdieren': ' Ja '}",kamer-1991173.html
Cremestraat,in Almere,24 m,Totale oppervlakte: 60 m 2,â‚¬ 540,p/m | incl. g/w/e,Gemeubileerd,30-09-2021,4 dagen geleden geplaatst,https://kamernet.nl/huren/kamer-almere/cremestraat/kamer-1991026,"{'Woonkamer': ' Eigen ', 'Keuken': ' Eigen ', 'Badkamer': ' Gedeeld ', 'Toilet': ' Gedeeld ', 'Internet': ' Ja ', 'Energielabel': ' A ', 'Huisgenoten': '  2 ', 'Geslacht': ' Vrouw ', 'Huisdieren': ' Nee '}",kamer-1991026.html
Gerdesiaweg,in Rotterdam,20 m,,â‚¬ 650,p/m | incl. g/w/e,Gemeubileerd,29-09-2021 tot 31-10-2021,3 dagen geleden geplaatst,https://kamernet.nl/huren/kamer-rotterdam/gerdesiaweg/kamer-1991206,"{'Woonkamer': ' Gedeeld ', 'Keuken': ' Gedeeld ', 'Badkamer': ' Gedeeld ', 'Toilet': ' Gedeeld ', 'Internet': ' Ja ', 'Energielabel': ' Onbekend ', 'Huisgenoten': '  2 ', 'Geslacht': ' Gemengd ', 'Huisdieren': ' Nee '}",kamer-1991206.html
Antiloopstraat,in Nijmegen,16 m,Totale oppervlakte: 12 m 2,â‚¬ 350,p/m | incl. g/w/e,Gemeubileerd,01-10-2021,3 dagen geleden geplaatst,https://kamernet.nl/huren/kamer-nijmegen/antiloopstraat/kamer-1991213,"{'Woonkamer': ' Geen ', 'Keuken': ' Gedeeld ', 'Badkamer': ' Gedeeld ', 'Toilet': ' Gedeeld ', 'Internet': ' Ja ', 'Energielabel': ' Onbekend ', 'Huisgenoten': '  2 ', 'Geslacht': ' Vrouw ', 'Huisdieren': ' Nee '}",kamer-1991213.html
Boschdijk,in Eindhoven,70 m,,â‚¬ 1150,p/m | incl. g/w/e,Gemeubileerd,01-10-2021,3 dagen geleden geplaatst,https://kamernet.nl/huren/appartement-eindhoven/boschdijk/appartement-1991214,"{'Woonkamer': ' Eigen ', 'Keuken': ' Eigen ', 'Badkamer': ' Eigen ', 'Toilet': ' Eigen ', 'Internet': ' Onbekend ', 'Energielabel': ' Onbekend ', 'Huisdieren': ' Nee '}",appartement-1991214.html
Nieuwezijds Armsteeg,in Amsterdam,55 m,,â‚¬ 1900,p/m | excl. g/w/e,Gemeubileerd,30-09-2021,3 dagen geleden geplaatst,https://kamernet.nl/huren/appartement-amsterdam/nieuwezijds-armsteeg/appartement-1991222,"{'Woonkamer': ' Eigen ', 'Keuken': ' Eigen ', 'Badkamer': ' Eigen ', 'Toilet': ' Eigen ', 'Internet': ' Ja ', 'Energielabel': ' Onbekend ', 'Huisdieren': ' Nee '}",appartement-1991222.html
Oudezijds Voorburgwal,in Amsterdam,50 m,Totaal 2 kamers (1 slaapkamer) ,â‚¬ 1350,p/m | excl. g/w/e,Gestoffeerd,01-10-2021,3 dagen geleden geplaatst,https://kamernet.nl/huren/appartement-amsterdam/oudezijds-voorburgwal/appartement-1991178,"{'Woonkamer': ' Eigen ', 'Keuken': ' Eigen ', 'Badkamer': ' Eigen ', 'Toilet': ' Eigen ', 'Internet': ' Onbekend ', 'Energielabel': ' Onbekend ', 'Huisdieren': ' Nee '}",appartement-1991178.html
Wilhelminastraat,in Velp,15 m,,â‚¬ 305,p/m | incl. g/w/e,Gestoffeerd,01-10-2021,3 dagen geleden geplaatst,https://kamernet.nl/huren/kamer-velp/wilhelminastraat/kamer-1991159,"{'Woonkamer': ' Geen ', 'Keuken': ' Gedeeld ', 'Badkamer': ' Gedeeld ', 'Toilet': ' Gedeeld ', 'Internet': ' Ja ', 'Energielabel': ' Onbekend ', 'Huisgenoten': '  6 ', 'Geslacht': ' Gemengd ', 'Huisdieren': ' Nee '}",kamer-1991159.html
Borstelweg,in Enschede,17 m,,â‚¬ 345,p/m | incl. g/w/e,Kaal,01-12-2021,3 dagen geleden geplaatst,https://kamernet.nl/huren/kamer-enschede/borstelweg/kamer-1991217,"{'Woonkamer': ' Gedeeld ', 'Keuken': ' Gedeeld ', 'Badkamer': ' Gedeeld ', 'Toilet': ' Gedeeld ', 'Internet': ' Ja ', 'Energielabel': ' Onbekend ', 'Huisgenoten': '  6 ', 'Geslacht': ' Gemengd ', 'Huisdieren': ' Nee '}",kamer-1991217.html
Geertsemastraat,in Rotterdam,15 m,,â‚¬ 425,p/m | incl. g/w/e,Gemeubileerd,29-09-2021,3 dagen geleden geplaatst,https://kamernet.nl/huren/kamer-rotterdam/geertsemastraat/kamer-1991223,"{'Woonkamer': ' Eigen ', 'Keuken': ' Gedeeld ', 'Badkamer': ' Gedeeld ', 'Toilet': ' Gedeeld ', 'Internet': ' Ja ', 'Energielabel': ' Onbekend ', 'Huisgenoten': '  6 ', 'Geslacht': ' Gemengd ', 'Huisdieren': ' Nee '}",kamer-1991223.html
Eisenhowerstraat,in Egmond aan Zee,32 m,Totaal 1 kamer (1 slaapkamer) ,â‚¬ 750,p/m | excl. g/w/e,Gemeubileerd,02-10-2021 tot 30-09-2022,4 dagen geleden geplaatst,https://kamernet.nl/huren/studio-egmond-aan-zee/eisenhowerstraat/studio-1991078,"{'Woonkamer': ' Eigen ', 'Keuken': ' Eigen ', 'Badkamer': ' Eigen ', 'Toilet': ' Gedeeld ', 'Internet': ' Ja ', 'Energielabel': ' Onbekend ', 'Huisdieren': ' Nee '}",studio-1991078.html
Prof. Krausstraat,in Delft,15 m,,â‚¬ 435,p/m | incl. g/w/e,Gestoffeerd,29-09-2021 tot 31-07-2022,3 dagen geleden geplaatst,https://kamernet.nl/huren/kamer-delft/prof.-krausstraat/kamer-1991226,"{'Woonkamer': ' Gedeeld ', 'Keuken': ' Gedeeld ', 'Badkamer': ' Gedeeld ', 'Toilet': ' Gedeeld ', 'Internet': ' Onbekend ', 'Energielabel': ' Onbekend ', 'Huisgenoten': '  6 ', 'Geslacht': ' Gemengd ', 'Huisdieren': ' Nee '}",kamer-1991226.html
Vogelkersoord,in Diemen,74 m,Totaal 3 kamers (2 slaapkamers) ,â‚¬ 1500,p/m | excl. g/w/e,Gestoffeerd,01-11-2021,3 dagen geleden geplaatst,https://kamernet.nl/huren/appartement-diemen/vogelkersoord/appartement-1991264,"{'Woonkamer': ' Eigen ', 'Keuken': ' Eigen ', 'Badkamer': ' Eigen ', 'Toilet': ' Eigen ', 'Internet': ' Ja ', 'Energielabel': ' A ', 'Huisdieren': ' Nee '}",appartement-1991264.html
Landauerdrift,in Nieuwegein,45 m,Totaal 2 kamers (1 slaapkamer) ,â‚¬ 1075,p/m | incl. g/w/e,Gestoffeerd,01-11-2021,3 dagen geleden geplaatst,https://kamernet.nl/huren/appartement-nieuwegein/landauerdrift/appartement-1991177,"{'Woonkamer': ' Eigen ', 'Keuken': ' Eigen ', 'Badkamer': ' Eigen ', 'Toilet': ' Eigen ', 'Internet': ' Ja ', 'Energielabel': ' Onbekend ', 'Huisdieren': ' Nee '}",appartement-1991177.html
Valeriusstraat,in Leiden,10 m,,â‚¬ 600,p/m | incl. g/w/e,Gemeubileerd,04-10-2021 tot 30-03-2022,3 dagen geleden geplaatst,https://kamernet.nl/huren/kamer-leiden/valeriusstraat/kamer-1991155,"{'Woonkamer': ' Gedeeld ', 'Keuken': ' Gedeeld ', 'Badkamer': ' Gedeeld ', 'Toilet': ' Gedeeld ', 'Internet': ' Ja ', 'Energielabel': ' Onbekend ', 'Huisgenoten': '  1 ', 'Geslacht': ' Man ', 'Huisdieren': ' Nee '}",kamer-1991155.html
Ted Visserweg,in Maarn,10 m,,â‚¬ 400,p/m | incl. g/w/e,Kaal,29-10-2021,3 dagen geleden geplaatst,https://kamernet.nl/huren/kamer-maarn/ted-visserweg/kamer-1991221,"{'Woonkamer': ' Geen ', 'Keuken': ' Gedeeld ', 'Badkamer': ' Gedeeld ', 'Toilet': ' Gedeeld ', 'Internet': ' Ja ', 'Energielabel': ' Onbekend ', 'Huisgenoten': '  1 ', 'Geslacht': ' Vrouw ', 'Huisdieren': ' Nee '}",kamer-1991221.html
Wittevrouwensingel,in Utrecht,45 m,,â‚¬ 1290,p/m | excl. g/w/e,Gemeubileerd,01-12-2021,6 dagen geleden geplaatst,https://kamernet.nl/huren/studio-utrecht/wittevrouwensingel/studio-1990499,"{'Woonkamer': ' Eigen ', 'Keuken': ' Eigen ', 'Badkamer': ' Eigen ', 'Toilet': ' Eigen ', 'Internet': ' Nee ', 'Energielabel': ' A ', 'Huisdieren': ' Nee '}",studio-1990499.html
Grasdreef,in Eindhoven,10 m,Totale oppervlakte: 70 m 2,â‚¬ 850,p/m | incl. g/w/e,Gestoffeerd,26-09-2021 tot 24-09-2022,6 dagen geleden geplaatst,https://kamernet.nl/huren/kamer-eindhoven/grasdreef/kamer-1990510,"{'Woonkamer': ' Eigen ', 'Keuken': ' Gedeeld ', 'Badkamer': ' Gedeeld ', 'Toilet': ' Gedeeld ', 'Internet': ' Ja ', 'Energielabel': ' A ', 'Huisgenoten': '  1 ', 'Geslacht': ' Vrouw ', 'Huisdieren': ' Nee '}",kamer-1990510.html
Toutenburgstraat,in Amsterdam,9 m,Totale oppervlakte: 70 m 2,â‚¬ 600,p/m | incl. g/w/e,Gemeubileerd,01-10-2021,1 week geleden geplaatst,https://kamernet.nl/huren/kamer-amsterdam/toutenburgstraat/kamer-1990176,"{'Woonkamer': ' Gedeeld ', 'Keuken': ' Gedeeld ', 'Badkamer': ' Gedeeld ', 'Toilet': ' Gedeeld ', 'Internet': ' Ja ', 'Energielabel': ' Onbekend ', 'Huisgenoten': '  2 ', 'Geslacht': ' Vrouw ', 'Huisdieren': ' Nee '}",kamer-1990176.html
Meerkikkerstraat,in Culemborg,50 m,Totaal 3 kamers (1 slaapkamer) ,â‚¬ 785,p/m | excl. g/w/e,Gemeubileerd,20-10-2021,1 week geleden geplaatst,https://kamernet.nl/huren/appartement-culemborg/meerkikkerstraat/appartement-1990309,"{'Woonkamer': ' Eigen ', 'Keuken': ' Eigen ', 'Badkamer': ' Eigen ', 'Toilet': ' Eigen ', 'Internet': ' Ja ', 'Energielabel': ' A ', 'Huisdieren': ' Nee '}",appartement-1990309.html
Kruserbrink,in Hardenberg,88 m,Totaal 3 kamers (1 slaapkamer) ,â‚¬ 375,p/m | excl. g/w/e,Kaal,23-09-2021,1 week geleden geplaatst,https://kamernet.nl/huren/anti-kraak-hardenberg/kruserbrink/anti-kraak-1990020,"{'Woonkamer': ' Eigen ', 'Keuken': ' Eigen ', 'Badkamer': ' Eigen ', 'Toilet': ' Eigen ', 'Internet': ' Ja ', 'Energielabel': ' Onbekend ', 'Huisdieren': ' Nee '}",anti-kraak-1990020.html
Oude Barneveldseweg,in Nijkerk,20 m,,â‚¬ 465,p/m | incl. g/w/e,Kaal,15-12-2021,1 week geleden geplaatst,https://kamernet.nl/huren/kamer-nijkerk/oude-barneveldseweg/kamer-1990083,"{'Woonkamer': ' Eigen ', 'Keuken': ' Eigen ', 'Badkamer': ' Gedeeld ', 'Toilet': ' Gedeeld ', 'Internet': ' Ja ', 'Energielabel': ' Onbekend ', 'Huisgenoten': '  2 ', 'Geslacht': ' Vrouw ', 'Huisdieren': ' Nee '}",kamer-1990083.html
Reigerstraat,in Groningen,18 m,,â‚¬ 450,p/m | incl. g/w/e,Gemeubileerd,01-11-2021 tot 01-01-2022,5 dagen geleden geplaatst,https://kamernet.nl/huren/kamer-groningen/reigerstraat/kamer-1990593,"{'Woonkamer': ' Gedeeld ', 'Keuken': ' Gedeeld ', 'Badkamer': ' Gedeeld ', 'Toilet': ' Gedeeld ', 'Internet': ' Ja ', 'Energielabel': ' Onbekend ', 'Huisgenoten': '  3 ', 'Geslacht': ' Vrouw ', 'Huisdieren': ' Nee '}",kamer-1990593.html
Wielewaalplein,in Groningen,30 m,Totaal 1 kamer (1 slaapkamer) ,â‚¬ 550,p/m | incl. g/w/e,Gemeubileerd,02-10-2021 tot 30-12-2021,5 dagen geleden geplaatst,https://kamernet.nl/huren/studio-groningen/wielewaalplein/studio-1990569,"{'Woonkamer': ' Eigen ', 'Keuken': ' Eigen ', 'Badkamer': ' Eigen ', 'Toilet': ' Eigen ', 'Internet': ' Ja ', 'Energielabel': ' A ', 'Huisdieren': ' Nee '}",studio-1990569.html
Dijkgraafplein,in Amsterdam,22 m,,â‚¬ 750,p/m | incl. g/w/e,Gemeubileerd,22-09-2021,1 week geleden geplaatst,https://kamernet.nl/huren/kamer-amsterdam/dijkgraafplein/kamer-1989863,"{'Woonkamer': ' Gedeeld ', 'Keuken': ' Gedeeld ', 'Badkamer': ' Gedeeld ', 'Toilet': ' Gedeeld ', 'Internet': ' Ja ', 'Energielabel': ' Onbekend ', 'Huisgenoten': '  3 ', 'Geslacht': ' Vrouw ', 'Huisdieren': ' Nee '}",kamer-1989863.html
Rijksstraatweg,in Haarlem,45 m,Totaal 2 kamers (1 slaapkamer) ,â‚¬ 1200,p/m | incl. g/w/e,Gestoffeerd,03-10-2021,1 week geleden geplaatst,https://kamernet.nl/huren/appartement-haarlem/rijksstraatweg/appartement-1990397,"{'Woonkamer': ' Eigen ', 'Keuken': ' Eigen ', 'Badkamer': ' Eigen ', 'Toilet': ' Eigen ', 'Internet': ' Ja ', 'Energielabel': ' Onbekend ', 'Huisdieren': ' Nee '}",appartement-1990397.html
Bart van der Leckhof,in Diemen,68 m,Totaal 3 kamers,â‚¬ 1575,p/m | excl. g/w/e,Gemeubileerd,22-09-2021,1 week geleden geplaatst,https://kamernet.nl/huren/appartement-diemen/bart-van-der-leckhof/appartement-1989871,"{'Woonkamer': ' Onbekend ', 'Keuken': ' Onbekend ', 'Badkamer': ' Onbekend ', 'Toilet': ' Onbekend ', 'Internet': ' Onbekend ', 'Energielabel': ' Onbekend ', 'Huisdieren': ' Nee '}",appartement-1989871.html
Baenjenstraat,in Sittard,42 m,,â‚¬ 575,p/m | incl. g/w/e,Gestoffeerd,01-11-2021,1 week geleden geplaatst,https://kamernet.nl/huren/kamer-sittard/baenjenstraat/kamer-1989971,"{'Woonkamer': ' Eigen ', 'Keuken': ' Gedeeld ', 'Badkamer': ' Gedeeld ', 'Toilet': ' Gedeeld ', 'Internet': ' Ja ', 'Energielabel': ' Onbekend ', 'Huisgenoten': '  3 ', 'Geslacht': ' Gemengd ', 'Huisdieren': ' Nee '}",kamer-1989971.html
Nieuwenhoornstraat,in Rotterdam,15 m,,â‚¬ 460,p/m | incl. g/w/e,Gestoffeerd,22-09-2021,1 week geleden geplaatst,https://kamernet.nl/huren/kamer-rotterdam/nieuwenhoornstraat/kamer-1989868,"{'Woonkamer': ' Gedeeld ', 'Keuken': ' Gedeeld ', 'Badkamer': ' Gedeeld ', 'Toilet': ' Gedeeld ', 'Internet': ' Ja ', 'Energielabel': ' Onbekend ', 'Huisgenoten': '  2 ', 'Geslacht': ' Man ', 'Huisdieren': ' Nee '}",kamer-1989868.html
Nieuwehaven,in Rotterdam,18 m,Totale oppervlakte: 140 m 2,â‚¬ 530,p/m | excl. g/w/e,Kaal,01-10-2021,1 week geleden geplaatst,https://kamernet.nl/huren/kamer-rotterdam/nieuwehaven/kamer-1990298,"{'Woonkamer': ' Gedeeld ', 'Keuken': ' Gedeeld ', 'Badkamer': ' Gedeeld ', 'Toilet': ' Gedeeld ', 'Internet': ' Ja ', 'Energielabel': ' B ', 'Huisgenoten': '  2 ', 'Geslacht': ' Onbekend ', 'Huisdieren': ' Nee '}",kamer-1990298.html
Schiedamseweg,in Vlaardingen,90 m,Totaal 3 kamers (2 slaapkamers) ,â‚¬ 1395,p/m | incl. g/w/e,Gestoffeerd,01-11-2021,1 week geleden geplaatst,https://kamernet.nl/huren/appartement-vlaardingen/schiedamseweg/appartement-1989987,"{'Woonkamer': ' Eigen ', 'Keuken': ' Eigen ', 'Badkamer': ' Eigen ', 'Toilet': ' Eigen ', 'Internet': ' Ja ', 'Energielabel': ' B ', 'Huisdieren': ' Nee '}",appartement-1989987.html
Prinsengracht,in Amsterdam,24 m,Totale oppervlakte: 94 m 2,â‚¬ 1190,p/m | incl. g/w/e,Gemeubileerd,01-10-2021 tot 31-03-2022,1 week geleden geplaatst,https://kamernet.nl/huren/kamer-amsterdam/prinsengracht/kamer-1989977,"{'Woonkamer': ' Gedeeld ', 'Keuken': ' Gedeeld ', 'Badkamer': ' Gedeeld ', 'Toilet': ' Gedeeld ', 'Internet': ' Ja ', 'Energielabel': ' Onbekend ', 'Huisgenoten': '  1 ', 'Geslacht': ' Man ', 'Huisdieren': ' Nee '}",kamer-1989977.html
Richtersweg,in Enschede,10 m,,â‚¬ 236,p/m | incl. g/w/e,Gestoffeerd,01-11-2021,1 week geleden geplaatst,https://kamernet.nl/huren/kamer-enschede/richtersweg/kamer-1989976,"{'Woonkamer': ' Gedeeld ', 'Keuken': ' Gedeeld ', 'Badkamer': ' Gedeeld ', 'Toilet': ' Gedeeld ', 'Internet': ' Ja ', 'Energielabel': ' Onbekend ', 'Huisgenoten': '  6 ', 'Geslacht': ' Gemengd ', 'Huisdieren': ' Nee '}",kamer-1989976.html
Damsterdiep,in Groningen,16 m,,â‚¬ 465,p/m | incl. g/w/e,Gemeubileerd,01-11-2021 tot 01-07-2022,1 week geleden geplaatst,https://kamernet.nl/huren/kamer-groningen/damsterdiep/kamer-1988759,"{'Woonkamer': ' Geen ', 'Keuken': ' Gedeeld ', 'Badkamer': ' Gedeeld ', 'Toilet': ' Gedeeld ', 'Internet': ' Ja ', 'Energielabel': ' Onbekend ', 'Huisgenoten': '  3 ', 'Geslacht': ' Gemengd ', 'Huisdieren': ' Nee '}",kamer-1988759.html
Prof. Kohnstammstraat,in Utrecht,35 m,,â‚¬ 950,p/m | incl. g/w/e,Gemeubileerd,25-09-2021,1 week geleden geplaatst,https://kamernet.nl/huren/studio-utrecht/prof.-kohnstammstraat/studio-1989982,"{'Woonkamer': ' Eigen ', 'Keuken': ' Eigen ', 'Badkamer': ' Eigen ', 'Toilet': ' Eigen ', 'Internet': ' Ja ', 'Energielabel': ' Onbekend ', 'Huisdieren': ' Nee '}",studio-1989982.html
Provincialeweg,in Oudkarspel,50 m,Totaal 3 kamers (2 slaapkamers) ,â‚¬ 900,p/m | excl. g/w/e,Gestoffeerd,01-10-2021 tot 01-05-2022,1 week geleden geplaatst,https://kamernet.nl/huren/appartement-oudkarspel/provincialeweg/appartement-1989991,"{'Woonkamer': ' Eigen ', 'Keuken': ' Eigen ', 'Badkamer': ' Eigen ', 'Toilet': ' Eigen ', 'Internet': ' Onbekend ', 'Energielabel': ' Onbekend ', 'Huisdieren': ' In overleg '}",appartement-1989991.html
Weverstraat,in Oosterbeek,30 m,,â‚¬ 525,p/m | excl. g/w/e,Gestoffeerd,01-10-2021,1 week geleden geplaatst,https://kamernet.nl/huren/kamer-oosterbeek/weverstraat/kamer-1990000,"{'Woonkamer': ' Onbekend ', 'Keuken': ' Onbekend ', 'Badkamer': ' Onbekend ', 'Toilet': ' Onbekend ', 'Internet': ' Onbekend ', 'Energielabel': ' Onbekend ', 'Huisgenoten': '  Onbekend  ', 'Geslacht': ' Onbekend ', 'Huisdieren': ' In overleg '}",kamer-1990000.html
Billitonkade,in Utrecht,65 m,Totaal 3 kamers (2 slaapkamers) ,â‚¬ 1250,p/m | excl. g/w/e,Gestoffeerd,03-10-2021,1 week geleden geplaatst,https://kamernet.nl/huren/appartement-utrecht/billitonkade/appartement-1989967,"{'Woonkamer': ' Eigen ', 'Keuken': ' Eigen ', 'Badkamer': ' Eigen ', 'Toilet': ' Eigen ', 'Internet': ' Onbekend ', 'Energielabel': ' Onbekend ', 'Huisdieren': ' In overleg '}",appartement-1989967.html
Fuutweg,in Apeldoorn,25 m,,â‚¬ 513,p/m | incl. g/w/e,Gestoffeerd,20-10-2021,4 dagen geleden geplaatst,https://kamernet.nl/huren/kamer-apeldoorn/fuutweg/kamer-1991011,"{'Woonkamer': ' Gedeeld ', 'Keuken': ' Gedeeld ', 'Badkamer': ' Gedeeld ', 'Toilet': ' Gedeeld ', 'Internet': ' Ja ', 'Energielabel': ' Onbekend ', 'Huisgenoten': '  5 ', 'Geslacht': ' Gemengd ', 'Huisdieren': ' Nee '}",kamer-1991011.html
Galgewater,in Leiden,80 m,,â‚¬ 2650,p/m | excl. g/w/e,Gemeubileerd,23-09-2021,1 week geleden geplaatst,https://kamernet.nl/huren/appartement-leiden/galgewater/appartement-1990009,"{'Woonkamer': ' Onbekend ', 'Keuken': ' Onbekend ', 'Badkamer': ' Onbekend ', 'Toilet': ' Onbekend ', 'Internet': ' Onbekend ', 'Energielabel': ' Onbekend ', 'Huisdieren': ' In overleg '}",appartement-1990009.html
Laan van Chartroise,in Utrecht,35 m,Totaal 2 kamers (1 slaapkamer) ,â‚¬ 1395,p/m | incl. g/w/e,Gemeubileerd,01-01-2022,1 week geleden geplaatst,https://kamernet.nl/huren/appartement-utrecht/laan-van-chartroise/appartement-1990471,"{'Woonkamer': ' Eigen ', 'Keuken': ' Eigen ', 'Badkamer': ' Eigen ', 'Toilet': ' Eigen ', 'Internet': ' Ja ', 'Energielabel': ' A ', 'Huisdieren': ' Nee '}",appartement-1990471.html
Oostenrijkstraat,in Almere,50 m,,â‚¬ 1295,p/m | excl. g/w/e,Gemeubileerd,26-09-2021,1 week geleden geplaatst,https://kamernet.nl/huren/appartement-almere/oostenrijkstraat/appartement-1990503,"{'Woonkamer': ' Onbekend ', 'Keuken': ' Onbekend ', 'Badkamer': ' Onbekend ', 'Toilet': ' Onbekend ', 'Internet': ' Onbekend ', 'Energielabel': ' Onbekend ', 'Huisdieren': ' Nee '}",appartement-1990503.html
Lamarckhof,in Amsterdam,15 m,Totale oppervlakte: 24 m 2,â‚¬ 575,p/m | incl. g/w/e,Gemeubileerd,08-10-2021,6 dagen geleden geplaatst,https://kamernet.nl/huren/kamer-amsterdam/lamarckhof/kamer-1990511,"{'Woonkamer': ' Geen ', 'Keuken': ' Gedeeld ', 'Badkamer': ' Gedeeld ', 'Toilet': ' Gedeeld ', 'Internet': ' Ja ', 'Energielabel': ' Onbekend ', 'Huisgenoten': '  2 ', 'Geslacht': ' Man ', 'Huisdieren': ' Nee '}",kamer-1990511.html
Handelhof,in Alphen aan den Rijn,35 m,Totaal 1 kamer (1 slaapkamer) ,â‚¬ 850,p/m | incl. g/w/e,Kaal,16-10-2021,6 dagen geleden geplaatst,https://kamernet.nl/huren/studio-alphen-aan-den-rijn/handelhof/studio-1990536,"{'Woonkamer': ' Eigen ', 'Keuken': ' Eigen ', 'Badkamer': ' Eigen ', 'Toilet': ' Eigen ', 'Internet': ' Ja ', 'Energielabel': ' C ', 'Huisdieren': ' Nee '}",studio-1990536.html
Isaak Hoornbeekstraat,in Delft,18 m,Totale oppervlakte: 70 m 2,â‚¬ 325,p/m | excl. g/w/e,Gestoffeerd,26-09-2021,6 dagen geleden geplaatst,https://kamernet.nl/huren/kamer-delft/isaak-hoornbeekstraat/kamer-1990567,"{'Woonkamer': ' Gedeeld ', 'Keuken': ' Gedeeld ', 'Badkamer': ' Gedeeld ', 'Toilet': ' Gedeeld ', 'Internet': ' Ja ', 'Energielabel': ' Onbekend ', 'Huisgenoten': '  2 ', 'Geslacht': ' Man ', 'Huisdieren': ' Ja '}",kamer-1990567.html
Gedempte Voldersgracht,in Haarlem,22 m,,â‚¬ 720,p/m | excl. g/w/e,Gemeubileerd,03-10-2021,6 dagen geleden geplaatst,https://kamernet.nl/huren/kamer-haarlem/gedempte-voldersgracht/kamer-1990575,"{'Woonkamer': ' Eigen ', 'Keuken': ' Eigen ', 'Badkamer': ' Gedeeld ', 'Toilet': ' Gedeeld ', 'Internet': ' Ja ', 'Energielabel': ' Onbekend ', 'Huisgenoten': '  3 ', 'Geslacht': ' Gemengd ', 'Huisdieren': ' Nee '}",kamer-1990575.html
Speenkruid,in Beilen,12 m,,â‚¬ 550,p/m | incl. g/w/e,Gemeubileerd,05-02-2022 tot 08-07-2022,1 week geleden geplaatst,https://kamernet.nl/huren/kamer-beilen/speenkruid/kamer-1988026,"{'Woonkamer': ' Eigen ', 'Keuken': ' Gedeeld ', 'Badkamer': ' Gedeeld ', 'Toilet': ' Gedeeld ', 'Internet': ' Ja ', 'Energielabel': ' C ', 'Huisgenoten': '  3 ', 'Geslacht': ' Gemengd ', 'Huisdieren': ' Nee '}",kamer-1988026.html
Schuitendiep,in Groningen,55 m,,â‚¬ 750,p/m | incl. g/w/e,Gestoffeerd,01-11-2021,1 week geleden geplaatst,https://kamernet.nl/huren/appartement-groningen/schuitendiep/appartement-1990235,"{'Woonkamer': ' Geen ', 'Keuken': ' Eigen ', 'Badkamer': ' Eigen ', 'Toilet': ' Eigen ', 'Internet': ' Nee ', 'Energielabel': ' Onbekend ', 'Huisdieren': ' Nee '}",appartement-1990235.html
Kleiburg,in Amsterdam,16 m,Totale oppervlakte: 100 m 2,â‚¬ 550,p/m | incl. g/w/e,Kaal,26-09-2021 tot 31-12-2021,6 dagen geleden geplaatst,https://kamernet.nl/huren/kamer-amsterdam/kleiburg/kamer-1990608,"{'Woonkamer': ' Gedeeld ', 'Keuken': ' Gedeeld ', 'Badkamer': ' Gedeeld ', 'Toilet': ' Gedeeld ', 'Internet': ' Ja ', 'Energielabel': ' Onbekend ', 'Huisgenoten': '  2 ', 'Geslacht': ' Man ', 'Huisdieren': ' Nee '}",kamer-1990608.html
Dorpsstraat vo Steenstraat,in De Bilt,15 m,Totale oppervlakte: 76 m 2,â‚¬ 470,p/m | incl. g/w/e,Gestoffeerd,01-11-2021,6 dagen geleden geplaatst,https://kamernet.nl/huren/kamer-de-bilt/dorpsstraat-vo-steenstraat/kamer-1990586,"{'Woonkamer': ' Gedeeld ', 'Keuken': ' Gedeeld ', 'Badkamer': ' Gedeeld ', 'Toilet': ' Gedeeld ', 'Internet': ' Ja ', 'Energielabel': ' Onbekend ', 'Huisgenoten': '  2 ', 'Geslacht': ' Vrouw ', 'Huisdieren': ' Nee '}",kamer-1990586.html
Vrijenbanselaan,in Delft,13 m,,â‚¬ 443,p/m | incl. g/w/e,Kaal,10-10-2021,3 dagen geleden geplaatst,https://kamernet.nl/huren/kamer-delft/vrijenbanselaan/kamer-1991179,"{'Woonkamer': ' Gedeeld ', 'Keuken': ' Gedeeld ', 'Badkamer': ' Gedeeld ', 'Toilet': ' Gedeeld ', 'Internet': ' Ja ', 'Energielabel': ' Onbekend ', 'Huisgenoten': '  5 ', 'Geslacht': ' Man ', 'Huisdieren': ' Nee '}",kamer-1991179.html
Oranjestraat,in Delft,14 m,,â‚¬ 467,p/m | incl. g/w/e,Gestoffeerd,01-10-2021,6 dagen geleden geplaatst,https://kamernet.nl/huren/kamer-delft/oranjestraat/kamer-1990609,"{'Woonkamer': ' Gedeeld ', 'Keuken': ' Gedeeld ', 'Badkamer': ' Gedeeld ', 'Toilet': ' Gedeeld ', 'Internet': ' Ja ', 'Energielabel': ' G ', 'Huisgenoten': '  4  ', 'Geslacht': ' Gemengd ', 'Huisdieren': ' Nee '}",kamer-1990609.html
Jan Olphert Vaillantlaan,in Amsterdam,25 m,,â‚¬ 650,p/m | incl. g/w/e,Gemeubileerd,01-10-2021,6 dagen geleden geplaatst,https://kamernet.nl/huren/kamer-amsterdam/jan-olphert-vaillantlaan/kamer-1990605,"{'Woonkamer': ' Geen ', 'Keuken': ' Gedeeld ', 'Badkamer': ' Gedeeld ', 'Toilet': ' Gedeeld ', 'Internet': ' Ja ', 'Energielabel': ' Onbekend ', 'Huisgenoten': '  1 ', 'Geslacht': ' Onbekend ', 'Huisdieren': ' Nee '}",kamer-1990605.html
Paul Krugerstraat,in Vlissingen,12 m,,â‚¬ 300,p/m | incl. g/w/e,Gestoffeerd,25-09-2021,6 dagen geleden geplaatst,https://kamernet.nl/huren/kamer-vlissingen/paul-krugerstraat/kamer-1990469,"{'Woonkamer': ' Gedeeld ', 'Keuken': ' Gedeeld ', 'Badkamer': ' Gedeeld ', 'Toilet': ' Gedeeld ', 'Internet': ' Ja ', 'Energielabel': ' Onbekend ', 'Huisgenoten': '  3 ', 'Geslacht': ' Onbekend ', 'Huisdieren': ' Nee '}",kamer-1990469.html
Pelikaanstraat,in Utrecht,45 m,Totaal 2 kamers (1 slaapkamer) ,â‚¬ 1250,p/m | excl. g/w/e,Gestoffeerd,01-10-2021,6 dagen geleden geplaatst,https://kamernet.nl/huren/appartement-utrecht/pelikaanstraat/appartement-1990483,"{'Woonkamer': ' Eigen ', 'Keuken': ' Eigen ', 'Badkamer': ' Eigen ', 'Toilet': ' Eigen ', 'Internet': ' Ja ', 'Energielabel': ' B ', 'Huisdieren': ' Nee '}",appartement-1990483.html
Spinnekopmolenstraat,in Almere,12 m,,â‚¬ 495,p/m | incl. g/w/e,Gemeubileerd,01-10-2021,6 dagen geleden geplaatst,https://kamernet.nl/huren/kamer-almere/spinnekopmolenstraat/kamer-1955273,"{'Woonkamer': ' Gedeeld ', 'Keuken': ' Gedeeld ', 'Badkamer': ' Gedeeld ', 'Toilet': ' Gedeeld ', 'Internet': ' Ja ', 'Energielabel': ' Onbekend ', 'Huisgenoten': '  4  ', 'Geslacht': ' Vrouw ', 'Huisdieren': ' Nee '}",kamer-1955273.html
Willem Dudokhof,in Diemen,61 m,,â‚¬ 1475,p/m | excl. g/w/e,Gestoffeerd,01-10-2021,1 week geleden geplaatst,https://kamernet.nl/huren/appartement-diemen/willem-dudokhof/appartement-1990007,"{'Woonkamer': ' Onbekend ', 'Keuken': ' Onbekend ', 'Badkamer': ' Onbekend ', 'Toilet': ' Onbekend ', 'Internet': ' Ja ', 'Energielabel': ' Onbekend ', 'Huisdieren': ' In overleg '}",appartement-1990007.html
Heezerweg,in Eindhoven,9 m,,â‚¬ 285,p/m | incl. g/w/e,Kaal,01-11-2021,6 dagen geleden geplaatst,https://kamernet.nl/huren/kamer-eindhoven/heezerweg/kamer-1990602,"{'Woonkamer': ' Geen ', 'Keuken': ' Gedeeld ', 'Badkamer': ' Gedeeld ', 'Toilet': ' Gedeeld ', 'Internet': ' Ja ', 'Energielabel': ' Onbekend ', 'Huisgenoten': '  7 ', 'Geslacht': ' Gemengd ', 'Huisdieren': ' Nee '}",kamer-1990602.html
Hooigracht,in Leiden,75 m,Totaal 2 kamers,â‚¬ 1450,p/m | excl. g/w/e,Gestoffeerd,01-11-2021,1 week geleden geplaatst,https://kamernet.nl/huren/appartement-leiden/hooigracht/appartement-1990011,"{'Woonkamer': ' Onbekend ', 'Keuken': ' Onbekend ', 'Badkamer': ' Onbekend ', 'Toilet': ' Onbekend ', 'Internet': ' Onbekend ', 'Energielabel': ' Onbekend ', 'Huisdieren': ' In overleg '}",appartement-1990011.html
Achter de Arnhemse Poortwal,in Amersfoort,82 m,Totaal 3 kamers,â‚¬ 1450,p/m | excl. g/w/e,Gestoffeerd,05-10-2021,1 week geleden geplaatst,https://kamernet.nl/huren/appartement-amersfoort/achter-de-arnhemse-poortwal/appartement-1990012,"{'Woonkamer': ' Onbekend ', 'Keuken': ' Onbekend ', 'Badkamer': ' Onbekend ', 'Toilet': ' Onbekend ', 'Internet': ' Onbekend ', 'Energielabel': ' Onbekend ', 'Huisdieren': ' In overleg '}",appartement-1990012.html
Oppenheimstraat,in Groningen,13 m,Totale oppervlakte: 100 m 2,â‚¬ 550,p/m | incl. g/w/e,Gestoffeerd,01-10-2021,1 week geleden geplaatst,https://kamernet.nl/huren/kamer-groningen/oppenheimstraat/kamer-1988389,"{'Woonkamer': ' Gedeeld ', 'Keuken': ' Gedeeld ', 'Badkamer': ' Gedeeld ', 'Toilet': ' Gedeeld ', 'Internet': ' Ja ', 'Energielabel': ' B ', 'Huisgenoten': '  1 ', 'Geslacht': ' Vrouw ', 'Huisdieren': ' Nee '}",kamer-1988389.html
Stuivenbergstraat,in Genemuiden,80 m,Totaal 1 kamer (2 slaapkamers) ,â‚¬ 420,p/m | excl. g/w/e,Kaal,23-09-2021,1 week geleden geplaatst,https://kamernet.nl/huren/anti-kraak-genemuiden/stuivenbergstraat/anti-kraak-1990019,"{'Woonkamer': ' Eigen ', 'Keuken': ' Eigen ', 'Badkamer': ' Eigen ', 'Toilet': ' Eigen ', 'Internet': ' Onbekend ', 'Energielabel': ' Onbekend ', 'Huisdieren': ' Nee '}",anti-kraak-1990019.html
Julianaplantsoen,in Diemen,65 m,Totaal 3 kamers,â‚¬ 1400,p/m | excl. g/w/e,Gemeubileerd,23-09-2021,1 week geleden geplaatst,https://kamernet.nl/huren/appartement-diemen/julianaplantsoen/appartement-1989876,"{'Woonkamer': ' Onbekend ', 'Keuken': ' Onbekend ', 'Badkamer': ' Onbekend ', 'Toilet': ' Onbekend ', 'Internet': ' Onbekend ', 'Energielabel': ' Onbekend ', 'Huisdieren': ' In overleg '}",appartement-1989876.html
Rontgenstraat,in Vlaardingen,28 m,Totaal 1 kamer (1 slaapkamer) ,â‚¬ 800,p/m | excl. g/w/e,Gestoffeerd,22-09-2021 tot 31-03-2022,1 week geleden geplaatst,https://kamernet.nl/huren/studio-vlaardingen/rontgenstraat/studio-1989886,"{'Woonkamer': ' Eigen ', 'Keuken': ' Eigen ', 'Badkamer': ' Eigen ', 'Toilet': ' Eigen ', 'Internet': ' Onbekend ', 'Energielabel': ' Onbekend ', 'Huisdieren': ' Nee '}",studio-1989886.html
Louis Couperusstraat,in Utrecht,45 m,,â‚¬ 900,p/m | excl. g/w/e,Gestoffeerd,01-11-2021,6 dagen geleden geplaatst,https://kamernet.nl/huren/studio-utrecht/louis-couperusstraat/studio-1990490,"{'Woonkamer': ' Eigen ', 'Keuken': ' Eigen ', 'Badkamer': ' Eigen ', 'Toilet': ' Eigen ', 'Internet': ' Nee ', 'Energielabel': ' B ', 'Huisdieren': ' Nee '}",studio-1990490.html
Waldeck-Pyrmontstraat,in Groningen,90 m,Totaal 2 kamers (2 slaapkamers) ,â‚¬ 1800,p/m | incl. g/w/e,Gemeubileerd,27-12-2021 tot 31-03-2022,1 week geleden geplaatst,https://kamernet.nl/huren/appartement-groningen/waldeck-pyrmontstraat/appartement-1989904,"{'Woonkamer': ' Eigen ', 'Keuken': ' Eigen ', 'Badkamer': ' Eigen ', 'Toilet': ' Eigen ', 'Internet': ' Ja ', 'Energielabel': ' A ', 'Huisdieren': ' Nee '}",appartement-1989904.html
Watermanstraat,in Groningen,97 m,Totaal 3 kamers (2 slaapkamers) ,â‚¬ 1150,p/m | excl. g/w/e,Gestoffeerd,01-11-2021,1 week geleden geplaatst,https://kamernet.nl/huren/appartement-groningen/watermanstraat/appartement-1989905,"{'Woonkamer': ' Eigen ', 'Keuken': ' Eigen ', 'Badkamer': ' Eigen ', 'Toilet': ' Eigen ', 'Internet': ' Nee ', 'Energielabel': ' C ', 'Huisdieren': ' In overleg '}",appartement-1989905.html
Gerrit Rietveldsingel,in Diemen,70 m,,â‚¬ 1550,p/m | excl. g/w/e,Gestoffeerd,23-09-2021,1 week geleden geplaatst,https://kamernet.nl/huren/appartement-diemen/gerrit-rietveldsingel/appartement-1990008,"{'Woonkamer': ' Onbekend ', 'Keuken': ' Onbekend ', 'Badkamer': ' Onbekend ', 'Toilet': ' Onbekend ', 'Internet': ' Onbekend ', 'Energielabel': ' Onbekend ', 'Huisdieren': ' In overleg '}",appartement-1990008.html
Otto Eerelmanstraat,in Groningen,30 m,Totale oppervlakte: 200 m 2,â‚¬ 650,p/m | excl. g/w/e,Gemeubileerd,01-11-2021 tot 28-02-2022,1 week geleden geplaatst,https://kamernet.nl/huren/kamer-groningen/otto-eerelmanstraat/kamer-1989923,"{'Woonkamer': ' Gedeeld ', 'Keuken': ' Gedeeld ', 'Badkamer': ' Gedeeld ', 'Toilet': ' Gedeeld ', 'Internet': ' Ja ', 'Energielabel': ' B ', 'Huisgenoten': '  3 ', 'Geslacht': ' Vrouw ', 'Huisdieren': ' Nee '}",kamer-1989923.html
Uilenstede,in Amstelveen,15 m,,â‚¬ 700,p/m | incl. g/w/e,Gemeubileerd,20-10-2021 tot 30-05-2022,1 week geleden geplaatst,https://kamernet.nl/huren/kamer-amstelveen/uilenstede/kamer-1989909,"{'Woonkamer': ' Gedeeld ', 'Keuken': ' Gedeeld ', 'Badkamer': ' Eigen ', 'Toilet': ' Eigen ', 'Internet': ' Ja ', 'Energielabel': ' Onbekend ', 'Huisgenoten': '  Onbekend  ', 'Geslacht': ' Onbekend ', 'Huisdieren': ' Nee '}",kamer-1989909.html
Haarlemmerstraat,in Leiden,16 m,Totale oppervlakte: 50 m 2,â‚¬ 550,p/m | excl. g/w/e,Gemeubileerd,01-11-2021,1 week geleden geplaatst,https://kamernet.nl/huren/kamer-leiden/haarlemmerstraat/kamer-1989924,"{'Woonkamer': ' Gedeeld ', 'Keuken': ' Gedeeld ', 'Badkamer': ' Gedeeld ', 'Toilet': ' Gedeeld ', 'Internet': ' Ja ', 'Energielabel': ' Onbekend ', 'Huisgenoten': '  1 ', 'Geslacht': ' Man ', 'Huisdieren': ' Nee '}",kamer-1989924.html
Alm,in Zwolle,12 m,Totale oppervlakte: 17 m 2,â‚¬ 360,p/m | incl. g/w/e,Gemeubileerd,31-10-2021,1 week geleden geplaatst,https://kamernet.nl/huren/kamer-zwolle/alm/kamer-1989927,"{'Woonkamer': ' Gedeeld ', 'Keuken': ' Gedeeld ', 'Badkamer': ' Gedeeld ', 'Toilet': ' Gedeeld ', 'Internet': ' Ja ', 'Energielabel': ' Onbekend ', 'Huisgenoten': '  5 ', 'Geslacht': ' Vrouw ', 'Huisdieren': ' Nee '}",kamer-1989927.html
Sonmansstraat,in Rotterdam,30 m,Totaal 1 kamer (1 slaapkamer) ,â‚¬ 995,p/m | incl. g/w/e,Gestoffeerd,01-11-2021,1 week geleden geplaatst,https://kamernet.nl/huren/studio-rotterdam/sonmansstraat/studio-1989949,"{'Woonkamer': ' Eigen ', 'Keuken': ' Eigen ', 'Badkamer': ' Eigen ', 'Toilet': ' Eigen ', 'Internet': ' Ja ', 'Energielabel': ' B ', 'Huisdieren': ' Nee '}",studio-1989949.html
Ina Boudier-Bakkerlaan,in Utrecht,30 m,Totaal 1 kamer (1 slaapkamer) ,â‚¬ 900,p/m | excl. g/w/e,Gestoffeerd,01-11-2021,1 week geleden geplaatst,https://kamernet.nl/huren/studio-utrecht/ina-boudier-bakkerlaan/studio-1989934,"{'Woonkamer': ' Eigen ', 'Keuken': ' Eigen ', 'Badkamer': ' Eigen ', 'Toilet': ' Eigen ', 'Internet': ' Nee ', 'Energielabel': ' A ', 'Huisdieren': ' Nee '}",studio-1989934.html
Ombilinstraat,in Amsterdam,67 m,,â‚¬ 1650,p/m | incl. g/w/e,Gestoffeerd,01-11-2021,1 week geleden geplaatst,https://kamernet.nl/huren/appartement-amsterdam/ombilinstraat/appartement-1989979,"{'Woonkamer': ' Gedeeld ', 'Keuken': ' Gedeeld ', 'Badkamer': ' Gedeeld ', 'Toilet': ' Gedeeld ', 'Internet': ' Nee ', 'Energielabel': ' A ', 'Huisdieren': ' Nee '}",appartement-1989979.html
Jan van Riebeekstraat,in Den Haag,58 m,,â‚¬ 1250,p/m | incl. g/w/e,Gemeubileerd,15-01-2022 tot 30-09-2022,1 week geleden geplaatst,https://kamernet.nl/huren/appartement-den-haag/jan-van-riebeekstraat/appartement-1989970,"{'Woonkamer': ' Gedeeld ', 'Keuken': ' Gedeeld ', 'Badkamer': ' Gedeeld ', 'Toilet': ' Gedeeld ', 'Internet': ' Ja ', 'Energielabel': ' C ', 'Huisdieren': ' Nee '}",appartement-1989970.html
Minnemastraat,in Leeuwarden,80 m,Totaal 3 kamers (2 slaapkamers) ,â‚¬ 1095,p/m | excl. g/w/e,Gestoffeerd,01-11-2021,4 dagen geleden geplaatst,https://kamernet.nl/huren/appartement-leeuwarden/minnemastraat/appartement-1990475,"{'Woonkamer': ' Eigen ', 'Keuken': ' Eigen ', 'Badkamer': ' Eigen ', 'Toilet': ' Eigen ', 'Internet': ' Onbekend ', 'Energielabel': ' Onbekend ', 'Huisdieren': ' Nee '}",appartement-1990475.html
Paets van Troostwijkstraat,in Den Haag,22 m,,â‚¬ 550,p/m | incl. g/w/e,Gestoffeerd,01-10-2021 tot 01-10-2022,5 dagen geleden geplaatst,https://kamernet.nl/huren/kamer-den-haag/paets-van-troostwijkstraat/kamer-1990665,"{'Woonkamer': ' Geen ', 'Keuken': ' Gedeeld ', 'Badkamer': ' Gedeeld ', 'Toilet': ' Gedeeld ', 'Internet': ' Ja ', 'Energielabel': ' Onbekend ', 'Huisgenoten': '  3 ', 'Geslacht': ' Onbekend ', 'Huisdieren': ' Nee '}",kamer-1990665.html
Malvert,in Nijmegen,28 m,,â‚¬ 410,p/m | incl. g/w/e,Gemeubileerd,01-10-2021 tot 01-02-2022,5 dagen geleden geplaatst,https://kamernet.nl/huren/kamer-nijmegen/malvert/kamer-1990623,"{'Woonkamer': ' Gedeeld ', 'Keuken': ' Gedeeld ', 'Badkamer': ' Gedeeld ', 'Toilet': ' Gedeeld ', 'Internet': ' Ja ', 'Energielabel': ' Onbekend ', 'Huisgenoten': '  3 ', 'Geslacht': ' Vrouw ', 'Huisdieren': ' Nee '}",kamer-1990623.html
Fossemaheerd,in Groningen,14 m,,â‚¬ 295,p/m | incl. g/w/e,Gestoffeerd,27-09-2021,5 dagen geleden geplaatst,https://kamernet.nl/huren/kamer-groningen/fossemaheerd/kamer-1990680,"{'Woonkamer': ' Geen ', 'Keuken': ' Gedeeld ', 'Badkamer': ' Gedeeld ', 'Toilet': ' Gedeeld ', 'Internet': ' Ja ', 'Energielabel': ' Onbekend ', 'Huisgenoten': '  5 ', 'Geslacht': ' Gemengd ', 'Huisdieren': ' Nee '}",kamer-1990680.html
Nicolaas Beetslaan,in Delft,12 m,,â‚¬ 330,p/m | excl. g/w/e,Gestoffeerd,03-10-2021,1 week geleden geplaatst,https://kamernet.nl/huren/kamer-delft/nicolaas-beetslaan/kamer-1989561,"{'Woonkamer': ' Gedeeld ', 'Keuken': ' Gedeeld ', 'Badkamer': ' Gedeeld ', 'Toilet': ' Gedeeld ', 'Internet': ' Ja ', 'Energielabel': ' Onbekend ', 'Huisgenoten': '  2 ', 'Geslacht': ' Man ', 'Huisdieren': ' Nee '}",kamer-1989561.html
Zuidhoek,in Rotterdam,79 m,Totaal 3 kamers (3 slaapkamers) ,â‚¬ 1070,p/m | excl. g/w/e,Gestoffeerd,09-10-2021 tot 31-10-2023,6 dagen geleden geplaatst,https://kamernet.nl/huren/appartement-rotterdam/zuidhoek/appartement-1990618,"{'Woonkamer': ' Eigen ', 'Keuken': ' Eigen ', 'Badkamer': ' Eigen ', 'Toilet': ' Eigen ', 'Internet': ' Ja ', 'Energielabel': ' C ', 'Huisdieren': ' Nee '}",appartement-1990618.html
Ariaweg,in Amersfoort,12 m,,â‚¬ 450,p/m | incl. g/w/e,Gemeubileerd,04-10-2021,5 dagen geleden geplaatst,https://kamernet.nl/huren/kamer-amersfoort/ariaweg/kamer-1990685,"{'Woonkamer': ' Gedeeld ', 'Keuken': ' Gedeeld ', 'Badkamer': ' Gedeeld ', 'Toilet': ' Gedeeld ', 'Internet': ' Ja ', 'Energielabel': ' Onbekend ', 'Huisgenoten': '  2 ', 'Geslacht': ' Man ', 'Huisdieren': ' Nee '}",kamer-1990685.html
Hessenweg,in De Bilt,45 m,,â‚¬ 875,p/m | excl. g/w/e,Gestoffeerd,01-10-2021,5 dagen geleden geplaatst,https://kamernet.nl/huren/appartement-de-bilt/hessenweg/appartement-1989329,"{'Woonkamer': ' Eigen ', 'Keuken': ' Eigen ', 'Badkamer': ' Eigen ', 'Toilet': ' Eigen ', 'Internet': ' Ja ', 'Energielabel': ' Onbekend ', 'Huisdieren': ' In overleg '}",appartement-1989329.html
Barneveldseweg,in Lunteren,22 m,,â‚¬ 375,p/m | incl. g/w/e,Gestoffeerd,02-10-2021,5 dagen geleden geplaatst,https://kamernet.nl/huren/kamer-lunteren/barneveldseweg/kamer-1990692,"{'Woonkamer': ' Gedeeld ', 'Keuken': ' Gedeeld ', 'Badkamer': ' Gedeeld ', 'Toilet': ' Gedeeld ', 'Internet': ' Ja ', 'Energielabel': ' Onbekend ', 'Huisgenoten': '  3 ', 'Geslacht': ' Gemengd ', 'Huisdieren': ' Nee '}",kamer-1990692.html
Burgemeester Meineszplein,in Rotterdam,28 m,,â‚¬ 580,p/m | incl. g/w/e,Gestoffeerd,18-10-2021,5 dagen geleden geplaatst,https://kamernet.nl/huren/kamer-rotterdam/burgemeester-meineszplein/kamer-1990688,"{'Woonkamer': ' Gedeeld ', 'Keuken': ' Gedeeld ', 'Badkamer': ' Gedeeld ', 'Toilet': ' Gedeeld ', 'Internet': ' Ja ', 'Energielabel': ' Onbekend ', 'Huisgenoten': '  Onbekend  ', 'Geslacht': ' Onbekend ', 'Huisdieren': ' Nee '}",kamer-1990688.html
Smalleweg,in Bunnik,15 m,,â‚¬ 264,p/m | incl. g/w/e,Gestoffeerd,16-11-2021,5 dagen geleden geplaatst,https://kamernet.nl/huren/kamer-bunnik/smalleweg/kamer-1990701,"{'Woonkamer': ' Geen ', 'Keuken': ' Gedeeld ', 'Badkamer': ' Gedeeld ', 'Toilet': ' Gedeeld ', 'Internet': ' Ja ', 'Energielabel': ' Onbekend ', 'Huisgenoten': '  2 ', 'Geslacht': ' Gemengd ', 'Huisdieren': ' Nee '}",kamer-1990701.html
Jacoba van Beierenlaan,in Delft,11 m,,â‚¬ 340,p/m | incl. g/w/e,Gestoffeerd,10-10-2021,5 dagen geleden geplaatst,https://kamernet.nl/huren/kamer-delft/jacoba-van-beierenlaan/kamer-1990694,"{'Woonkamer': ' Gedeeld ', 'Keuken': ' Gedeeld ', 'Badkamer': ' Gedeeld ', 'Toilet': ' Gedeeld ', 'Internet': ' Ja ', 'Energielabel': ' Onbekend ', 'Huisgenoten': '  Meer dan 8 ', 'Geslacht': ' Gemengd ', 'Huisdieren': ' In overleg '}",kamer-1990694.html
Bagijnhof,in Delft,18 m,,â‚¬ 360,p/m | incl. g/w/e,Kaal,21-10-2021,5 dagen geleden geplaatst,https://kamernet.nl/huren/kamer-delft/bagijnhof/kamer-1990697,"{'Woonkamer': ' Gedeeld ', 'Keuken': ' Gedeeld ', 'Badkamer': ' Gedeeld ', 'Toilet': ' Gedeeld ', 'Internet': ' Ja ', 'Energielabel': ' Onbekend ', 'Huisgenoten': '  Meer dan 8 ', 'Geslacht': ' Gemengd ', 'Huisdieren': ' Nee '}",kamer-1990697.html
St Leonardusstraat,in Eindhoven,16 m,Totale oppervlakte: 100 m 2,â‚¬ 750,p/m | excl. g/w/e,Gemeubileerd,03-10-2021,5 dagen geleden geplaatst,https://kamernet.nl/huren/kamer-eindhoven/st-leonardusstraat/kamer-1990710,"{'Woonkamer': ' Gedeeld ', 'Keuken': ' Gedeeld ', 'Badkamer': ' Gedeeld ', 'Toilet': ' Gedeeld ', 'Internet': ' Ja ', 'Energielabel': ' Onbekend ', 'Huisgenoten': '  1 ', 'Geslacht': ' Vrouw ', 'Huisdieren': ' Nee '}",kamer-1990710.html
Saxenburgerdwarsstraat,in Amsterdam,55 m,Totaal 1 kamer (1 slaapkamer) ,â‚¬ 1290,p/m | incl. g/w/e,Gemeubileerd,01-10-2021 tot 17-10-2021,5 dagen geleden geplaatst,https://kamernet.nl/huren/appartement-amsterdam/saxenburgerdwarsstraat/appartement-1990706,"{'Woonkamer': ' Eigen ', 'Keuken': ' Eigen ', 'Badkamer': ' Eigen ', 'Toilet': ' Eigen ', 'Internet': ' Ja ', 'Energielabel': ' F ', 'Huisdieren': ' Ja '}",appartement-1990706.html
Willem Noorlanderkade,in Amsterdam,16 m,Totale oppervlakte: 100 m 2,â‚¬ 710,p/m | incl. g/w/e,Gestoffeerd,24-09-2021 tot 31-08-2022,5 dagen geleden geplaatst,https://kamernet.nl/huren/kamer-amsterdam/willem-noorlanderkade/kamer-1990279,"{'Woonkamer': ' Gedeeld ', 'Keuken': ' Gedeeld ', 'Badkamer': ' Gedeeld ', 'Toilet': ' Gedeeld ', 'Internet': ' Ja ', 'Energielabel': ' A ', 'Huisgenoten': '  4  ', 'Geslacht': ' Gemengd ', 'Huisdieren': ' Nee '}",kamer-1990279.html
Willem Noorlanderkade,in Amsterdam,13 m,Totale oppervlakte: 100 m 2,â‚¬ 680,p/m | incl. g/w/e,Gestoffeerd,25-09-2021 tot 31-08-2022,5 dagen geleden geplaatst,https://kamernet.nl/huren/kamer-amsterdam/willem-noorlanderkade/kamer-1990359,"{'Woonkamer': ' Gedeeld ', 'Keuken': ' Gedeeld ', 'Badkamer': ' Gedeeld ', 'Toilet': ' Gedeeld ', 'Internet': ' Ja ', 'Energielabel': ' A ', 'Huisgenoten': '  4  ', 'Geslacht': ' Gemengd ', 'Huisdieren': ' Nee '}",kamer-1990359.html
Vlissingenstraat,in Almere,12 m,,â‚¬ 390,p/m | incl. g/w/e,Gestoffeerd,01-11-2021,5 dagen geleden geplaatst,https://kamernet.nl/huren/kamer-almere/vlissingenstraat/kamer-1869721,"{'Woonkamer': ' Gedeeld ', 'Keuken': ' Gedeeld ', 'Badkamer': ' Gedeeld ', 'Toilet': ' Gedeeld ', 'Internet': ' Ja ', 'Energielabel': ' Onbekend ', 'Huisgenoten': '  5 ', 'Geslacht': ' Gemengd ', 'Huisdieren': ' Nee '}",kamer-1869721.html
Breeweg,in Rotterdam,65 m,,â‚¬ 900,p/m | excl. g/w/e,Gestoffeerd,01-11-2021,5 dagen geleden geplaatst,https://kamernet.nl/huren/appartement-rotterdam/breeweg/appartement-1990604,"{'Woonkamer': ' Eigen ', 'Keuken': ' Eigen ', 'Badkamer': ' Eigen ', 'Toilet': ' Eigen ', 'Internet': ' Nee ', 'Energielabel': ' Onbekend ', 'Huisdieren': ' Ja '}",appartement-1990604.html
Buitenhof,in Uithoorn,90 m,,â‚¬ 1750,p/m | incl. g/w/e,Gemeubileerd,28-11-2021 tot 27-11-2023,5 dagen geleden geplaatst,https://kamernet.nl/huren/appartement-uithoorn/buitenhof/appartement-1990606,"{'Woonkamer': ' Geen ', 'Keuken': ' Eigen ', 'Badkamer': ' Eigen ', 'Toilet': ' Eigen ', 'Internet': ' Ja ', 'Energielabel': ' A ', 'Huisdieren': ' Ja '}",appartement-1990606.html
Ereprijs,in Nieuwegein,8 m,,â‚¬ 600,p/m | incl. g/w/e,Gemeubileerd,19-09-2021,5 dagen geleden geplaatst,https://kamernet.nl/huren/kamer-nieuwegein/ereprijs/kamer-1990645,"{'Woonkamer': ' Eigen ', 'Keuken': ' Gedeeld ', 'Badkamer': ' Gedeeld ', 'Toilet': ' Gedeeld ', 'Internet': ' Ja ', 'Energielabel': ' Onbekend ', 'Huisgenoten': '  3 ', 'Geslacht': ' Onbekend ', 'Huisdieren': ' Nee '}",kamer-1990645.html
Frederik van Eedenlaan,in Hilversum,55 m,Totaal 2 kamers,â‚¬ 1075,p/m | excl. g/w/e,Gestoffeerd,27-09-2021,5 dagen geleden geplaatst,https://kamernet.nl/huren/appartement-hilversum/frederik-van-eedenlaan/appartement-1990677,"{'Woonkamer': ' Onbekend ', 'Keuken': ' Onbekend ', 'Badkamer': ' Onbekend ', 'Toilet': ' Onbekend ', 'Internet': ' Onbekend ', 'Energielabel': ' Onbekend ', 'Huisdieren': ' Nee '}",appartement-1990677.html
Lange Bogaardstraat,in Haarlem,15 m,Totale oppervlakte: 12 m 2,â‚¬ 465,p/m | incl. g/w/e,Gestoffeerd,01-10-2021,5 dagen geleden geplaatst,https://kamernet.nl/huren/kamer-haarlem/lange-bogaardstraat/kamer-1990669,"{'Woonkamer': ' Eigen ', 'Keuken': ' Gedeeld ', 'Badkamer': ' Gedeeld ', 'Toilet': ' Gedeeld ', 'Internet': ' Ja ', 'Energielabel': ' Onbekend ', 'Huisgenoten': '  2 ', 'Geslacht': ' Vrouw ', 'Huisdieren': ' Nee '}",kamer-1990669.html
Koninginneweg,in Amsterdam,20 m,Totale oppervlakte: 110 m 2,â‚¬ 900,p/m | incl. g/w/e,Gestoffeerd,14-11-2021 tot 01-07-2022,5 dagen geleden geplaatst,https://kamernet.nl/huren/kamer-amsterdam/koninginneweg/kamer-1983820,"{'Woonkamer': ' Gedeeld ', 'Keuken': ' Gedeeld ', 'Badkamer': ' Eigen ', 'Toilet': ' Eigen ', 'Internet': ' Ja ', 'Energielabel': ' Onbekend ', 'Huisgenoten': '  3 ', 'Geslacht': ' Vrouw ', 'Huisdieren': ' Nee '}",kamer-1983820.html
Da Costastraat,in Amsterdam,8 m,,â‚¬ 360,p/m | incl. g/w/e,Gemeubileerd,08-10-2021,5 dagen geleden geplaatst,https://kamernet.nl/huren/kamer-amsterdam/da-costastraat/kamer-1990661,"{'Woonkamer': ' Geen ', 'Keuken': ' Gedeeld ', 'Badkamer': ' Gedeeld ', 'Toilet': ' Gedeeld ', 'Internet': ' Ja ', 'Energielabel': ' Onbekend ', 'Huisgenoten': '  5 ', 'Geslacht': ' Gemengd ', 'Huisdieren': ' Nee '}",kamer-1990661.html
Bos en Lommerweg,in Amsterdam,55 m,Totaal 3 kamers (2 slaapkamers) ,â‚¬ 1770,p/m | incl. g/w/e,Gemeubileerd,01-11-2021 tot 31-01-2022,5 dagen geleden geplaatst,https://kamernet.nl/huren/appartement-amsterdam/bos-en-lommerweg/appartement-1990622,"{'Woonkamer': ' Eigen ', 'Keuken': ' Eigen ', 'Badkamer': ' Eigen ', 'Toilet': ' Eigen ', 'Internet': ' Ja ', 'Energielabel': ' Onbekend ', 'Huisdieren': ' Nee '}",appartement-1990622.html
Heezerweg,in Eindhoven,16 m,Totale oppervlakte: 12 m 2,â‚¬ 325,p/m | incl. g/w/e,Gemeubileerd,01-10-2021,1 week geleden geplaatst,https://kamernet.nl/huren/kamer-eindhoven/heezerweg/kamer-1989939,"{'Woonkamer': ' Onbekend ', 'Keuken': ' Eigen ', 'Badkamer': ' Gedeeld ', 'Toilet': ' Gedeeld ', 'Internet': ' Onbekend ', 'Energielabel': ' Onbekend ', 'Huisgenoten': '  Onbekend  ', 'Geslacht': ' Onbekend ', 'Huisdieren': ' Nee '}",kamer-1989939.html
Calslaan,in Enschede,11 m,,â‚¬ 235,p/m | incl. g/w/e,Gestoffeerd,04-10-2021,5 dagen geleden geplaatst,https://kamernet.nl/huren/kamer-enschede/calslaan/kamer-1990625,"{'Woonkamer': ' Gedeeld ', 'Keuken': ' Gedeeld ', 'Badkamer': ' Gedeeld ', 'Toilet': ' Gedeeld ', 'Internet': ' Ja ', 'Energielabel': ' Onbekend ', 'Huisgenoten': '  Meer dan 8 ', 'Geslacht': ' Gemengd ', 'Huisdieren': ' Nee '}",kamer-1990625.html
Olympiaweg,in Amsterdam,50 m,,â‚¬ 1599,p/m | excl. g/w/e,Gemeubileerd,09-03-2021,5 dagen geleden geplaatst,https://kamernet.nl/huren/appartement-amsterdam/olympiaweg/appartement-1921197,"{'Woonkamer': ' Eigen ', 'Keuken': ' Eigen ', 'Badkamer': ' Eigen ', 'Toilet': ' Eigen ', 'Internet': ' Ja ', 'Energielabel': ' A ', 'Huisdieren': ' Nee '}",appartement-1921197.html
Groenestraat,in Zwolle,17 m,,â‚¬ 443,p/m | incl. g/w/e,Gestoffeerd,01-11-2021,5 dagen geleden geplaatst,https://kamernet.nl/huren/kamer-zwolle/groenestraat/kamer-1990631,"{'Woonkamer': ' Eigen ', 'Keuken': ' Gedeeld ', 'Badkamer': ' Gedeeld ', 'Toilet': ' Gedeeld ', 'Internet': ' Ja ', 'Energielabel': ' Onbekend ', 'Huisgenoten': '  3 ', 'Geslacht': ' Vrouw ', 'Huisdieren': ' Nee '}",kamer-1990631.html
Schans,in Breda,13 m,,â‚¬ 398,p/m | incl. g/w/e,Gestoffeerd,26-09-2021,5 dagen geleden geplaatst,https://kamernet.nl/huren/kamer-breda/schans/kamer-1990508,"{'Woonkamer': ' Gedeeld ', 'Keuken': ' Gedeeld ', 'Badkamer': ' Gedeeld ', 'Toilet': ' Gedeeld ', 'Internet': ' Ja ', 'Energielabel': ' Onbekend ', 'Huisgenoten': '  2 ', 'Geslacht': ' Gemengd ', 'Huisdieren': ' Nee '}",kamer-1990508.html
Reitzstraat,in Haarlem,12 m,,â‚¬ 650,p/m | incl. g/w/e,Gestoffeerd,01-10-2021,5 dagen geleden geplaatst,https://kamernet.nl/huren/kamer-haarlem/reitzstraat/kamer-1990651,"{'Woonkamer': ' Geen ', 'Keuken': ' Gedeeld ', 'Badkamer': ' Gedeeld ', 'Toilet': ' Gedeeld ', 'Internet': ' Ja ', 'Energielabel': ' Onbekend ', 'Huisgenoten': '  3 ', 'Geslacht': ' Gemengd ', 'Huisdieren': ' Nee '}",kamer-1990651.html
Veerstraat,in Waardenburg,14 m,Totaal 1 kamer (1 slaapkamer) ,â‚¬ 595,p/m | incl. g/w/e,Gemeubileerd,26-09-2021,5 dagen geleden geplaatst,https://kamernet.nl/huren/studio-waardenburg/veerstraat/studio-1990613,"{'Woonkamer': ' Eigen ', 'Keuken': ' Eigen ', 'Badkamer': ' Gedeeld ', 'Toilet': ' Eigen ', 'Internet': ' Ja ', 'Energielabel': ' Onbekend ', 'Huisdieren': ' Nee '}",studio-1990613.html
Spijkerstraat,in Utrecht,18 m,,â‚¬ 680,p/m | incl. g/w/e,Gestoffeerd,01-10-2021,5 dagen geleden geplaatst,https://kamernet.nl/huren/kamer-utrecht/spijkerstraat/kamer-1990633,"{'Woonkamer': ' Gedeeld ', 'Keuken': ' Gedeeld ', 'Badkamer': ' Gedeeld ', 'Toilet': ' Gedeeld ', 'Internet': ' Ja ', 'Energielabel': ' Onbekend ', 'Huisgenoten': '  2 ', 'Geslacht': ' Gemengd ', 'Huisdieren': ' Nee '}",kamer-1990633.html
Goeman Borgesiusstraat,in Winterswijk,12 m,Totale oppervlakte: 100 m 2,â‚¬ 475,p/m | incl. g/w/e,Gemeubileerd,01-10-2021 tot 01-05-2022,1 week geleden geplaatst,https://kamernet.nl/huren/kamer-winterswijk/goeman-borgesiusstraat/kamer-1990084,"{'Woonkamer': ' Gedeeld ', 'Keuken': ' Gedeeld ', 'Badkamer': ' Gedeeld ', 'Toilet': ' Gedeeld ', 'Internet': ' Ja ', 'Energielabel': ' B ', 'Huisgenoten': '  2 ', 'Geslacht': ' Gemengd ', 'Huisdieren': ' Nee '}",kamer-1990084.html
Abraham Kuyperlaan,in Rotterdam,12 m,Totaal 6 kamers (4 slaapkamers) ,â‚¬ 600,p/m | excl. g/w/e,Gestoffeerd,01-10-2021,1 week geleden geplaatst,https://kamernet.nl/huren/appartement-rotterdam/abraham-kuyperlaan/appartement-1989950,"{'Woonkamer': ' Gedeeld ', 'Keuken': ' Gedeeld ', 'Badkamer': ' Gedeeld ', 'Toilet': ' Gedeeld ', 'Internet': ' Ja ', 'Energielabel': ' F ', 'Huisdieren': ' Nee '}",appartement-1989950.html
Bosscherweg,in Maastricht,28 m,Totale oppervlakte: 30 m 2,â‚¬ 430,p/m | incl. g/w/e,Gemeubileerd,01-02-2022,1 week geleden geplaatst,https://kamernet.nl/huren/kamer-maastricht/bosscherweg/kamer-1990091,"{'Woonkamer': ' Eigen ', 'Keuken': ' Gedeeld ', 'Badkamer': ' Gedeeld ', 'Toilet': ' Gedeeld ', 'Internet': ' Ja ', 'Energielabel': ' Onbekend ', 'Huisgenoten': '  2 ', 'Geslacht': ' Man ', 'Huisdieren': ' In overleg '}",kamer-1990091.html
Kruidenhof,in Eindhoven,12 m,Totale oppervlakte: 125 m 2,â‚¬ 460,p/m | incl. g/w/e,Kaal,01-10-2021,1 week geleden geplaatst,https://kamernet.nl/huren/kamer-eindhoven/kruidenhof/kamer-1990092,"{'Woonkamer': ' Gedeeld ', 'Keuken': ' Gedeeld ', 'Badkamer': ' Gedeeld ', 'Toilet': ' Gedeeld ', 'Internet': ' Ja ', 'Energielabel': ' Onbekend ', 'Huisgenoten': '  1 ', 'Geslacht': ' Man ', 'Huisdieren': ' In overleg '}",kamer-1990092.html
Speenkruid,in Beilen,9 m,Totale oppervlakte: 40 m 2,â‚¬ 500,p/m | incl. g/w/e,Gemeubileerd,19-03-2022 tot 08-07-2022,1 week geleden geplaatst,https://kamernet.nl/huren/kamer-beilen/speenkruid/kamer-1990101,"{'Woonkamer': ' Eigen ', 'Keuken': ' Gedeeld ', 'Badkamer': ' Gedeeld ', 'Toilet': ' Gedeeld ', 'Internet': ' Ja ', 'Energielabel': ' C ', 'Huisgenoten': '  3 ', 'Geslacht': ' Gemengd ', 'Huisdieren': ' Nee '}",kamer-1990101.html
Amsterdamsestraatweg,in Utrecht,16 m,Totale oppervlakte: 60 m 2,â‚¬ 520,p/m | incl. g/w/e,Gemeubileerd,15-10-2021,5 dagen geleden geplaatst,https://kamernet.nl/huren/kamer-utrecht/amsterdamsestraatweg/kamer-1981793,"{'Woonkamer': ' Gedeeld ', 'Keuken': ' Gedeeld ', 'Badkamer': ' Gedeeld ', 'Toilet': ' Gedeeld ', 'Internet': ' Ja ', 'Energielabel': ' B ', 'Huisgenoten': '  6 ', 'Geslacht': ' Vrouw ', 'Huisdieren': ' Nee '}",kamer-1981793.html
Westinghousestraat,in Groningen,14 m,,â‚¬ 345,p/m | incl. g/w/e,Gestoffeerd,20-10-2021,1 week geleden geplaatst,https://kamernet.nl/huren/kamer-groningen/westinghousestraat/kamer-1990108,"{'Woonkamer': ' Geen ', 'Keuken': ' Gedeeld ', 'Badkamer': ' Gedeeld ', 'Toilet': ' Gedeeld ', 'Internet': ' Ja ', 'Energielabel': ' Onbekend ', 'Huisgenoten': '  4  ', 'Geslacht': ' Gemengd ', 'Huisdieren': ' Nee '}",kamer-1990108.html
Azielaan,in Utrecht,10 m,Totale oppervlakte: 80 m 2,â‚¬ 750,p/m | excl. g/w/e,Gemeubileerd,01-10-2021,1 week geleden geplaatst,https://kamernet.nl/huren/kamer-utrecht/azielaan/kamer-1989921,"{'Woonkamer': ' Gedeeld ', 'Keuken': ' Gedeeld ', 'Badkamer': ' Gedeeld ', 'Toilet': ' Gedeeld ', 'Internet': ' Ja ', 'Energielabel': ' Onbekend ', 'Huisgenoten': '  1 ', 'Geslacht': ' Man ', 'Huisdieren': ' Nee '}",kamer-1989921.html
Wipstraat,in Groningen,20 m,,â‚¬ 360,p/m | incl. g/w/e,Gestoffeerd,15-10-2021,1 week geleden geplaatst,https://kamernet.nl/huren/kamer-groningen/wipstraat/kamer-1990115,"{'Woonkamer': ' Geen ', 'Keuken': ' Gedeeld ', 'Badkamer': ' Gedeeld ', 'Toilet': ' Gedeeld ', 'Internet': ' Ja ', 'Energielabel': ' Onbekend ', 'Huisgenoten': '  2 ', 'Geslacht': ' Vrouw ', 'Huisdieren': ' Nee '}",kamer-1990115.html
Jacoba van Beierenlaan,in Delft,12 m,,â‚¬ 330,p/m | incl. g/w/e,Kaal,08-10-2021,1 week geleden geplaatst,https://kamernet.nl/huren/appartement-delft/jacoba-van-beierenlaan/appartement-1990104,"{'Woonkamer': ' Gedeeld ', 'Keuken': ' Gedeeld ', 'Badkamer': ' Gedeeld ', 'Toilet': ' Gedeeld ', 'Internet': ' Ja ', 'Energielabel': ' Onbekend ', 'Huisdieren': ' Nee '}",appartement-1990104.html
Heymanslaan,in Groningen,16 m,,â‚¬ 380,p/m | incl. g/w/e,Gestoffeerd,26-10-2021,1 week geleden geplaatst,https://kamernet.nl/huren/kamer-groningen/heymanslaan/kamer-1988268,"{'Woonkamer': ' Geen ', 'Keuken': ' Gedeeld ', 'Badkamer': ' Gedeeld ', 'Toilet': ' Gedeeld ', 'Internet': ' Ja ', 'Energielabel': ' Onbekend ', 'Huisgenoten': '  3 ', 'Geslacht': ' Gemengd ', 'Huisdieren': ' Nee '}",kamer-1988268.html
Duinlaan,in Oostvoorne,35 m,Totaal 10 kamers (10 slaapkamers) ,â‚¬ 285,p/m | incl. g/w/e,Gestoffeerd,29-09-2021,5 dagen geleden geplaatst,https://kamernet.nl/huren/anti-kraak-oostvoorne/duinlaan/anti-kraak-1990660,"{'Woonkamer': ' Eigen ', 'Keuken': ' Gedeeld ', 'Badkamer': ' Eigen ', 'Toilet': ' Eigen ', 'Internet': ' Ja ', 'Energielabel': ' D ', 'Huisdieren': ' Nee '}",anti-kraak-1990660.html
Rijksweg Zuid,in Geleen,40 m,Totaal 2 kamers (1 slaapkamer) ,â‚¬ 670,p/m | incl. g/w/e,Kaal,01-11-2021,1 week geleden geplaatst,https://kamernet.nl/huren/appartement-geleen/rijksweg-zuid/appartement-1990131,"{'Woonkamer': ' Eigen ', 'Keuken': ' Eigen ', 'Badkamer': ' Eigen ', 'Toilet': ' Eigen ', 'Internet': ' Onbekend ', 'Energielabel': ' Onbekend ', 'Huisdieren': ' Nee '}",appartement-1990131.html
Haaksbergerstraat,in Enschede,11 m,Totale oppervlakte: 80 m 2,â‚¬ 375,p/m | incl. g/w/e,Gestoffeerd,01-12-2021,5 dagen geleden geplaatst,https://kamernet.nl/huren/kamer-enschede/haaksbergerstraat/kamer-1990642,"{'Woonkamer': ' Gedeeld ', 'Keuken': ' Gedeeld ', 'Badkamer': ' Gedeeld ', 'Toilet': ' Gedeeld ', 'Internet': ' Ja ', 'Energielabel': ' A ', 'Huisgenoten': '  2 ', 'Geslacht': ' Vrouw ', 'Huisdieren': ' Nee '}",kamer-1990642.html
Noordplein,in Rotterdam,12 m,Totale oppervlakte: 70 m 2,â‚¬ 600,p/m | incl. g/w/e,Gemeubileerd,27-09-2021 tot 19-12-2021,1 week geleden geplaatst,https://kamernet.nl/huren/kamer-rotterdam/noordplein/kamer-1989944,"{'Woonkamer': ' Gedeeld ', 'Keuken': ' Gedeeld ', 'Badkamer': ' Gedeeld ', 'Toilet': ' Gedeeld ', 'Internet': ' Ja ', 'Energielabel': ' Onbekend ', 'Huisgenoten': '  4  ', 'Geslacht': ' Man ', 'Huisdieren': ' Nee '}",kamer-1989944.html
Aan 't Verlaat,in Delft,12 m,,â‚¬ 350,p/m | incl. g/w/e,Kaal,04-10-2021,1 week geleden geplaatst,https://kamernet.nl/huren/kamer-delft/aan-'t-verlaat/kamer-1990159,"{'Woonkamer': ' Gedeeld ', 'Keuken': ' Gedeeld ', 'Badkamer': ' Gedeeld ', 'Toilet': ' Gedeeld ', 'Internet': ' Onbekend ', 'Energielabel': ' Onbekend ', 'Huisgenoten': '  8  ', 'Geslacht': ' Gemengd ', 'Huisdieren': ' Nee '}",kamer-1990159.html
Tuindorpstraat,in Hengelo,20 m,Totale oppervlakte: 39 m 2,â‚¬ 650,p/m | incl. g/w/e,Gemeubileerd,01-11-2021,1 week geleden geplaatst,https://kamernet.nl/huren/kamer-hengelo/tuindorpstraat/kamer-1990175,"{'Woonkamer': ' Eigen ', 'Keuken': ' Eigen ', 'Badkamer': ' Eigen ', 'Toilet': ' Eigen ', 'Internet': ' Ja ', 'Energielabel': ' Onbekend ', 'Huisgenoten': '  Onbekend  ', 'Geslacht': ' Onbekend ', 'Huisdieren': ' Nee '}",kamer-1990175.html
Korte Lombardstraat,in Den Haag,9 m,,â‚¬ 425,p/m | incl. g/w/e,Gestoffeerd,01-12-2021,1 week geleden geplaatst,https://kamernet.nl/huren/kamer-den-haag/korte-lombardstraat/kamer-1990022,"{'Woonkamer': ' Gedeeld ', 'Keuken': ' Gedeeld ', 'Badkamer': ' Gedeeld ', 'Toilet': ' Gedeeld ', 'Internet': ' Nee ', 'Energielabel': ' Onbekend ', 'Huisgenoten': '  3 ', 'Geslacht': ' Vrouw ', 'Huisdieren': ' Nee '}",kamer-1990022.html
Nieuwenoord,in Rotterdam,40 m,,â‚¬ 550,p/m | excl. g/w/e,Gestoffeerd,28-09-2021,1 week geleden geplaatst,https://kamernet.nl/huren/kamer-rotterdam/nieuwenoord/kamer-1990015,"{'Woonkamer': ' Eigen ', 'Keuken': ' Gedeeld ', 'Badkamer': ' Gedeeld ', 'Toilet': ' Gedeeld ', 'Internet': ' Onbekend ', 'Energielabel': ' Onbekend ', 'Huisgenoten': '  2 ', 'Geslacht': ' Gemengd ', 'Huisdieren': ' Nee '}",kamer-1990015.html
Stationsweg,in Ommen,169 m,Totaal 1 kamer (3 slaapkamers) ,â‚¬ 550,p/m | incl. g/w/e,Gestoffeerd,23-09-2021,1 week geleden geplaatst,https://kamernet.nl/huren/studio-ommen/stationsweg/studio-1990127,"{'Woonkamer': ' Eigen ', 'Keuken': ' Eigen ', 'Badkamer': ' Gedeeld ', 'Toilet': ' Gedeeld ', 'Internet': ' Ja ', 'Energielabel': ' Onbekend ', 'Huisdieren': ' Nee '}",studio-1990127.html
Matenweg,in Enschede,10 m,,â‚¬ 286,p/m | incl. g/w/e,Kaal,20-10-2021,1 week geleden geplaatst,https://kamernet.nl/huren/kamer-enschede/matenweg/kamer-1990023,"{'Woonkamer': ' Gedeeld ', 'Keuken': ' Gedeeld ', 'Badkamer': ' Gedeeld ', 'Toilet': ' Gedeeld ', 'Internet': ' Onbekend ', 'Energielabel': ' Onbekend ', 'Huisgenoten': '  Meer dan 8 ', 'Geslacht': ' Gemengd ', 'Huisdieren': ' Nee '}",kamer-1990023.html
Gorechtkade,in Groningen,17 m,Totale oppervlakte: 35 m 2,â‚¬ 400,p/m | incl. g/w/e,Gestoffeerd,01-11-2021,1 week geleden geplaatst,https://kamernet.nl/huren/kamer-groningen/gorechtkade/kamer-1990013,"{'Woonkamer': ' Eigen ', 'Keuken': ' Gedeeld ', 'Badkamer': ' Gedeeld ', 'Toilet': ' Gedeeld ', 'Internet': ' Ja ', 'Energielabel': ' E ', 'Huisgenoten': '  2 ', 'Geslacht': ' Man ', 'Huisdieren': ' Nee '}",kamer-1990013.html
Prinses Julianastraat,in Zwolle,12 m,,â‚¬ 325,p/m | incl. g/w/e,Gestoffeerd,24-09-2021 tot 23-09-2022,1 week geleden geplaatst,https://kamernet.nl/huren/kamer-zwolle/prinses-julianastraat/kamer-1990150,"{'Woonkamer': ' Eigen ', 'Keuken': ' Gedeeld ', 'Badkamer': ' Gedeeld ', 'Toilet': ' Gedeeld ', 'Internet': ' Nee ', 'Energielabel': ' Onbekend ', 'Huisgenoten': '  4  ', 'Geslacht': ' Man ', 'Huisdieren': ' Nee '}",kamer-1990150.html
Aarhuispad,in Rotterdam,12 m,,â‚¬ 530,p/m | incl. g/w/e,Gemeubileerd,01-10-2021,1 week geleden geplaatst,https://kamernet.nl/huren/kamer-rotterdam/aarhuispad/kamer-1990112,"{'Woonkamer': ' Gedeeld ', 'Keuken': ' Gedeeld ', 'Badkamer': ' Gedeeld ', 'Toilet': ' Gedeeld ', 'Internet': ' Ja ', 'Energielabel': ' Onbekend ', 'Huisgenoten': '  2 ', 'Geslacht': ' Vrouw ', 'Huisdieren': ' Nee '}",kamer-1990112.html
Weerdingerkanaal NZ,in Nieuw-Weerdinge,25 m,,â‚¬ 550,p/m | incl. g/w/e,Gestoffeerd,23-09-2021,1 week geleden geplaatst,https://kamernet.nl/huren/appartement-nieuw-weerdinge/weerdingerkanaal-nz/appartement-1990024,"{'Woonkamer': ' Eigen ', 'Keuken': ' Eigen ', 'Badkamer': ' Eigen ', 'Toilet': ' Eigen ', 'Internet': ' Ja ', 'Energielabel': ' Onbekend ', 'Huisdieren': ' Nee '}",appartement-1990024.html
Rhijngeesterstraatweg,in Oegstgeest,30 m,,â‚¬ 600,p/m | incl. g/w/e,Gestoffeerd,01-11-2021,1 week geleden geplaatst,https://kamernet.nl/huren/kamer-oegstgeest/rhijngeesterstraatweg/kamer-1990038,"{'Woonkamer': ' Eigen ', 'Keuken': ' Gedeeld ', 'Badkamer': ' Gedeeld ', 'Toilet': ' Gedeeld ', 'Internet': ' Ja ', 'Energielabel': ' Onbekend ', 'Huisgenoten': '  Meer dan 8 ', 'Geslacht': ' Onbekend ', 'Huisdieren': ' In overleg '}",kamer-1990038.html
Amsterdamsestraatweg,in Utrecht,10 m,Totale oppervlakte: 70 m 2,â‚¬ 750,p/m | incl. g/w/e,Gestoffeerd,01-12-2021 tot 01-06-2022,1 week geleden geplaatst,https://kamernet.nl/huren/kamer-utrecht/amsterdamsestraatweg/kamer-1990103,"{'Woonkamer': ' Gedeeld ', 'Keuken': ' Gedeeld ', 'Badkamer': ' Gedeeld ', 'Toilet': ' Gedeeld ', 'Internet': ' Ja ', 'Energielabel': ' Onbekend ', 'Huisgenoten': '  1 ', 'Geslacht': ' Vrouw ', 'Huisdieren': ' Nee '}",kamer-1990103.html
Rijswijkseweg,in Den Haag,30 m,,â‚¬ 1000,p/m | incl. g/w/e,Gemeubileerd,01-10-2021 tot 02-10-2023,1 week geleden geplaatst,https://kamernet.nl/huren/studio-den-haag/rijswijkseweg/studio-1989955,"{'Woonkamer': ' Eigen ', 'Keuken': ' Eigen ', 'Badkamer': ' Eigen ', 'Toilet': ' Eigen ', 'Internet': ' Ja ', 'Energielabel': ' Onbekend ', 'Huisdieren': ' Nee '}",studio-1989955.html
Dr. Zamenhofstraat,in Rotterdam,67 m,Totaal 4 kamers (3 slaapkamers) ,â‚¬ 1450,p/m | incl. g/w/e,Gemeubileerd,01-01-2022 tot 01-08-2022,1 week geleden geplaatst,https://kamernet.nl/huren/appartement-rotterdam/dr.-zamenhofstraat/appartement-1990014,"{'Woonkamer': ' Eigen ', 'Keuken': ' Eigen ', 'Badkamer': ' Eigen ', 'Toilet': ' Eigen ', 'Internet': ' Ja ', 'Energielabel': ' Onbekend ', 'Huisdieren': ' Nee '}",appartement-1990014.html
Nieuwestad,in Leeuwarden,75 m,Totaal 2 kamers (1 slaapkamer) ,â‚¬ 752,p/m | excl. g/w/e,Gestoffeerd,01-11-2021,1 week geleden geplaatst,https://kamernet.nl/huren/appartement-leeuwarden/nieuwestad/appartement-1989920,"{'Woonkamer': ' Eigen ', 'Keuken': ' Eigen ', 'Badkamer': ' Eigen ', 'Toilet': ' Eigen ', 'Internet': ' Onbekend ', 'Energielabel': ' Onbekend ', 'Huisdieren': ' Nee '}",appartement-1989920.html
Henri Hermanslaan,in Geleen,20 m,Totale oppervlakte: 55 m 2,â‚¬ 449,p/m | excl. g/w/e,Gestoffeerd,02-11-2021,6 dagen geleden geplaatst,https://kamernet.nl/huren/kamer-geleen/henri-hermanslaan/kamer-1990494,"{'Woonkamer': ' Gedeeld ', 'Keuken': ' Gedeeld ', 'Badkamer': ' Gedeeld ', 'Toilet': ' Gedeeld ', 'Internet': ' Ja ', 'Energielabel': ' Onbekend ', 'Huisgenoten': '  2 ', 'Geslacht': ' Gemengd ', 'Huisdieren': ' Nee '}",kamer-1990494.html
Polanenstraat,in Rotterdam,11 m,,â‚¬ 650,p/m | incl. g/w/e,Gemeubileerd,17-10-2021 tot 30-06-2022,1 week geleden geplaatst,https://kamernet.nl/huren/kamer-rotterdam/polanenstraat/kamer-1990047,"{'Woonkamer': ' Gedeeld ', 'Keuken': ' Gedeeld ', 'Badkamer': ' Gedeeld ', 'Toilet': ' Gedeeld ', 'Internet': ' Ja ', 'Energielabel': ' Onbekend ', 'Huisgenoten': '  2 ', 'Geslacht': ' Man ', 'Huisdieren': ' Nee '}",kamer-1990047.html
Transvaalstraat,in Amsterdam,10 m,,â‚¬ 400,p/m | incl. g/w/e,Gestoffeerd,30-09-2021 tot 30-09-2022,1 week geleden geplaatst,https://kamernet.nl/huren/kamer-amsterdam/transvaalstraat/kamer-1990057,"{'Woonkamer': ' Geen ', 'Keuken': ' Gedeeld ', 'Badkamer': ' Gedeeld ', 'Toilet': ' Gedeeld ', 'Internet': ' Nee ', 'Energielabel': ' Onbekend ', 'Huisgenoten': '  1 ', 'Geslacht': ' Gemengd ', 'Huisdieren': ' Nee '}",kamer-1990057.html
Frederik van Eedenlaan,in Hilversum,60 m,Totaal 2 kamers,â‚¬ 1000,p/m | excl. g/w/e,Gestoffeerd,23-09-2021,1 week geleden geplaatst,https://kamernet.nl/huren/appartement-hilversum/frederik-van-eedenlaan/appartement-1990041,"{'Woonkamer': ' Onbekend ', 'Keuken': ' Onbekend ', 'Badkamer': ' Onbekend ', 'Toilet': ' Onbekend ', 'Internet': ' Onbekend ', 'Energielabel': ' Onbekend ', 'Huisdieren': ' In overleg '}",appartement-1990041.html
Amsteldijk,in Amsterdam,92 m,Totaal 4 kamers (2 slaapkamers) ,â‚¬ 2250,p/m | excl. g/w/e,Gemeubileerd,08-12-2021,1 week geleden geplaatst,https://kamernet.nl/huren/appartement-amsterdam/amsteldijk/appartement-1989935,"{'Woonkamer': ' Eigen ', 'Keuken': ' Eigen ', 'Badkamer': ' Eigen ', 'Toilet': ' Eigen ', 'Internet': ' Ja ', 'Energielabel': ' Onbekend ', 'Huisdieren': ' Nee '}",appartement-1989935.html
Rotterdamseweg,in Delft,16 m,,â‚¬ 390,p/m | incl. g/w/e,Kaal,03-10-2021,1 week geleden geplaatst,https://kamernet.nl/huren/kamer-delft/rotterdamseweg/kamer-1990068,"{'Woonkamer': ' Gedeeld ', 'Keuken': ' Gedeeld ', 'Badkamer': ' Gedeeld ', 'Toilet': ' Gedeeld ', 'Internet': ' Ja ', 'Energielabel': ' Onbekend ', 'Huisgenoten': '  4  ', 'Geslacht': ' Gemengd ', 'Huisdieren': ' Nee '}",kamer-1990068.html
Hatertseweg,in Nijmegen,70 m,Totaal 3 kamers (2 slaapkamers) ,â‚¬ 1040,p/m | excl. g/w/e,Gestoffeerd,15-10-2021,1 week geleden geplaatst,https://kamernet.nl/huren/appartement-nijmegen/hatertseweg/appartement-1990059,"{'Woonkamer': ' Eigen ', 'Keuken': ' Eigen ', 'Badkamer': ' Eigen ', 'Toilet': ' Eigen ', 'Internet': ' Ja ', 'Energielabel': ' Onbekend ', 'Huisdieren': ' Nee '}",appartement-1990059.html
Loplein,in Arnhem,11 m,,â‚¬ 400,p/m | incl. g/w/e,Gestoffeerd,01-10-2021,1 week geleden geplaatst,https://kamernet.nl/huren/kamer-arnhem/loplein/kamer-1990242,"{'Woonkamer': ' Gedeeld ', 'Keuken': ' Gedeeld ', 'Badkamer': ' Gedeeld ', 'Toilet': ' Gedeeld ', 'Internet': ' Ja ', 'Energielabel': ' Onbekend ', 'Huisgenoten': '  3 ', 'Geslacht': ' Gemengd ', 'Huisdieren': ' Nee '}",kamer-1990242.html
Zandkreekstraat,in Deventer,9 m,,â‚¬ 300,p/m | incl. g/w/e,Gestoffeerd,01-10-2021,1 week geleden geplaatst,https://kamernet.nl/huren/kamer-deventer/zandkreekstraat/kamer-1987920,"{'Woonkamer': ' Geen ', 'Keuken': ' Gedeeld ', 'Badkamer': ' Gedeeld ', 'Toilet': ' Gedeeld ', 'Internet': ' Ja ', 'Energielabel': ' Onbekend ', 'Huisgenoten': '  4  ', 'Geslacht': ' Gemengd ', 'Huisdieren': ' Nee '}",kamer-1987920.html
Pr.Hendrikstraat,in Gennep,19 m,Totale oppervlakte: 30 m 2,â‚¬ 495,p/m | excl. g/w/e,Gestoffeerd,22-10-2021,1 week geleden geplaatst,https://kamernet.nl/huren/kamer-gennep/pr.hendrikstraat/kamer-1880031,"{'Woonkamer': ' Geen ', 'Keuken': ' Gedeeld ', 'Badkamer': ' Gedeeld ', 'Toilet': ' Gedeeld ', 'Internet': ' Onbekend ', 'Energielabel': ' Onbekend ', 'Huisgenoten': '  3 ', 'Geslacht': ' Man ', 'Huisdieren': ' Nee '}",kamer-1880031.html
Klikspaanweg,in Leiden,12 m,,â‚¬ 290,p/m | incl. g/w/e,Kaal,24-09-2021,1 week geleden geplaatst,https://kamernet.nl/huren/kamer-leiden/klikspaanweg/kamer-1990247,"{'Woonkamer': ' Gedeeld ', 'Keuken': ' Gedeeld ', 'Badkamer': ' Gedeeld ', 'Toilet': ' Gedeeld ', 'Internet': ' Ja ', 'Energielabel': ' Onbekend ', 'Huisgenoten': '  Meer dan 8 ', 'Geslacht': ' Gemengd ', 'Huisdieren': ' Nee '}",kamer-1990247.html
Walsland,in Vianen,37 m,Totaal 2 kamers (1 slaapkamer) ,â‚¬ 840,p/m | incl. g/w/e,Gestoffeerd,26-09-2021,1 week geleden geplaatst,https://kamernet.nl/huren/appartement-vianen/walsland/appartement-1990240,"{'Woonkamer': ' Eigen ', 'Keuken': ' Eigen ', 'Badkamer': ' Eigen ', 'Toilet': ' Eigen ', 'Internet': ' Ja ', 'Energielabel': ' A ', 'Huisdieren': ' Nee '}",appartement-1990240.html
Nieuwe Binnenweg,in Rotterdam,9 m,Totale oppervlakte: 50 m 2,â‚¬ 370,p/m | incl. g/w/e,Gestoffeerd,01-10-2021,1 week geleden geplaatst,https://kamernet.nl/huren/kamer-rotterdam/nieuwe-binnenweg/kamer-1990219,"{'Woonkamer': ' Gedeeld ', 'Keuken': ' Gedeeld ', 'Badkamer': ' Gedeeld ', 'Toilet': ' Gedeeld ', 'Internet': ' Ja ', 'Energielabel': ' Onbekend ', 'Huisgenoten': '  3 ', 'Geslacht': ' Man ', 'Huisdieren': ' Nee '}",kamer-1990219.html
Markt,in Delft,25 m,,â‚¬ 625,p/m | excl. g/w/e,Gestoffeerd,01-11-2021,1 week geleden geplaatst,https://kamernet.nl/huren/kamer-delft/markt/kamer-1990258,"{'Woonkamer': ' Geen ', 'Keuken': ' Gedeeld ', 'Badkamer': ' Gedeeld ', 'Toilet': ' Gedeeld ', 'Internet': ' Ja ', 'Energielabel': ' Onbekend ', 'Huisgenoten': '  8  ', 'Geslacht': ' Gemengd ', 'Huisdieren': ' Nee '}",kamer-1990258.html
Meander,in Amstelveen,10 m,,â‚¬ 850,p/m | incl. g/w/e,Gemeubileerd,01-10-2021,5 dagen geleden geplaatst,https://kamernet.nl/huren/kamer-amstelveen/meander/kamer-1990627,"{'Woonkamer': ' Gedeeld ', 'Keuken': ' Gedeeld ', 'Badkamer': ' Gedeeld ', 'Toilet': ' Gedeeld ', 'Internet': ' Ja ', 'Energielabel': ' Onbekend ', 'Huisgenoten': '  2 ', 'Geslacht': ' Man ', 'Huisdieren': ' Nee '}",kamer-1990627.html
Meent,in Rotterdam,9 m,Totale oppervlakte: 80 m 2,â‚¬ 530,p/m | incl. g/w/e,Gestoffeerd,17-10-2021,1 week geleden geplaatst,https://kamernet.nl/huren/kamer-rotterdam/meent/kamer-1990284,"{'Woonkamer': ' Gedeeld ', 'Keuken': ' Gedeeld ', 'Badkamer': ' Gedeeld ', 'Toilet': ' Gedeeld ', 'Internet': ' Ja ', 'Energielabel': ' Onbekend ', 'Huisgenoten': '  2 ', 'Geslacht': ' Man ', 'Huisdieren': ' Nee '}",kamer-1990284.html
Van Ostadestraat,in Amsterdam,78 m,Totaal 2 kamers (1 slaapkamer) ,â‚¬ 1500,p/m | excl. g/w/e,Gemeubileerd,13-10-2021,1 week geleden geplaatst,https://kamernet.nl/huren/appartement-amsterdam/van-ostadestraat/appartement-1990237,"{'Woonkamer': ' Eigen ', 'Keuken': ' Eigen ', 'Badkamer': ' Eigen ', 'Toilet': ' Eigen ', 'Internet': ' Ja ', 'Energielabel': ' Onbekend ', 'Huisdieren': ' Ja '}",appartement-1990237.html
Aldegondestraat,in Amersfoort,12 m,,â‚¬ 448,p/m | incl. g/w/e,Kaal,01-11-2021,1 week geleden geplaatst,https://kamernet.nl/huren/kamer-amersfoort/aldegondestraat/kamer-1990080,"{'Woonkamer': ' Onbekend ', 'Keuken': ' Gedeeld ', 'Badkamer': ' Gedeeld ', 'Toilet': ' Gedeeld ', 'Internet': ' Ja ', 'Energielabel': ' Onbekend ', 'Huisgenoten': '  3 ', 'Geslacht': ' Vrouw ', 'Huisdieren': ' Nee '}",kamer-1990080.html
Matenweg,in Enschede,10 m,,â‚¬ 274,p/m | incl. g/w/e,Gemeubileerd,14-11-2021 tot 23-04-2022,1 week geleden geplaatst,https://kamernet.nl/huren/kamer-enschede/matenweg/kamer-1990294,"{'Woonkamer': ' Gedeeld ', 'Keuken': ' Gedeeld ', 'Badkamer': ' Gedeeld ', 'Toilet': ' Gedeeld ', 'Internet': ' Ja ', 'Energielabel': ' Onbekend ', 'Huisgenoten': '  Onbekend  ', 'Geslacht': ' Onbekend ', 'Huisdieren': ' Nee '}",kamer-1990294.html
Sandersweg,in Maastricht,38 m,Totaal 2 kamers (1 slaapkamer) ,â‚¬ 100,p/m | incl. g/w/e,Kaal,01-10-2021,1 week geleden geplaatst,https://kamernet.nl/huren/anti-kraak-maastricht/sandersweg/anti-kraak-1990276,"{'Woonkamer': ' Eigen ', 'Keuken': ' Eigen ', 'Badkamer': ' Eigen ', 'Toilet': ' Gedeeld ', 'Internet': ' Nee ', 'Energielabel': ' Onbekend ', 'Huisdieren': ' Nee '}",anti-kraak-1990276.html
Deltalaan,in Deventer,65 m,Totaal 1 kamer (2 slaapkamers) ,â‚¬ 795,p/m | excl. g/w/e,Gestoffeerd,01-10-2021 tot 30-09-2023,1 week geleden geplaatst,https://kamernet.nl/huren/appartement-deventer/deltalaan/appartement-1990293,"{'Woonkamer': ' Eigen ', 'Keuken': ' Eigen ', 'Badkamer': ' Eigen ', 'Toilet': ' Eigen ', 'Internet': ' Ja ', 'Energielabel': ' D ', 'Huisdieren': ' Nee '}",appartement-1990293.html
Singravenlaan,in Arnhem,20 m,,â‚¬ 390,p/m | excl. g/w/e,Gestoffeerd,01-11-2021,1 week geleden geplaatst,https://kamernet.nl/huren/kamer-arnhem/singravenlaan/kamer-1990043,"{'Woonkamer': ' Onbekend ', 'Keuken': ' Gedeeld ', 'Badkamer': ' Gedeeld ', 'Toilet': ' Gedeeld ', 'Internet': ' Ja ', 'Energielabel': ' Onbekend ', 'Huisgenoten': '  3 ', 'Geslacht': ' Gemengd ', 'Huisdieren': ' Nee '}",kamer-1990043.html
Kikkerbeet,in Amersfoort,13 m,Totale oppervlakte: 15 m 2,â‚¬ 450,p/m | incl. g/w/e,Gemeubileerd,24-09-2021,1 week geleden geplaatst,https://kamernet.nl/huren/kamer-amersfoort/kikkerbeet/kamer-1990172,"{'Woonkamer': ' Eigen ', 'Keuken': ' Gedeeld ', 'Badkamer': ' Gedeeld ', 'Toilet': ' Gedeeld ', 'Internet': ' Ja ', 'Energielabel': ' A ', 'Huisgenoten': '  2 ', 'Geslacht': ' Gemengd ', 'Huisdieren': ' Nee '}",kamer-1990172.html
Ruivenstraat,in Delft,14 m,,â‚¬ 425,p/m | incl. g/w/e,Gemeubileerd,01-10-2021 tot 01-03-2022,1 week geleden geplaatst,https://kamernet.nl/huren/kamer-delft/ruivenstraat/kamer-1990288,"{'Woonkamer': ' Geen ', 'Keuken': ' Eigen ', 'Badkamer': ' Eigen ', 'Toilet': ' Eigen ', 'Internet': ' Ja ', 'Energielabel': ' Onbekend ', 'Huisgenoten': '  5 ', 'Geslacht': ' Man ', 'Huisdieren': ' Nee '}",kamer-1990288.html
Leersumsestraatweg,in Doorn,45 m,Totaal 3 kamers (2 slaapkamers) ,â‚¬ 750,p/m | excl. g/w/e,Gemeubileerd,25-10-2021 tot 14-11-2021,1 week geleden geplaatst,https://kamernet.nl/huren/appartement-doorn/leersumsestraatweg/appartement-1990280,"{'Woonkamer': ' Eigen ', 'Keuken': ' Eigen ', 'Badkamer': ' Eigen ', 'Toilet': ' Eigen ', 'Internet': ' Ja ', 'Energielabel': ' Onbekend ', 'Huisdieren': ' Nee '}",appartement-1990280.html
Heeghtakker,in Eindhoven,13 m,Totale oppervlakte: 93 m 2,â‚¬ 435,p/m | incl. g/w/e,Gestoffeerd,01-10-2021,1 week geleden geplaatst,https://kamernet.nl/huren/kamer-eindhoven/heeghtakker/kamer-1990190,"{'Woonkamer': ' Gedeeld ', 'Keuken': ' Gedeeld ', 'Badkamer': ' Gedeeld ', 'Toilet': ' Gedeeld ', 'Internet': ' Ja ', 'Energielabel': ' C ', 'Huisgenoten': '  3 ', 'Geslacht': ' Man ', 'Huisdieren': ' Nee '}",kamer-1990190.html
Achter de Arnhemse Poortwal,in Amersfoort,90 m,Totaal 3 kamers,â‚¬ 1595,p/m | excl. g/w/e,Gestoffeerd,05-10-2021,1 week geleden geplaatst,https://kamernet.nl/huren/appartement-amersfoort/achter-de-arnhemse-poortwal/appartement-1990187,"{'Woonkamer': ' Onbekend ', 'Keuken': ' Onbekend ', 'Badkamer': ' Onbekend ', 'Toilet': ' Onbekend ', 'Internet': ' Onbekend ', 'Energielabel': ' Onbekend ', 'Huisdieren': ' Nee '}",appartement-1990187.html
Looydijk,in De Bilt,20 m,,â‚¬ 650,p/m | incl. g/w/e,Gestoffeerd,01-10-2021,1 week geleden geplaatst,https://kamernet.nl/huren/kamer-de-bilt/looydijk/kamer-1990196,"{'Woonkamer': ' Geen ', 'Keuken': ' Gedeeld ', 'Badkamer': ' Gedeeld ', 'Toilet': ' Gedeeld ', 'Internet': ' Ja ', 'Energielabel': ' Onbekend ', 'Huisgenoten': '  2 ', 'Geslacht': ' Onbekend ', 'Huisdieren': ' Nee '}",kamer-1990196.html
Korreweg,in Groningen,50 m,Totaal 2 kamers (1 slaapkamer) ,â‚¬ 1058,p/m | incl. g/w/e,Gestoffeerd,01-11-2021,1 week geleden geplaatst,https://kamernet.nl/huren/appartement-groningen/korreweg/appartement-1990238,"{'Woonkamer': ' Eigen ', 'Keuken': ' Eigen ', 'Badkamer': ' Eigen ', 'Toilet': ' Eigen ', 'Internet': ' Ja ', 'Energielabel': ' Onbekend ', 'Huisdieren': ' Nee '}",appartement-1990238.html
Korenmarkt,in Nijmegen,10 m,Totale oppervlakte: 40 m 2,â‚¬ 400,p/m | incl. g/w/e,Gemeubileerd,01-10-2021 tot 01-04-2022,1 week geleden geplaatst,https://kamernet.nl/huren/kamer-nijmegen/korenmarkt/kamer-1990174,"{'Woonkamer': ' Geen ', 'Keuken': ' Gedeeld ', 'Badkamer': ' Gedeeld ', 'Toilet': ' Gedeeld ', 'Internet': ' Ja ', 'Energielabel': ' Onbekend ', 'Huisgenoten': '  4  ', 'Geslacht': ' Gemengd ', 'Huisdieren': ' Nee '}",kamer-1990174.html
Kolkgriend,in Almere,118 m,Totaal 5 kamers (4 slaapkamers) ,â‚¬ 1700,p/m | excl. g/w/e,Gestoffeerd,01-10-2021,1 week geleden geplaatst,https://kamernet.nl/huren/appartement-almere/kolkgriend/appartement-1990213,"{'Woonkamer': ' Eigen ', 'Keuken': ' Eigen ', 'Badkamer': ' Eigen ', 'Toilet': ' Eigen ', 'Internet': ' Nee ', 'Energielabel': ' B ', 'Huisdieren': ' Nee '}",appartement-1990213.html
Provincialeweg,in Heiligerlee,55 m,Totaal 2 kamers (1 slaapkamer) ,â‚¬ 950,p/m | incl. g/w/e,Gestoffeerd,01-10-2021,1 week geleden geplaatst,https://kamernet.nl/huren/appartement-heiligerlee/provincialeweg/appartement-1990216,"{'Woonkamer': ' Eigen ', 'Keuken': ' Eigen ', 'Badkamer': ' Eigen ', 'Toilet': ' Eigen ', 'Internet': ' Ja ', 'Energielabel': ' Onbekend ', 'Huisdieren': ' Nee '}",appartement-1990216.html
Noorderweg,in Hilversum,18 m,,â‚¬ 500,p/m | incl. g/w/e,Gemeubileerd,24-09-2021,1 week geleden geplaatst,https://kamernet.nl/huren/kamer-hilversum/noorderweg/kamer-1990287,"{'Woonkamer': ' Geen ', 'Keuken': ' Gedeeld ', 'Badkamer': ' Gedeeld ', 'Toilet': ' Gedeeld ', 'Internet': ' Ja ', 'Energielabel': ' Onbekend ', 'Huisgenoten': '  1 ', 'Geslacht': ' Gemengd ', 'Huisdieren': ' Ja '}",kamer-1990287.html
Schouwburgplein,in Hengelo,12 m,,â‚¬ 375,p/m | incl. g/w/e,Gestoffeerd,01-11-2021,1 week geleden geplaatst,https://kamernet.nl/huren/kamer-hengelo/schouwburgplein/kamer-1990210,"{'Woonkamer': ' Gedeeld ', 'Keuken': ' Gedeeld ', 'Badkamer': ' Gedeeld ', 'Toilet': ' Gedeeld ', 'Internet': ' Ja ', 'Energielabel': ' Onbekend ', 'Huisgenoten': '  7 ', 'Geslacht': ' Gemengd ', 'Huisdieren': ' Nee '}",kamer-1990210.html
Buizenwerf,in Rotterdam,36 m,,â‚¬ 780,p/m | excl. g/w/e,Gestoffeerd,01-10-2021,1 week geleden geplaatst,https://kamernet.nl/huren/studio-rotterdam/buizenwerf/studio-1990224,"{'Woonkamer': ' Eigen ', 'Keuken': ' Eigen ', 'Badkamer': ' Eigen ', 'Toilet': ' Eigen ', 'Internet': ' Ja ', 'Energielabel': ' A ', 'Huisdieren': ' Nee '}",studio-1990224.html
Kamp 31,in Lelystad,10 m,Totale oppervlakte: 70 m 2,â‚¬ 350,p/m | incl. g/w/e,Gemeubileerd,21-09-2021,1 week geleden geplaatst,https://kamernet.nl/huren/kamer-lelystad/kamp-31/kamer-1989679,"{'Woonkamer': ' Geen ', 'Keuken': ' Gedeeld ', 'Badkamer': ' Gedeeld ', 'Toilet': ' Gedeeld ', 'Internet': ' Ja ', 'Energielabel': ' Onbekend ', 'Huisgenoten': '  4  ', 'Geslacht': ' Gemengd ', 'Huisdieren': ' Nee '}",kamer-1989679.html
Frederik van Eedenlaan,in Hilversum,60 m,Totaal 2 kamers,â‚¬ 1011,p/m | excl. g/w/e,Gestoffeerd,24-09-2021,1 week geleden geplaatst,https://kamernet.nl/huren/appartement-hilversum/frederik-van-eedenlaan/appartement-1990228,"{'Woonkamer': ' Onbekend ', 'Keuken': ' Onbekend ', 'Badkamer': ' Onbekend ', 'Toilet': ' Onbekend ', 'Internet': ' Onbekend ', 'Energielabel': ' Onbekend ', 'Huisdieren': ' Nee '}",appartement-1990228.html
Molenkade,in Vinkeveen,75 m,Totaal 3 kamers,â‚¬ 1650,p/m | excl. g/w/e,Gemeubileerd,01-10-2021,1 week geleden geplaatst,https://kamernet.nl/huren/appartement-vinkeveen/molenkade/appartement-1990229,"{'Woonkamer': ' Onbekend ', 'Keuken': ' Onbekend ', 'Badkamer': ' Onbekend ', 'Toilet': ' Onbekend ', 'Internet': ' Onbekend ', 'Energielabel': ' Onbekend ', 'Huisdieren': ' In overleg '}",appartement-1990229.html
Groest,in Hilversum,55 m,Totaal 2 kamers,â‚¬ 1500,p/m | excl. g/w/e,Gemeubileerd,24-09-2021,1 week geleden geplaatst,https://kamernet.nl/huren/appartement-hilversum/groest/appartement-1990227,"{'Woonkamer': ' Onbekend ', 'Keuken': ' Onbekend ', 'Badkamer': ' Onbekend ', 'Toilet': ' Onbekend ', 'Internet': ' Onbekend ', 'Energielabel': ' Onbekend ', 'Huisdieren': ' Nee '}",appartement-1990227.html
Wirdumerdijk,in Leeuwarden,225 m,Totale oppervlakte: 225 m 2,â‚¬ 3500,p/m | excl. g/w/e,Gestoffeerd,01-10-2021,1 week geleden geplaatst,https://kamernet.nl/huren/kamer-leeuwarden/wirdumerdijk/kamer-1990220,"{'Woonkamer': ' Geen ', 'Keuken': ' Gedeeld ', 'Badkamer': ' Gedeeld ', 'Toilet': ' Gedeeld ', 'Internet': ' Nee ', 'Energielabel': ' Onbekend ', 'Huisgenoten': '  Meer dan 8 ', 'Geslacht': ' Gemengd ', 'Huisdieren': ' Nee '}",kamer-1990220.html
Jan van Duivenvoordestraat,in Amsterdam,9 m,,â‚¬ 650,p/m | incl. g/w/e,Gemeubileerd,15-10-2021,1 week geleden geplaatst,https://kamernet.nl/huren/kamer-amsterdam/jan-van-duivenvoordestraat/kamer-1990332,"{'Woonkamer': ' Gedeeld ', 'Keuken': ' Gedeeld ', 'Badkamer': ' Gedeeld ', 'Toilet': ' Gedeeld ', 'Internet': ' Ja ', 'Energielabel': ' C ', 'Huisgenoten': '  1 ', 'Geslacht': ' Vrouw ', 'Huisdieren': ' Nee '}",kamer-1990332.html
Distelvlinderweg,in Diemen,12 m,,â‚¬ 420,p/m | incl. g/w/e,Gemeubileerd,01-10-2021 tot 01-04-2022,1 week geleden geplaatst,https://kamernet.nl/huren/kamer-diemen/distelvlinderweg/kamer-1914619,"{'Woonkamer': ' Gedeeld ', 'Keuken': ' Gedeeld ', 'Badkamer': ' Gedeeld ', 'Toilet': ' Gedeeld ', 'Internet': ' Ja ', 'Energielabel': ' Onbekend ', 'Huisgenoten': '  5 ', 'Geslacht': ' Vrouw ', 'Huisdieren': ' Nee '}",kamer-1914619.html
Verlengde Nieuwstraat,in Groningen,18 m,,â‚¬ 285,p/m | excl. g/w/e,Kaal,22-10-2021,1 week geleden geplaatst,https://kamernet.nl/huren/kamer-groningen/verlengde-nieuwstraat/kamer-1990017,"{'Woonkamer': ' Geen ', 'Keuken': ' Gedeeld ', 'Badkamer': ' Gedeeld ', 'Toilet': ' Gedeeld ', 'Internet': ' Ja ', 'Energielabel': ' Onbekend ', 'Huisgenoten': '  3 ', 'Geslacht': ' Gemengd ', 'Huisdieren': ' Nee '}",kamer-1990017.html
Rapenburg,in Leiden,20 m,Totale oppervlakte: 400 m 2,â‚¬ 600,p/m | incl. g/w/e,Gemeubileerd,01-11-2021 tot 17-12-2021,1 week geleden geplaatst,https://kamernet.nl/huren/kamer-leiden/rapenburg/kamer-1990355,"{'Woonkamer': ' Geen ', 'Keuken': ' Gedeeld ', 'Badkamer': ' Gedeeld ', 'Toilet': ' Gedeeld ', 'Internet': ' Ja ', 'Energielabel': ' Onbekend ', 'Huisgenoten': '  Onbekend  ', 'Geslacht': ' Onbekend ', 'Huisdieren': ' Nee '}",kamer-1990355.html
St.-Winfridusstraat,in Utrecht,8 m,Totale oppervlakte: 25 m 2,â‚¬ 368,p/m | incl. g/w/e,Gestoffeerd,01-10-2021,1 week geleden geplaatst,https://kamernet.nl/huren/kamer-utrecht/st.-winfridusstraat/kamer-1990368,"{'Woonkamer': ' Gedeeld ', 'Keuken': ' Gedeeld ', 'Badkamer': ' Gedeeld ', 'Toilet': ' Gedeeld ', 'Internet': ' Ja ', 'Energielabel': ' Onbekend ', 'Huisgenoten': '  3 ', 'Geslacht': ' Vrouw ', 'Huisdieren': ' In overleg '}",kamer-1990368.html
De Blieckstraat,in Utrecht,15 m,Totale oppervlakte: 30 m 2,â‚¬ 650,p/m | incl. g/w/e,Gestoffeerd,26-09-2021 tot 01-09-2023,1 week geleden geplaatst,https://kamernet.nl/huren/kamer-utrecht/de-blieckstraat/kamer-1990205,"{'Woonkamer': ' Geen ', 'Keuken': ' Gedeeld ', 'Badkamer': ' Gedeeld ', 'Toilet': ' Gedeeld ', 'Internet': ' Ja ', 'Energielabel': ' A ', 'Huisgenoten': '  1 ', 'Geslacht': ' Man ', 'Huisdieren': ' Nee '}",kamer-1990205.html
Vogelstraat,in Wagenberg,60 m,,â‚¬ 999,p/m | excl. g/w/e,Gemeubileerd,01-10-2021 tot 31-10-2021,1 week geleden geplaatst,https://kamernet.nl/huren/appartement-wagenberg/vogelstraat/appartement-1990333,"{'Woonkamer': ' Eigen ', 'Keuken': ' Eigen ', 'Badkamer': ' Eigen ', 'Toilet': ' Eigen ', 'Internet': ' Nee ', 'Energielabel': ' Onbekend ', 'Huisdieren': ' Nee '}",appartement-1990333.html
Schimmelpenninckstraat,in Amersfoort,18 m,,â‚¬ 575,p/m | incl. g/w/e,Gestoffeerd,01-10-2021,1 week geleden geplaatst,https://kamernet.nl/huren/kamer-amersfoort/schimmelpenninckstraat/kamer-1990318,"{'Woonkamer': ' Geen ', 'Keuken': ' Gedeeld ', 'Badkamer': ' Gedeeld ', 'Toilet': ' Gedeeld ', 'Internet': ' Ja ', 'Energielabel': ' Onbekend ', 'Huisgenoten': '  Onbekend  ', 'Geslacht': ' Onbekend ', 'Huisdieren': ' Nee '}",kamer-1990318.html
Teldershof,in Amsterdam,12 m,,â‚¬ 850,p/m | incl. g/w/e,Gemeubileerd,04-10-2021,1 week geleden geplaatst,https://kamernet.nl/huren/kamer-amsterdam/teldershof/kamer-1990357,"{'Woonkamer': ' Gedeeld ', 'Keuken': ' Gedeeld ', 'Badkamer': ' Gedeeld ', 'Toilet': ' Gedeeld ', 'Internet': ' Ja ', 'Energielabel': ' Onbekend ', 'Huisgenoten': '  1 ', 'Geslacht': ' Man ', 'Huisdieren': ' Nee '}",kamer-1990357.html
Tudderenderweg,in Sittard,26 m,,â‚¬ 400,p/m | incl. g/w/e,Gestoffeerd,01-10-2021,1 week geleden geplaatst,https://kamernet.nl/huren/kamer-sittard/tudderenderweg/kamer-1990209,"{'Woonkamer': ' Geen ', 'Keuken': ' Gedeeld ', 'Badkamer': ' Gedeeld ', 'Toilet': ' Gedeeld ', 'Internet': ' Ja ', 'Energielabel': ' Onbekend ', 'Huisgenoten': '  7 ', 'Geslacht': ' Gemengd ', 'Huisdieren': ' Nee '}",kamer-1990209.html
Nicolaistraat,in Den Haag,12 m,,â‚¬ 580,p/m | incl. g/w/e,Gemeubileerd,15-10-2021,1 week geleden geplaatst,https://kamernet.nl/huren/kamer-den-haag/nicolaistraat/kamer-1990361,"{'Woonkamer': ' Geen ', 'Keuken': ' Gedeeld ', 'Badkamer': ' Gedeeld ', 'Toilet': ' Gedeeld ', 'Internet': ' Ja ', 'Energielabel': ' C ', 'Huisgenoten': '  3 ', 'Geslacht': ' Man ', 'Huisdieren': ' Nee '}",kamer-1990361.html
Cleopatralaan,in Amstelveen,32 m,Totaal 2 kamers (1 slaapkamer) ,â‚¬ 950,p/m | excl. g/w/e,Gemeubileerd,01-10-2021 tot 30-09-2023,1 week geleden geplaatst,https://kamernet.nl/huren/appartement-amstelveen/cleopatralaan/appartement-1990163,"{'Woonkamer': ' Eigen ', 'Keuken': ' Eigen ', 'Badkamer': ' Eigen ', 'Toilet': ' Eigen ', 'Internet': ' Onbekend ', 'Energielabel': ' Onbekend ', 'Huisdieren': ' Nee '}",appartement-1990163.html
Groningerstraat,in Leeuwarden,90 m,Totaal 5 kamers (3 slaapkamers) ,â‚¬ 1100,p/m | incl. g/w/e,Gemeubileerd,15-10-2021,1 week geleden geplaatst,https://kamernet.nl/huren/appartement-leeuwarden/groningerstraat/appartement-1990345,"{'Woonkamer': ' Gedeeld ', 'Keuken': ' Gedeeld ', 'Badkamer': ' Gedeeld ', 'Toilet': ' Gedeeld ', 'Internet': ' Nee ', 'Energielabel': ' D ', 'Huisdieren': ' In overleg '}",appartement-1990345.html
Borneolaan,in Amsterdam,14 m,Totale oppervlakte: 130 m 2,â‚¬ 800,p/m | incl. g/w/e,Gestoffeerd,24-09-2021,1 week geleden geplaatst,https://kamernet.nl/huren/kamer-amsterdam/borneolaan/kamer-1990195,"{'Woonkamer': ' Gedeeld ', 'Keuken': ' Gedeeld ', 'Badkamer': ' Gedeeld ', 'Toilet': ' Gedeeld ', 'Internet': ' Ja ', 'Energielabel': ' Onbekend ', 'Huisgenoten': '  2 ', 'Geslacht': ' Gemengd ', 'Huisdieren': ' Nee '}",kamer-1990195.html
Van Spaenstraat,in Amstelveen,13 m,,â‚¬ 600,p/m | incl. g/w/e,Gemeubileerd,01-10-2021 tot 01-01-2022,1 week geleden geplaatst,https://kamernet.nl/huren/kamer-amstelveen/van-spaenstraat/kamer-1990374,"{'Woonkamer': ' Geen ', 'Keuken': ' Eigen ', 'Badkamer': ' Eigen ', 'Toilet': ' Eigen ', 'Internet': ' Ja ', 'Energielabel': ' Onbekend ', 'Huisgenoten': '  Onbekend  ', 'Geslacht': ' Gemengd ', 'Huisdieren': ' Nee '}",kamer-1990374.html
Coehoornstraat,in Hilversum,11 m,,â‚¬ 375,p/m | incl. g/w/e,Gestoffeerd,01-11-2021,1 week geleden geplaatst,https://kamernet.nl/huren/kamer-hilversum/coehoornstraat/kamer-1990372,"{'Woonkamer': ' Geen ', 'Keuken': ' Gedeeld ', 'Badkamer': ' Gedeeld ', 'Toilet': ' Gedeeld ', 'Internet': ' Ja ', 'Energielabel': ' Onbekend ', 'Huisgenoten': '  4  ', 'Geslacht': ' Gemengd ', 'Huisdieren': ' Nee '}",kamer-1990372.html
Joan Muyskenweg,in Amsterdam,18 m,Totale oppervlakte: 70 m 2,â‚¬ 875,p/m | incl. g/w/e,Gestoffeerd,01-11-2021,1 week geleden geplaatst,https://kamernet.nl/huren/kamer-amsterdam/joan-muyskenweg/kamer-1990395,"{'Woonkamer': ' Gedeeld ', 'Keuken': ' Gedeeld ', 'Badkamer': ' Gedeeld ', 'Toilet': ' Gedeeld ', 'Internet': ' Ja ', 'Energielabel': ' Onbekend ', 'Huisgenoten': '  1 ', 'Geslacht': ' Man ', 'Huisdieren': ' In overleg '}",kamer-1990395.html
Hechtelstraat,in Amsterdam,12 m,,â‚¬ 500,p/m | incl. g/w/e,Gemeubileerd,25-09-2021,1 week geleden geplaatst,https://kamernet.nl/huren/kamer-amsterdam/hechtelstraat/kamer-1990418,"{'Woonkamer': ' Geen ', 'Keuken': ' Geen ', 'Badkamer': ' Gedeeld ', 'Toilet': ' Gedeeld ', 'Internet': ' Ja ', 'Energielabel': ' Onbekend ', 'Huisgenoten': '  1 ', 'Geslacht': ' Man ', 'Huisdieren': ' In overleg '}",kamer-1990418.html
Herensteeg,in Leiden,48 m,Totaal 2 kamers (1 slaapkamer) ,â‚¬ 875,p/m | incl. g/w/e,Gestoffeerd,15-11-2021,1 week geleden geplaatst,https://kamernet.nl/huren/appartement-leiden/herensteeg/appartement-1990406,"{'Woonkamer': ' Eigen ', 'Keuken': ' Eigen ', 'Badkamer': ' Eigen ', 'Toilet': ' Eigen ', 'Internet': ' Ja ', 'Energielabel': ' Onbekend ', 'Huisdieren': ' Nee '}",appartement-1990406.html
Heemstedelaan,in Utrecht,75 m,Totaal 2 kamers (1 slaapkamer) ,â‚¬ 1300,p/m | incl. g/w/e,Gestoffeerd,10-10-2021,1 week geleden geplaatst,https://kamernet.nl/huren/appartement-utrecht/heemstedelaan/appartement-1990412,"{'Woonkamer': ' Eigen ', 'Keuken': ' Eigen ', 'Badkamer': ' Eigen ', 'Toilet': ' Eigen ', 'Internet': ' Ja ', 'Energielabel': ' A ', 'Huisdieren': ' Nee '}",appartement-1990412.html
Italielaan,in Heerlen,127 m,,â‚¬ 850,p/m | excl. g/w/e,Gestoffeerd,15-10-2021,1 week geleden geplaatst,https://kamernet.nl/huren/appartement-heerlen/italielaan/appartement-1990185,"{'Woonkamer': ' Onbekend ', 'Keuken': ' Onbekend ', 'Badkamer': ' Onbekend ', 'Toilet': ' Onbekend ', 'Internet': ' Onbekend ', 'Energielabel': ' Onbekend ', 'Huisdieren': ' Nee '}",appartement-1990185.html
Dr. M.E. Houckstraat,in Deventer,12 m,Totale oppervlakte: 80 m 2,â‚¬ 500,p/m | incl. g/w/e,Gestoffeerd,01-12-2021 tot 01-12-2022,1 week geleden geplaatst,https://kamernet.nl/huren/kamer-deventer/dr.-m.e.-houckstraat/kamer-1989781,"{'Woonkamer': ' Gedeeld ', 'Keuken': ' Gedeeld ', 'Badkamer': ' Gedeeld ', 'Toilet': ' Gedeeld ', 'Internet': ' Ja ', 'Energielabel': ' Onbekend ', 'Huisgenoten': '  1 ', 'Geslacht': ' Vrouw ', 'Huisdieren': ' Ja '}",kamer-1989781.html
Oeverpad,in Amsterdam,12 m,,â‚¬ 850,p/m | incl. g/w/e,Gestoffeerd,02-10-2021,1 week geleden geplaatst,https://kamernet.nl/huren/appartement-amsterdam/oeverpad/appartement-1990344,"{'Woonkamer': ' Gedeeld ', 'Keuken': ' Gedeeld ', 'Badkamer': ' Gedeeld ', 'Toilet': ' Gedeeld ', 'Internet': ' Ja ', 'Energielabel': ' Onbekend ', 'Huisdieren': ' Nee '}",appartement-1990344.html
Voorstraat,in Rotterdam,16 m,Totale oppervlakte: 120 m 2,â‚¬ 524,p/m | excl. g/w/e,Gemeubileerd,15-10-2021 tot 30-04-2022,1 week geleden geplaatst,https://kamernet.nl/huren/kamer-rotterdam/voorstraat/kamer-1990389,"{'Woonkamer': ' Gedeeld ', 'Keuken': ' Gedeeld ', 'Badkamer': ' Gedeeld ', 'Toilet': ' Gedeeld ', 'Internet': ' Ja ', 'Energielabel': ' Onbekend ', 'Huisgenoten': '  4  ', 'Geslacht': ' Gemengd ', 'Huisdieren': ' Nee '}",kamer-1990389.html
Krabbenkreek,in Amersfoort,120 m,Totaal 5 kamers,â‚¬ 1300,p/m | excl. g/w/e,Gestoffeerd,31-10-2021 tot 29-04-2022,1 week geleden geplaatst,https://kamernet.nl/huren/appartement-amersfoort/krabbenkreek/appartement-1990384,"{'Woonkamer': ' Onbekend ', 'Keuken': ' Onbekend ', 'Badkamer': ' Onbekend ', 'Toilet': ' Onbekend ', 'Internet': ' Onbekend ', 'Energielabel': ' Onbekend ', 'Huisdieren': ' In overleg '}",appartement-1990384.html
Krabbenkreek,in Amersfoort,110 m,Totaal 5 kamers,â‚¬ 1295,p/m | excl. g/w/e,Gestoffeerd,31-10-2021 tot 29-04-2022,1 week geleden geplaatst,https://kamernet.nl/huren/appartement-amersfoort/krabbenkreek/appartement-1990378,"{'Woonkamer': ' Onbekend ', 'Keuken': ' Onbekend ', 'Badkamer': ' Onbekend ', 'Toilet': ' Onbekend ', 'Internet': ' Onbekend ', 'Energielabel': ' Onbekend ', 'Huisdieren': ' In overleg '}",appartement-1990378.html
Hillekensacker,in Nijmegen,20 m,,â‚¬ 470,p/m | excl. g/w/e,Gemeubileerd,01-10-2021,1 week geleden geplaatst,https://kamernet.nl/huren/kamer-nijmegen/hillekensacker/kamer-1990435,"{'Woonkamer': ' Gedeeld ', 'Keuken': ' Gedeeld ', 'Badkamer': ' Gedeeld ', 'Toilet': ' Gedeeld ', 'Internet': ' Ja ', 'Energielabel': ' Onbekend ', 'Huisgenoten': '  1 ', 'Geslacht': ' Onbekend ', 'Huisdieren': ' Ja '}",kamer-1990435.html
Cordell Hullplaats,in Rotterdam,50 m,Totaal 1 kamer (1 slaapkamer) ,â‚¬ 925,p/m | excl. g/w/e,Gemeubileerd,01-11-2021,1 week geleden geplaatst,https://kamernet.nl/huren/studio-rotterdam/cordell-hullplaats/studio-1990444,"{'Woonkamer': ' Eigen ', 'Keuken': ' Eigen ', 'Badkamer': ' Eigen ', 'Toilet': ' Eigen ', 'Internet': ' Onbekend ', 'Energielabel': ' Onbekend ', 'Huisdieren': ' Nee '}",studio-1990444.html
Jacoba van Beierenlaan,in Delft,12 m,,â‚¬ 330,p/m | incl. g/w/e,Kaal,01-10-2021 tot 01-02-2022,1 week geleden geplaatst,https://kamernet.nl/huren/kamer-delft/jacoba-van-beierenlaan/kamer-1990387,"{'Woonkamer': ' Gedeeld ', 'Keuken': ' Gedeeld ', 'Badkamer': ' Gedeeld ', 'Toilet': ' Gedeeld ', 'Internet': ' Ja ', 'Energielabel': ' Onbekend ', 'Huisgenoten': '  Meer dan 8 ', 'Geslacht': ' Gemengd ', 'Huisdieren': ' Nee '}",kamer-1990387.html
Muntstraat,in Sneek,10 m,Totale oppervlakte: 80 m 2,â‚¬ 375,p/m | incl. g/w/e,Kaal,25-09-2021,1 week geleden geplaatst,https://kamernet.nl/huren/kamer-sneek/muntstraat/kamer-1990455,"{'Woonkamer': ' Geen ', 'Keuken': ' Gedeeld ', 'Badkamer': ' Gedeeld ', 'Toilet': ' Gedeeld ', 'Internet': ' Ja ', 'Energielabel': ' Onbekend ', 'Huisgenoten': '  4  ', 'Geslacht': ' Man ', 'Huisdieren': ' Nee '}",kamer-1990455.html
Ladogameerhof,in Amsterdam,67 m,Totaal 3 kamers,â‚¬ 1500,p/m | excl. g/w/e,Gestoffeerd,28-09-2021,1 week geleden geplaatst,https://kamernet.nl/huren/appartement-amsterdam/ladogameerhof/appartement-1990383,"{'Woonkamer': ' Onbekend ', 'Keuken': ' Onbekend ', 'Badkamer': ' Onbekend ', 'Toilet': ' Onbekend ', 'Internet': ' Onbekend ', 'Energielabel': ' Onbekend ', 'Huisdieren': ' In overleg '}",appartement-1990383.html
Graslaan,in Arnhem,70 m,,â‚¬ 850,p/m | excl. g/w/e,Gestoffeerd,30-10-2021,6 dagen geleden geplaatst,https://kamernet.nl/huren/appartement-arnhem/graslaan/appartement-1990517,"{'Woonkamer': ' Eigen ', 'Keuken': ' Eigen ', 'Badkamer': ' Eigen ', 'Toilet': ' Eigen ', 'Internet': ' Ja ', 'Energielabel': ' Onbekend ', 'Huisdieren': ' Nee '}",appartement-1990517.html
Essenburgsingel,in Rotterdam,18 m,Totale oppervlakte: 10 m 2,â‚¬ 525,p/m | incl. g/w/e,Gestoffeerd,01-11-2021 tot 30-10-2023,1 week geleden geplaatst,https://kamernet.nl/huren/kamer-rotterdam/essenburgsingel/kamer-1990456,"{'Woonkamer': ' Gedeeld ', 'Keuken': ' Gedeeld ', 'Badkamer': ' Gedeeld ', 'Toilet': ' Gedeeld ', 'Internet': ' Ja ', 'Energielabel': ' Onbekend ', 'Huisgenoten': '  1 ', 'Geslacht': ' Vrouw ', 'Huisdieren': ' Nee '}",kamer-1990456.html
Chestertonlaan,in Amsterdam,80 m,Totaal 3 kamers,â‚¬ 1500,p/m | excl. g/w/e,Gemeubileerd,28-09-2021,1 week geleden geplaatst,https://kamernet.nl/huren/appartement-amsterdam/chestertonlaan/appartement-1990381,"{'Woonkamer': ' Onbekend ', 'Keuken': ' Onbekend ', 'Badkamer': ' Onbekend ', 'Toilet': ' Onbekend ', 'Internet': ' Onbekend ', 'Energielabel': ' Onbekend ', 'Huisdieren': ' In overleg '}",appartement-1990381.html
Dalsteindreef,in Diemen,35 m,Totaal 1 kamer (1 slaapkamer) ,â‚¬ 1140,p/m | incl. g/w/e,Gemeubileerd,01-11-2021 tot 01-11-2023,6 dagen geleden geplaatst,https://kamernet.nl/huren/studio-diemen/dalsteindreef/studio-1990519,"{'Woonkamer': ' Eigen ', 'Keuken': ' Eigen ', 'Badkamer': ' Eigen ', 'Toilet': ' Eigen ', 'Internet': ' Ja ', 'Energielabel': ' Onbekend ', 'Huisdieren': ' Nee '}",studio-1990519.html
Magneetveld,in Almere,55 m,,â‚¬ 850,p/m | incl. g/w/e,Gemeubileerd,24-09-2021,1 week geleden geplaatst,https://kamernet.nl/huren/studio-almere/magneetveld/studio-1990317,"{'Woonkamer': ' Eigen ', 'Keuken': ' Eigen ', 'Badkamer': ' Eigen ', 'Toilet': ' Eigen ', 'Internet': ' Ja ', 'Energielabel': ' Onbekend ', 'Huisdieren': ' Nee '}",studio-1990317.html
Glacisstraat,in Vlissingen,14 m,,â‚¬ 310,p/m | incl. g/w/e,Gestoffeerd,01-11-2021,1 week geleden geplaatst,https://kamernet.nl/huren/kamer-vlissingen/glacisstraat/kamer-1990396,"{'Woonkamer': ' Geen ', 'Keuken': ' Gedeeld ', 'Badkamer': ' Gedeeld ', 'Toilet': ' Gedeeld ', 'Internet': ' Ja ', 'Energielabel': ' Onbekend ', 'Huisgenoten': '  5 ', 'Geslacht': ' Gemengd ', 'Huisdieren': ' Nee '}",kamer-1990396.html
Bloemkwekersstraat,in Rotterdam,9 m,,â‚¬ 420,p/m | incl. g/w/e,Gestoffeerd,01-10-2021,5 dagen geleden geplaatst,https://kamernet.nl/huren/appartement-rotterdam/bloemkwekersstraat/appartement-1990547,"{'Woonkamer': ' Geen ', 'Keuken': ' Gedeeld ', 'Badkamer': ' Gedeeld ', 'Toilet': ' Gedeeld ', 'Internet': ' Ja ', 'Energielabel': ' Onbekend ', 'Huisdieren': ' Nee '}",appartement-1990547.html
Rapenburgerstraat,in Amsterdam,11 m,Totale oppervlakte: 44 m 2,â‚¬ 850,p/m | incl. g/w/e,Gemeubileerd,01-10-2021 tot 31-12-2021,5 dagen geleden geplaatst,https://kamernet.nl/huren/kamer-amsterdam/rapenburgerstraat/kamer-1990541,"{'Woonkamer': ' Gedeeld ', 'Keuken': ' Gedeeld ', 'Badkamer': ' Gedeeld ', 'Toilet': ' Gedeeld ', 'Internet': ' Ja ', 'Energielabel': ' Onbekend ', 'Huisgenoten': '  3 ', 'Geslacht': ' Gemengd ', 'Huisdieren': ' Nee '}",kamer-1990541.html
E. du Perronlaan,in Delft,18 m,,â‚¬ 330,p/m | incl. g/w/e,Gestoffeerd,11-10-2021,5 dagen geleden geplaatst,https://kamernet.nl/huren/kamer-delft/e.-du-perronlaan/kamer-1990560,"{'Woonkamer': ' Gedeeld ', 'Keuken': ' Gedeeld ', 'Badkamer': ' Gedeeld ', 'Toilet': ' Gedeeld ', 'Internet': ' Ja ', 'Energielabel': ' Onbekend ', 'Huisgenoten': '  8  ', 'Geslacht': ' Gemengd ', 'Huisdieren': ' Nee '}",kamer-1990560.html
Rapenburgerstraat,in Amsterdam,12 m,Totale oppervlakte: 44 m 2,â‚¬ 900,p/m | incl. g/w/e,Gemeubileerd,10-10-2021 tot 05-12-2021,5 dagen geleden geplaatst,https://kamernet.nl/huren/kamer-amsterdam/rapenburgerstraat/kamer-1990552,"{'Woonkamer': ' Gedeeld ', 'Keuken': ' Gedeeld ', 'Badkamer': ' Gedeeld ', 'Toilet': ' Gedeeld ', 'Internet': ' Ja ', 'Energielabel': ' Onbekend ', 'Huisgenoten': '  Onbekend  ', 'Geslacht': ' Onbekend ', 'Huisdieren': ' Nee '}",kamer-1990552.html
Rapenburgerstraat,in Amsterdam,10 m,Totale oppervlakte: 44 m 2,â‚¬ 825,p/m | incl. g/w/e,Gemeubileerd,01-10-2021 tot 31-12-2021,5 dagen geleden geplaatst,https://kamernet.nl/huren/kamer-amsterdam/rapenburgerstraat/kamer-1990549,"{'Woonkamer': ' Gedeeld ', 'Keuken': ' Gedeeld ', 'Badkamer': ' Gedeeld ', 'Toilet': ' Gedeeld ', 'Internet': ' Ja ', 'Energielabel': ' Onbekend ', 'Huisgenoten': '  3 ', 'Geslacht': ' Gemengd ', 'Huisdieren': ' Nee '}",kamer-1990549.html
Lange Niezel,in Amsterdam,8 m,Totale oppervlakte: 50 m 2,â‚¬ 765,p/m | incl. g/w/e,Gemeubileerd,07-10-2021,5 dagen geleden geplaatst,https://kamernet.nl/huren/kamer-amsterdam/lange-niezel/kamer-1990571,"{'Woonkamer': ' Gedeeld ', 'Keuken': ' Gedeeld ', 'Badkamer': ' Gedeeld ', 'Toilet': ' Gedeeld ', 'Internet': ' Ja ', 'Energielabel': ' Onbekend ', 'Huisgenoten': '  1 ', 'Geslacht': ' Vrouw ', 'Huisdieren': ' Nee '}",kamer-1990571.html
Legmeerdijk,in Amstelveen,92 m,,â‚¬ 1650,p/m | excl. g/w/e,Gemeubileerd,26-09-2021,5 dagen geleden geplaatst,https://kamernet.nl/huren/appartement-amstelveen/legmeerdijk/appartement-1990581,"{'Woonkamer': ' Eigen ', 'Keuken': ' Eigen ', 'Badkamer': ' Eigen ', 'Toilet': ' Eigen ', 'Internet': ' Ja ', 'Energielabel': ' A ', 'Huisdieren': ' Nee '}",appartement-1990581.html
Koopvaardersplantsoen,in Amsterdam,20 m,Totale oppervlakte: 110 m 2,â‚¬ 910,p/m | incl. g/w/e,Gestoffeerd,15-10-2021,5 dagen geleden geplaatst,https://kamernet.nl/huren/kamer-amsterdam/koopvaardersplantsoen/kamer-1990584,"{'Woonkamer': ' Gedeeld ', 'Keuken': ' Gedeeld ', 'Badkamer': ' Gedeeld ', 'Toilet': ' Gedeeld ', 'Internet': ' Ja ', 'Energielabel': ' A ', 'Huisgenoten': '  2 ', 'Geslacht': ' Vrouw ', 'Huisdieren': ' Nee '}",kamer-1990584.html
Lamarckhof,in Amsterdam,15 m,,â‚¬ 575,p/m | incl. g/w/e,Gemeubileerd,03-10-2021,1 week geleden geplaatst,https://kamernet.nl/huren/kamer-amsterdam/lamarckhof/kamer-1990446,"{'Woonkamer': ' Geen ', 'Keuken': ' Gedeeld ', 'Badkamer': ' Gedeeld ', 'Toilet': ' Gedeeld ', 'Internet': ' Ja ', 'Energielabel': ' Onbekend ', 'Huisgenoten': '  2 ', 'Geslacht': ' Man ', 'Huisdieren': ' Nee '}",kamer-1990446.html
Rooseveltlaan,in Utrecht,10 m,Totale oppervlakte: 65 m 2,â‚¬ 475,p/m | incl. g/w/e,Gemeubileerd,01-10-2021,5 dagen geleden geplaatst,https://kamernet.nl/huren/kamer-utrecht/rooseveltlaan/kamer-1990592,"{'Woonkamer': ' Gedeeld ', 'Keuken': ' Gedeeld ', 'Badkamer': ' Gedeeld ', 'Toilet': ' Gedeeld ', 'Internet': ' Ja ', 'Energielabel': ' Onbekend ', 'Huisgenoten': '  1 ', 'Geslacht': ' Man ', 'Huisdieren': ' Nee '}",kamer-1990592.html
Ter Haarkade,in Leiden,12 m,,â‚¬ 315,p/m | excl. g/w/e,Gestoffeerd,01-06-2022,5 dagen geleden geplaatst,https://kamernet.nl/huren/kamer-leiden/ter-haarkade/kamer-1990580,"{'Woonkamer': ' Gedeeld ', 'Keuken': ' Gedeeld ', 'Badkamer': ' Gedeeld ', 'Toilet': ' Gedeeld ', 'Internet': ' Ja ', 'Energielabel': ' B ', 'Huisgenoten': '  1 ', 'Geslacht': ' Onbekend ', 'Huisdieren': ' Nee '}",kamer-1990580.html
Holendrechtstraat,in Amsterdam,40 m,Totaal 2 kamers (1 slaapkamer) ,â‚¬ 1280,p/m | excl. g/w/e,Gemeubileerd,01-10-2021,5 dagen geleden geplaatst,https://kamernet.nl/huren/appartement-amsterdam/holendrechtstraat/appartement-1990568,"{'Woonkamer': ' Eigen ', 'Keuken': ' Eigen ', 'Badkamer': ' Eigen ', 'Toilet': ' Eigen ', 'Internet': ' Ja ', 'Energielabel': ' A ', 'Huisdieren': ' Nee '}",appartement-1990568.html
Bussele,in Eindhoven,36 m,Totaal 2 kamers (1 slaapkamer) ,â‚¬ 810,p/m | incl. g/w/e,Gemeubileerd,01-10-2021,5 dagen geleden geplaatst,https://kamernet.nl/huren/studio-eindhoven/bussele/studio-1990591,"{'Woonkamer': ' Eigen ', 'Keuken': ' Eigen ', 'Badkamer': ' Eigen ', 'Toilet': ' Eigen ', 'Internet': ' Ja ', 'Energielabel': ' Onbekend ', 'Huisdieren': ' Nee '}",studio-1990591.html
Piet Heinstraat,in Noordwijk,26 m,Totaal 2 kamers (1 slaapkamer) ,â‚¬ 680,p/m | incl. g/w/e,Gemeubileerd,01-11-2021 tot 21-03-2022,5 dagen geleden geplaatst,https://kamernet.nl/huren/studio-noordwijk/piet-heinstraat/studio-1990546,"{'Woonkamer': ' Eigen ', 'Keuken': ' Eigen ', 'Badkamer': ' Eigen ', 'Toilet': ' Eigen ', 'Internet': ' Ja ', 'Energielabel': ' Onbekend ', 'Huisdieren': ' Nee '}",studio-1990546.html
Magneetveld,in Almere,25 m,Totaal 1 kamer (1 slaapkamer) ,â‚¬ 550,p/m | incl. g/w/e,Gemeubileerd,24-09-2021,1 week geleden geplaatst,https://kamernet.nl/huren/studio-almere/magneetveld/studio-1990314,"{'Woonkamer': ' Eigen ', 'Keuken': ' Eigen ', 'Badkamer': ' Gedeeld ', 'Toilet': ' Gedeeld ', 'Internet': ' Ja ', 'Energielabel': ' Onbekend ', 'Huisdieren': ' Nee '}",studio-1990314.html
Leliestraat,in St. Willebrord,32 m,,â‚¬ 575,p/m | excl. g/w/e,Gestoffeerd,01-08-2021,5 dagen geleden geplaatst,https://kamernet.nl/huren/studio-st.-willebrord/leliestraat/studio-1990538,"{'Woonkamer': ' Eigen ', 'Keuken': ' Eigen ', 'Badkamer': ' Eigen ', 'Toilet': ' Eigen ', 'Internet': ' Ja ', 'Energielabel': ' Onbekend ', 'Huisdieren': ' Nee '}",studio-1990538.html
De Colignystraat,in Delft,9 m,Totale oppervlakte: 50 m 2,â‚¬ 550,p/m | incl. g/w/e,Gemeubileerd,18-09-2021,2 weken geleden geplaatst,https://kamernet.nl/huren/kamer-delft/de-colignystraat/kamer-1989211,"{'Woonkamer': ' Eigen ', 'Keuken': ' Gedeeld ', 'Badkamer': ' Gedeeld ', 'Toilet': ' Gedeeld ', 'Internet': ' Ja ', 'Energielabel': ' Onbekend ', 'Huisgenoten': '  2 ', 'Geslacht': ' Gemengd ', 'Huisdieren': ' Nee '}",kamer-1989211.html
Matrozenhof,in Amsterdam,60 m,,â‚¬ 1500,p/m | excl. g/w/e,Gemeubileerd,01-10-2021,1 week geleden geplaatst,https://kamernet.nl/huren/appartement-amsterdam/matrozenhof/appartement-1990366,"{'Woonkamer': ' Onbekend ', 'Keuken': ' Onbekend ', 'Badkamer': ' Onbekend ', 'Toilet': ' Onbekend ', 'Internet': ' Ja ', 'Energielabel': ' Onbekend ', 'Huisdieren': ' In overleg '}",appartement-1990366.html
Kastelenstraat,in Amsterdam,14 m,,â‚¬ 900,p/m | incl. g/w/e,Gemeubileerd,29-10-2021,1 week geleden geplaatst,https://kamernet.nl/huren/kamer-amsterdam/kastelenstraat/kamer-1989453,"{'Woonkamer': ' Geen ', 'Keuken': ' Gedeeld ', 'Badkamer': ' Gedeeld ', 'Toilet': ' Gedeeld ', 'Internet': ' Ja ', 'Energielabel': ' Onbekend ', 'Huisgenoten': '  1 ', 'Geslacht': ' Man ', 'Huisdieren': ' Nee '}",kamer-1989453.html
Rozenstraat,in Beneden-Leeuwen,35 m,,â‚¬ 264,p/m | incl. g/w/e,Kaal,16-09-2021,2 weken geleden geplaatst,https://kamernet.nl/huren/kamer-beneden-leeuwen/rozenstraat/kamer-1988528,"{'Woonkamer': ' Onbekend ', 'Keuken': ' Onbekend ', 'Badkamer': ' Onbekend ', 'Toilet': ' Onbekend ', 'Internet': ' Onbekend ', 'Energielabel': ' Onbekend ', 'Huisgenoten': '  Onbekend  ', 'Geslacht': ' Onbekend ', 'Huisdieren': ' In overleg '}",kamer-1988528.html
Marktsteeg,in Leiden,45 m,Totaal 3 kamers (2 slaapkamers) ,â‚¬ 1090,p/m | excl. g/w/e,Gestoffeerd,01-11-2021,1 week geleden geplaatst,https://kamernet.nl/huren/appartement-leiden/marktsteeg/appartement-1989591,"{'Woonkamer': ' Eigen ', 'Keuken': ' Eigen ', 'Badkamer': ' Eigen ', 'Toilet': ' Eigen ', 'Internet': ' Nee ', 'Energielabel': ' Onbekend ', 'Huisdieren': ' Ja '}",appartement-1989591.html
Voorstraat,in Delft,11 m,,â‚¬ 210,p/m | incl. g/w/e,Gestoffeerd,04-10-2021,1 week geleden geplaatst,https://kamernet.nl/huren/kamer-delft/voorstraat/kamer-1989390,"{'Woonkamer': ' Gedeeld ', 'Keuken': ' Gedeeld ', 'Badkamer': ' Gedeeld ', 'Toilet': ' Gedeeld ', 'Internet': ' Ja ', 'Energielabel': ' Onbekend ', 'Huisgenoten': '  5 ', 'Geslacht': ' Gemengd ', 'Huisdieren': ' Nee '}",kamer-1989390.html
Zuiderspoorstraat,in Enschede,75 m,,â‚¬ 350,p/m | excl. g/w/e,Gestoffeerd,30-10-2021,2 weken geleden geplaatst,https://kamernet.nl/huren/appartement-enschede/zuiderspoorstraat/appartement-1989227,"{'Woonkamer': ' Gedeeld ', 'Keuken': ' Gedeeld ', 'Badkamer': ' Gedeeld ', 'Toilet': ' Gedeeld ', 'Internet': ' Ja ', 'Energielabel': ' Onbekend ', 'Huisdieren': ' Nee '}",appartement-1989227.html
Pietersbergweg,in Amsterdam,61 m,Totaal 2 kamers (1 slaapkamer) ,â‚¬ 1125,p/m | excl. g/w/e,Gestoffeerd,01-10-2021,2 weken geleden geplaatst,https://kamernet.nl/huren/appartement-amsterdam/pietersbergweg/appartement-1988226,"{'Woonkamer': ' Eigen ', 'Keuken': ' Eigen ', 'Badkamer': ' Eigen ', 'Toilet': ' Eigen ', 'Internet': ' Onbekend ', 'Energielabel': ' Onbekend ', 'Huisdieren': ' Nee '}",appartement-1988226.html
Langebrug,in Leiden,18 m,,â‚¬ 372,p/m | excl. g/w/e,Kaal,14-10-2021,2 weken geleden geplaatst,https://kamernet.nl/huren/kamer-leiden/langebrug/kamer-1988383,"{'Woonkamer': ' Gedeeld ', 'Keuken': ' Gedeeld ', 'Badkamer': ' Gedeeld ', 'Toilet': ' Gedeeld ', 'Internet': ' Ja ', 'Energielabel': ' Onbekend ', 'Huisgenoten': '  3 ', 'Geslacht': ' Man ', 'Huisdieren': ' Nee '}",kamer-1988383.html
Rooseveltlaan,in Amsterdam,27 m,Totaal 1 kamer (1 slaapkamer) ,â‚¬ 1195,p/m | incl. g/w/e,Gemeubileerd,11-10-2021,1 week geleden geplaatst,https://kamernet.nl/huren/studio-amsterdam/rooseveltlaan/studio-1989521,"{'Woonkamer': ' Eigen ', 'Keuken': ' Eigen ', 'Badkamer': ' Eigen ', 'Toilet': ' Gedeeld ', 'Internet': ' Ja ', 'Energielabel': ' Onbekend ', 'Huisdieren': ' Nee '}",studio-1989521.html
Vicarie,in Heteren,9 m,Totale oppervlakte: 85 m 2,â‚¬ 400,p/m | excl. g/w/e,Gemeubileerd,28-09-2021,2 weken geleden geplaatst,https://kamernet.nl/huren/kamer-heteren/vicarie/kamer-1989061,"{'Woonkamer': ' Gedeeld ', 'Keuken': ' Gedeeld ', 'Badkamer': ' Gedeeld ', 'Toilet': ' Gedeeld ', 'Internet': ' Ja ', 'Energielabel': ' B ', 'Huisgenoten': '  3 ', 'Geslacht': ' Gemengd ', 'Huisdieren': ' In overleg '}",kamer-1989061.html
Gerard Doustraat,in Amsterdam,97 m,Totaal 4 kamers (2 slaapkamers) ,â‚¬ 2950,p/m | incl. g/w/e,Gemeubileerd,16-10-2021,2 weken geleden geplaatst,https://kamernet.nl/huren/appartement-amsterdam/gerard-doustraat/appartement-1988437,"{'Woonkamer': ' Eigen ', 'Keuken': ' Eigen ', 'Badkamer': ' Eigen ', 'Toilet': ' Eigen ', 'Internet': ' Ja ', 'Energielabel': ' D ', 'Huisdieren': ' Nee '}",appartement-1988437.html
Albardaweg,in Wageningen,85 m,Totaal 4 kamers (2 slaapkamers) ,â‚¬ 1300,p/m | excl. g/w/e,Kaal,01-10-2021,2 weken geleden geplaatst,https://kamernet.nl/huren/appartement-wageningen/albardaweg/appartement-1989148,"{'Woonkamer': ' Eigen ', 'Keuken': ' Eigen ', 'Badkamer': ' Eigen ', 'Toilet': ' Eigen ', 'Internet': ' Ja ', 'Energielabel': ' C ', 'Huisdieren': ' In overleg '}",appartement-1989148.html
Vlamingstraat,in Vlissingen,16 m,,â‚¬ 320,p/m | incl. g/w/e,Gestoffeerd,18-09-2021,2 weken geleden geplaatst,https://kamernet.nl/huren/kamer-vlissingen/vlamingstraat/kamer-1989169,"{'Woonkamer': ' Gedeeld ', 'Keuken': ' Gedeeld ', 'Badkamer': ' Gedeeld ', 'Toilet': ' Gedeeld ', 'Internet': ' Ja ', 'Energielabel': ' Onbekend ', 'Huisgenoten': '  Meer dan 8 ', 'Geslacht': ' Gemengd ', 'Huisdieren': ' Nee '}",kamer-1989169.html
Patagoniedreef,in Utrecht,10 m,Totale oppervlakte: 70 m 2,â‚¬ 640,p/m | incl. g/w/e,Gemeubileerd,18-09-2021,2 weken geleden geplaatst,https://kamernet.nl/huren/kamer-utrecht/patagoniedreef/kamer-1989157,"{'Woonkamer': ' Gedeeld ', 'Keuken': ' Gedeeld ', 'Badkamer': ' Gedeeld ', 'Toilet': ' Gedeeld ', 'Internet': ' Ja ', 'Energielabel': ' Onbekend ', 'Huisgenoten': '  1 ', 'Geslacht': ' Man ', 'Huisdieren': ' Nee '}",kamer-1989157.html
Hanzestraat,in Arnhem,10 m,Totaal 1 kamer,â‚¬ 300,p/m | incl. g/w/e,Gestoffeerd,18-09-2021,2 weken geleden geplaatst,https://kamernet.nl/huren/appartement-arnhem/hanzestraat/appartement-1989155,"{'Woonkamer': ' Onbekend ', 'Keuken': ' Onbekend ', 'Badkamer': ' Onbekend ', 'Toilet': ' Onbekend ', 'Internet': ' Onbekend ', 'Energielabel': ' Onbekend ', 'Huisdieren': ' In overleg '}",appartement-1989155.html
Klikspaanweg,in Leiden,12 m,,â‚¬ 300,p/m | incl. g/w/e,Kaal,22-10-2021,1 week geleden geplaatst,https://kamernet.nl/huren/kamer-leiden/klikspaanweg/kamer-1989773,"{'Woonkamer': ' Gedeeld ', 'Keuken': ' Gedeeld ', 'Badkamer': ' Gedeeld ', 'Toilet': ' Gedeeld ', 'Internet': ' Onbekend ', 'Energielabel': ' Onbekend ', 'Huisgenoten': '  Meer dan 8 ', 'Geslacht': ' Gemengd ', 'Huisdieren': ' Nee '}",kamer-1989773.html
Van den Boschstraat,in Den Haag,28 m,Totaal 2 kamers (1 slaapkamer) ,â‚¬ 895,p/m | incl. g/w/e,Gemeubileerd,01-11-2021 tot 01-11-2023,2 weken geleden geplaatst,https://kamernet.nl/huren/appartement-den-haag/van-den-boschstraat/appartement-1988545,"{'Woonkamer': ' Eigen ', 'Keuken': ' Eigen ', 'Badkamer': ' Eigen ', 'Toilet': ' Eigen ', 'Internet': ' Ja ', 'Energielabel': ' Onbekend ', 'Huisdieren': ' Nee '}",appartement-1988545.html
Nieuwestad,in Leeuwarden,75 m,Totaal 2 kamers (1 slaapkamer) ,â‚¬ 752,p/m | excl. g/w/e,Gestoffeerd,01-11-2021,1 week geleden geplaatst,https://kamernet.nl/huren/appartement-leeuwarden/nieuwestad/appartement-1989790,"{'Woonkamer': ' Eigen ', 'Keuken': ' Eigen ', 'Badkamer': ' Eigen ', 'Toilet': ' Eigen ', 'Internet': ' Onbekend ', 'Energielabel': ' Onbekend ', 'Huisdieren': ' In overleg '}",appartement-1989790.html
Westzijde,in Zaandam,14 m,,â‚¬ 750,p/m | excl. g/w/e,Gemeubileerd,30-11-2021,1 week geleden geplaatst,https://kamernet.nl/huren/kamer-zaandam/westzijde/kamer-1989798,"{'Woonkamer': ' Gedeeld ', 'Keuken': ' Gedeeld ', 'Badkamer': ' Gedeeld ', 'Toilet': ' Gedeeld ', 'Internet': ' Ja ', 'Energielabel': ' A ', 'Huisgenoten': '  1 ', 'Geslacht': ' Vrouw ', 'Huisdieren': ' Nee '}",kamer-1989798.html
Van Nijenrodeweg,in Amsterdam,87 m,Totaal 4 kamers (3 slaapkamers) ,â‚¬ 1950,p/m | excl. g/w/e,Gestoffeerd,01-10-2021,1 week geleden geplaatst,https://kamernet.nl/huren/appartement-amsterdam/van-nijenrodeweg/appartement-1989808,"{'Woonkamer': ' Eigen ', 'Keuken': ' Eigen ', 'Badkamer': ' Eigen ', 'Toilet': ' Eigen ', 'Internet': ' Ja ', 'Energielabel': ' Onbekend ', 'Huisdieren': ' In overleg '}",appartement-1989808.html
Oude Delft,in Delft,18 m,,â‚¬ 330,p/m | incl. g/w/e,Gestoffeerd,10-10-2021,1 week geleden geplaatst,https://kamernet.nl/huren/kamer-delft/oude-delft/kamer-1989809,"{'Woonkamer': ' Gedeeld ', 'Keuken': ' Gedeeld ', 'Badkamer': ' Gedeeld ', 'Toilet': ' Gedeeld ', 'Internet': ' Onbekend ', 'Energielabel': ' Onbekend ', 'Huisgenoten': '  7 ', 'Geslacht': ' Gemengd ', 'Huisdieren': ' Nee '}",kamer-1989809.html
Tidemanstraat,in Rotterdam,90 m,Totaal 3 kamers (3 slaapkamers) ,â‚¬ 1650,p/m | excl. g/w/e,Gestoffeerd,01-10-2021 tot 30-09-2022,1 week geleden geplaatst,https://kamernet.nl/huren/appartement-rotterdam/tidemanstraat/appartement-1989705,"{'Woonkamer': ' Eigen ', 'Keuken': ' Eigen ', 'Badkamer': ' Eigen ', 'Toilet': ' Eigen ', 'Internet': ' Onbekend ', 'Energielabel': ' Onbekend ', 'Huisdieren': ' Nee '}",appartement-1989705.html
Bosscherweg,in Maastricht,28 m,Totale oppervlakte: 30 m 2,â‚¬ 430,p/m | incl. g/w/e,Gemeubileerd,01-02-2022 tot 31-08-2022,1 week geleden geplaatst,https://kamernet.nl/huren/kamer-maastricht/bosscherweg/kamer-1989789,"{'Woonkamer': ' Eigen ', 'Keuken': ' Gedeeld ', 'Badkamer': ' Gedeeld ', 'Toilet': ' Gedeeld ', 'Internet': ' Ja ', 'Energielabel': ' Onbekend ', 'Huisgenoten': '  Onbekend  ', 'Geslacht': ' Onbekend ', 'Huisdieren': ' In overleg '}",kamer-1989789.html
Joseph Elststraat,in Sassenheim,50 m,,â‚¬ 105,p/m | excl. g/w/e,Kaal,22-09-2021,1 week geleden geplaatst,https://kamernet.nl/huren/kamer-sassenheim/joseph-elststraat/kamer-1989823,"{'Woonkamer': ' Onbekend ', 'Keuken': ' Onbekend ', 'Badkamer': ' Onbekend ', 'Toilet': ' Onbekend ', 'Internet': ' Onbekend ', 'Energielabel': ' Onbekend ', 'Huisgenoten': '  Onbekend  ', 'Geslacht': ' Onbekend ', 'Huisdieren': ' In overleg '}",kamer-1989823.html
E. du Perronlaan,in Delft,18 m,,â‚¬ 390,p/m | incl. g/w/e,Gemeubileerd,20-09-2021 tot 20-01-2022,1 week geleden geplaatst,https://kamernet.nl/huren/kamer-delft/e.-du-perronlaan/kamer-1988881,"{'Woonkamer': ' Gedeeld ', 'Keuken': ' Gedeeld ', 'Badkamer': ' Gedeeld ', 'Toilet': ' Gedeeld ', 'Internet': ' Ja ', 'Energielabel': ' Onbekend ', 'Huisgenoten': '  6 ', 'Geslacht': ' Gemengd ', 'Huisdieren': ' Nee '}",kamer-1988881.html
Neptunusstraat,in Tilburg,14 m,,â‚¬ 375,p/m | excl. g/w/e,Onbekend,22-09-2021,1 week geleden geplaatst,https://kamernet.nl/huren/kamer-tilburg/neptunusstraat/kamer-1989825,"{'Woonkamer': ' Onbekend ', 'Keuken': ' Onbekend ', 'Badkamer': ' Onbekend ', 'Toilet': ' Onbekend ', 'Internet': ' Onbekend ', 'Energielabel': ' Onbekend ', 'Huisgenoten': '  Onbekend  ', 'Geslacht': ' Onbekend ', 'Huisdieren': ' Nee '}",kamer-1989825.html
Niers,in Tilburg,25 m,,â‚¬ 780,p/m | incl. g/w/e,Gestoffeerd,25-09-2021,1 week geleden geplaatst,https://kamernet.nl/huren/kamer-tilburg/niers/kamer-1989833,"{'Woonkamer': ' Onbekend ', 'Keuken': ' Onbekend ', 'Badkamer': ' Onbekend ', 'Toilet': ' Onbekend ', 'Internet': ' Ja ', 'Energielabel': ' Onbekend ', 'Huisgenoten': '  Onbekend  ', 'Geslacht': ' Onbekend ', 'Huisdieren': ' In overleg '}",kamer-1989833.html
Hertog Janstraat,in Den Bosch,140 m,Totaal 4 kamers,â‚¬ 2450,p/m | excl. g/w/e,Gestoffeerd,01-12-2021,1 week geleden geplaatst,https://kamernet.nl/huren/appartement-den-bosch/hertog-janstraat/appartement-1989830,"{'Woonkamer': ' Onbekend ', 'Keuken': ' Onbekend ', 'Badkamer': ' Onbekend ', 'Toilet': ' Onbekend ', 'Internet': ' Onbekend ', 'Energielabel': ' Onbekend ', 'Huisdieren': ' In overleg '}",appartement-1989830.html
Alpen Rondweg,in Amstelveen,18 m,Totale oppervlakte: 20 m 2,â‚¬ 660,p/m | incl. g/w/e,Gemeubileerd,15-10-2021,1 week geleden geplaatst,https://kamernet.nl/huren/kamer-amstelveen/alpen-rondweg/kamer-1989763,"{'Woonkamer': ' Eigen ', 'Keuken': ' Eigen ', 'Badkamer': ' Eigen ', 'Toilet': ' Eigen ', 'Internet': ' Ja ', 'Energielabel': ' Onbekend ', 'Huisgenoten': '  2 ', 'Geslacht': ' Gemengd ', 'Huisdieren': ' Nee '}",kamer-1989763.html
Gustav Mahlerplein,in Amsterdam,90 m,,â‚¬ 2100,p/m | excl. g/w/e,Gemeubileerd,22-09-2021,1 week geleden geplaatst,https://kamernet.nl/huren/appartement-amsterdam/gustav-mahlerplein/appartement-1989834,"{'Woonkamer': ' Onbekend ', 'Keuken': ' Onbekend ', 'Badkamer': ' Onbekend ', 'Toilet': ' Onbekend ', 'Internet': ' Onbekend ', 'Energielabel': ' Onbekend ', 'Huisdieren': ' In overleg '}",appartement-1989834.html
Heer Heymansuysstraat,in Dordrecht,38 m,Totaal 3 kamers (2 slaapkamers) ,â‚¬ 750,p/m | incl. g/w/e,Gestoffeerd,10-10-2021,2 weken geleden geplaatst,https://kamernet.nl/huren/appartement-dordrecht/heer-heymansuysstraat/appartement-1989177,"{'Woonkamer': ' Eigen ', 'Keuken': ' Eigen ', 'Badkamer': ' Eigen ', 'Toilet': ' Eigen ', 'Internet': ' Ja ', 'Energielabel': ' Onbekend ', 'Huisdieren': ' Nee '}",appartement-1989177.html
Willem Landrepad,in Amersfoort,32 m,,â‚¬ 550,p/m | incl. g/w/e,Gestoffeerd,01-11-2021 tot 30-04-2022,1 week geleden geplaatst,https://kamernet.nl/huren/kamer-amersfoort/willem-landrepad/kamer-1989848,"{'Woonkamer': ' Geen ', 'Keuken': ' Gedeeld ', 'Badkamer': ' Gedeeld ', 'Toilet': ' Gedeeld ', 'Internet': ' Ja ', 'Energielabel': ' Onbekend ', 'Huisgenoten': '  1 ', 'Geslacht': ' Vrouw ', 'Huisdieren': ' Nee '}",kamer-1989848.html
Gorechtkade,in Groningen,12 m,Totale oppervlakte: 86 m 2,â‚¬ 600,p/m | incl. g/w/e,Gemeubileerd,20-09-2021 tot 31-12-2021,2 weken geleden geplaatst,https://kamernet.nl/huren/kamer-groningen/gorechtkade/kamer-1988090,"{'Woonkamer': ' Gedeeld ', 'Keuken': ' Gedeeld ', 'Badkamer': ' Gedeeld ', 'Toilet': ' Gedeeld ', 'Internet': ' Ja ', 'Energielabel': ' Onbekend ', 'Huisgenoten': '  1 ', 'Geslacht': ' Vrouw ', 'Huisdieren': ' Nee '}",kamer-1988090.html
Getfertweg,in Enschede,65 m,Totaal 3 kamers (2 slaapkamers) ,â‚¬ 850,p/m | excl. g/w/e,Kaal,01-10-2021,2 weken geleden geplaatst,https://kamernet.nl/huren/appartement-enschede/getfertweg/appartement-1988135,"{'Woonkamer': ' Eigen ', 'Keuken': ' Eigen ', 'Badkamer': ' Eigen ', 'Toilet': ' Eigen ', 'Internet': ' Onbekend ', 'Energielabel': ' D ', 'Huisdieren': ' Nee '}",appartement-1988135.html
Aart van der Leeuwlaan,in Delft,23 m,Totale oppervlakte: 90 m 2,â‚¬ 444,p/m | incl. g/w/e,Gestoffeerd,09-10-2021,1 week geleden geplaatst,https://kamernet.nl/huren/kamer-delft/aart-van-der-leeuwlaan/kamer-1989843,"{'Woonkamer': ' Gedeeld ', 'Keuken': ' Gedeeld ', 'Badkamer': ' Eigen ', 'Toilet': ' Eigen ', 'Internet': ' Ja ', 'Energielabel': ' Onbekend ', 'Huisgenoten': '  Meer dan 8 ', 'Geslacht': ' Gemengd ', 'Huisdieren': ' Nee '}",kamer-1989843.html
Kastanjeplein,in Rotterdam,20 m,,â‚¬ 560,p/m | incl. g/w/e,Gemeubileerd,04-11-2021,1 week geleden geplaatst,https://kamernet.nl/huren/kamer-rotterdam/kastanjeplein/kamer-1989842,"{'Woonkamer': ' Eigen ', 'Keuken': ' Eigen ', 'Badkamer': ' Eigen ', 'Toilet': ' Eigen ', 'Internet': ' Ja ', 'Energielabel': ' Onbekend ', 'Huisgenoten': '  Onbekend  ', 'Geslacht': ' Onbekend ', 'Huisdieren': ' Nee '}",kamer-1989842.html
Zevenwouden,in Utrecht,76 m,Totaal 3 kamers (2 slaapkamers) ,â‚¬ 1300,p/m | excl. g/w/e,Gemeubileerd,01-11-2021,2 weken geleden geplaatst,https://kamernet.nl/huren/appartement-utrecht/zevenwouden/appartement-1988175,"{'Woonkamer': ' Eigen ', 'Keuken': ' Eigen ', 'Badkamer': ' Eigen ', 'Toilet': ' Eigen ', 'Internet': ' Nee ', 'Energielabel': ' B ', 'Huisdieren': ' Nee '}",appartement-1988175.html
Pleinweg,in Rotterdam,90 m,Totaal 4 kamers,â‚¬ 1295,p/m | excl. g/w/e,Gestoffeerd,23-09-2021,2 weken geleden geplaatst,https://kamernet.nl/huren/appartement-rotterdam/pleinweg/appartement-1988151,"{'Woonkamer': ' Onbekend ', 'Keuken': ' Onbekend ', 'Badkamer': ' Onbekend ', 'Toilet': ' Onbekend ', 'Internet': ' Onbekend ', 'Energielabel': ' Onbekend ', 'Huisdieren': ' In overleg '}",appartement-1988151.html
Luit Blomstraat,in Utrecht,9 m,Totale oppervlakte: 79 m 2,â‚¬ 450,p/m | incl. g/w/e,Kaal,15-09-2021 tot 01-04-2022,2 weken geleden geplaatst,https://kamernet.nl/huren/kamer-utrecht/luit-blomstraat/kamer-1988143,"{'Woonkamer': ' Geen ', 'Keuken': ' Gedeeld ', 'Badkamer': ' Gedeeld ', 'Toilet': ' Gedeeld ', 'Internet': ' Ja ', 'Energielabel': ' D ', 'Huisgenoten': '  1 ', 'Geslacht': ' Vrouw ', 'Huisdieren': ' Nee '}",kamer-1988143.html
Waalstraat,in Arnhem,7 m,Totale oppervlakte: 40 m 2,â‚¬ 200,p/m | incl. g/w/e,Gemeubileerd,01-10-2021,2 weken geleden geplaatst,https://kamernet.nl/huren/kamer-arnhem/waalstraat/kamer-1988179,"{'Woonkamer': ' Gedeeld ', 'Keuken': ' Gedeeld ', 'Badkamer': ' Gedeeld ', 'Toilet': ' Gedeeld ', 'Internet': ' Ja ', 'Energielabel': ' A ', 'Huisgenoten': '  6 ', 'Geslacht': ' Gemengd ', 'Huisdieren': ' Nee '}",kamer-1988179.html
Marquette,in Lelystad,55 m,Totale oppervlakte: 150 m 2,â‚¬ 795,p/m | excl. g/w/e,Gestoffeerd,15-10-2021,2 weken geleden geplaatst,https://kamernet.nl/huren/kamer-lelystad/marquette/kamer-1988189,"{'Woonkamer': ' Onbekend ', 'Keuken': ' Gedeeld ', 'Badkamer': ' Gedeeld ', 'Toilet': ' Gedeeld ', 'Internet': ' Onbekend ', 'Energielabel': ' Onbekend ', 'Huisgenoten': '  2 ', 'Geslacht': ' Gemengd ', 'Huisdieren': ' Nee '}",kamer-1988189.html
Eoceenstraat,in Heerlen,76 m,,â‚¬ 875,p/m | excl. g/w/e,Gestoffeerd,14-09-2021,2 weken geleden geplaatst,https://kamernet.nl/huren/appartement-heerlen/eoceenstraat/appartement-1988106,"{'Woonkamer': ' Onbekend ', 'Keuken': ' Onbekend ', 'Badkamer': ' Onbekend ', 'Toilet': ' Onbekend ', 'Internet': ' Onbekend ', 'Energielabel': ' Onbekend ', 'Huisdieren': ' Nee '}",appartement-1988106.html
Dilgtweg,in Haren Gn,80 m,Totaal 1 kamer (1 slaapkamer) ,â‚¬ 580,p/m | incl. g/w/e,Kaal,14-09-2021 tot 01-07-2023,2 weken geleden geplaatst,https://kamernet.nl/huren/appartement-haren-gn/dilgtweg/appartement-1988184,"{'Woonkamer': ' Eigen ', 'Keuken': ' Eigen ', 'Badkamer': ' Eigen ', 'Toilet': ' Eigen ', 'Internet': ' Ja ', 'Energielabel': ' Onbekend ', 'Huisdieren': ' Nee '}",appartement-1988184.html
Noorderhagen,in Enschede,20 m,Totale oppervlakte: 240 m 2,â‚¬ 265,p/m | incl. g/w/e,Kaal,14-09-2021,2 weken geleden geplaatst,https://kamernet.nl/huren/kamer-enschede/noorderhagen/kamer-1988216,"{'Woonkamer': ' Gedeeld ', 'Keuken': ' Gedeeld ', 'Badkamer': ' Gedeeld ', 'Toilet': ' Gedeeld ', 'Internet': ' Ja ', 'Energielabel': ' A ', 'Huisgenoten': '  5 ', 'Geslacht': ' Man ', 'Huisdieren': ' Nee '}",kamer-1988216.html
Saxenburgerdwarsstraat,in Amsterdam,70 m,Totaal 2 kamers (1 slaapkamer) ,â‚¬ 1590,p/m | incl. g/w/e,Gemeubileerd,01-10-2021 tot 30-11-2021,2 weken geleden geplaatst,https://kamernet.nl/huren/appartement-amsterdam/saxenburgerdwarsstraat/appartement-1988186,"{'Woonkamer': ' Eigen ', 'Keuken': ' Eigen ', 'Badkamer': ' Eigen ', 'Toilet': ' Eigen ', 'Internet': ' Ja ', 'Energielabel': ' E ', 'Huisdieren': ' Ja '}",appartement-1988186.html
Soderblomstraat,in Hoofddorp,20 m,,â‚¬ 700,p/m | incl. g/w/e,Gemeubileerd,14-09-2021,2 weken geleden geplaatst,https://kamernet.nl/huren/kamer-hoofddorp/soderblomstraat/kamer-1988124,"{'Woonkamer': ' Geen ', 'Keuken': ' Gedeeld ', 'Badkamer': ' Gedeeld ', 'Toilet': ' Gedeeld ', 'Internet': ' Ja ', 'Energielabel': ' Onbekend ', 'Huisgenoten': '  3 ', 'Geslacht': ' Gemengd ', 'Huisdieren': ' Nee '}",kamer-1988124.html
Park de Kotten,in Enschede,50 m,Totaal 1 kamer (1 slaapkamer) ,â‚¬ 700,p/m | excl. g/w/e,Gemeubileerd,03-01-2022 tot 15-04-2022,2 weken geleden geplaatst,https://kamernet.nl/huren/studio-enschede/park-de-kotten/studio-1988206,"{'Woonkamer': ' Eigen ', 'Keuken': ' Eigen ', 'Badkamer': ' Eigen ', 'Toilet': ' Eigen ', 'Internet': ' Ja ', 'Energielabel': ' Onbekend ', 'Huisdieren': ' Nee '}",studio-1988206.html
Burgemeester Triezenbergstraat,in Ten Boer,25 m,Totaal 1 kamer (1 slaapkamer) ,â‚¬ 850,p/m | incl. g/w/e,Gestoffeerd,14-09-2021,2 weken geleden geplaatst,https://kamernet.nl/huren/studio-ten-boer/burgemeester-triezenbergstraat/studio-1988209,"{'Woonkamer': ' Eigen ', 'Keuken': ' Eigen ', 'Badkamer': ' Eigen ', 'Toilet': ' Eigen ', 'Internet': ' Ja ', 'Energielabel': ' Onbekend ', 'Huisdieren': ' Nee '}",studio-1988209.html
Grote Houtweg,in Beverwijk,60 m,Totaal 2 kamers,â‚¬ 870,p/m | excl. g/w/e,Gestoffeerd,22-09-2021,2 weken geleden geplaatst,https://kamernet.nl/huren/appartement-beverwijk/grote-houtweg/appartement-1989154,"{'Woonkamer': ' Onbekend ', 'Keuken': ' Onbekend ', 'Badkamer': ' Onbekend ', 'Toilet': ' Onbekend ', 'Internet': ' Onbekend ', 'Energielabel': ' Onbekend ', 'Huisdieren': ' In overleg '}",appartement-1989154.html
Prinsenplein,in Meppel,67 m,Totaal 3 kamers (1 slaapkamer) ,â‚¬ 900,p/m | excl. g/w/e,Gestoffeerd,15-10-2021 tot 15-10-2023,2 weken geleden geplaatst,https://kamernet.nl/huren/appartement-meppel/prinsenplein/appartement-1988220,"{'Woonkamer': ' Eigen ', 'Keuken': ' Eigen ', 'Badkamer': ' Eigen ', 'Toilet': ' Eigen ', 'Internet': ' Ja ', 'Energielabel': ' C ', 'Huisdieren': ' Nee '}",appartement-1988220.html
Graaf Jan van Nassaustraat,in Rotterdam,15 m,Totale oppervlakte: 100 m 2,â‚¬ 700,p/m | incl. g/w/e,Gestoffeerd,01-11-2021,2 weken geleden geplaatst,https://kamernet.nl/huren/kamer-rotterdam/graaf-jan-van-nassaustraat/kamer-1989170,"{'Woonkamer': ' Gedeeld ', 'Keuken': ' Gedeeld ', 'Badkamer': ' Gedeeld ', 'Toilet': ' Gedeeld ', 'Internet': ' Ja ', 'Energielabel': ' Onbekend ', 'Huisgenoten': '  2 ', 'Geslacht': ' Vrouw ', 'Huisdieren': ' In overleg '}",kamer-1989170.html
Brucknerlaan,in Utrecht,55 m,,â‚¬ 995,p/m | excl. g/w/e,Gestoffeerd,27-09-2021,2 weken geleden geplaatst,https://kamernet.nl/huren/appartement-utrecht/brucknerlaan/appartement-1989190,"{'Woonkamer': ' Eigen ', 'Keuken': ' Eigen ', 'Badkamer': ' Eigen ', 'Toilet': ' Eigen ', 'Internet': ' Ja ', 'Energielabel': ' A ', 'Huisdieren': ' Nee '}",appartement-1989190.html
Gramsbergenlaan,in Den Haag,15 m,Totale oppervlakte: 58 m 2,â‚¬ 400,p/m | incl. g/w/e,Gemeubileerd,14-09-2021,2 weken geleden geplaatst,https://kamernet.nl/huren/kamer-den-haag/gramsbergenlaan/kamer-1988222,"{'Woonkamer': ' Gedeeld ', 'Keuken': ' Gedeeld ', 'Badkamer': ' Gedeeld ', 'Toilet': ' Gedeeld ', 'Internet': ' Ja ', 'Energielabel': ' A ', 'Huisgenoten': '  1 ', 'Geslacht': ' Man ', 'Huisdieren': ' Ja '}",kamer-1988222.html
Vrouwjuttenland,in Delft,7 m,Totale oppervlakte: 25 m 2,â‚¬ 470,p/m | incl. g/w/e,Kaal,25-09-2021,2 weken geleden geplaatst,https://kamernet.nl/huren/kamer-delft/vrouwjuttenland/kamer-1989212,"{'Woonkamer': ' Gedeeld ', 'Keuken': ' Gedeeld ', 'Badkamer': ' Gedeeld ', 'Toilet': ' Gedeeld ', 'Internet': ' Ja ', 'Energielabel': ' Onbekend ', 'Huisgenoten': '  3 ', 'Geslacht': ' Man ', 'Huisdieren': ' Ja '}",kamer-1989212.html
Bennebroekstraat,in Amsterdam,75 m,Totaal 4 kamers (1 slaapkamer) ,â‚¬ 2500,p/m | incl. g/w/e,Gemeubileerd,07-01-2022 tot 30-07-2022,2 weken geleden geplaatst,https://kamernet.nl/huren/appartement-amsterdam/bennebroekstraat/appartement-1989220,"{'Woonkamer': ' Eigen ', 'Keuken': ' Eigen ', 'Badkamer': ' Eigen ', 'Toilet': ' Eigen ', 'Internet': ' Ja ', 'Energielabel': ' C ', 'Huisdieren': ' Nee '}",appartement-1989220.html
Verkuijl Quakkelaarstraat,in Vlissingen,20 m,Totaal 4 kamers (3 slaapkamers) ,â‚¬ 540,p/m | excl. g/w/e,Gemeubileerd,15-09-2021,2 weken geleden geplaatst,https://kamernet.nl/huren/appartement-vlissingen/verkuijl-quakkelaarstraat/appartement-1988085,"{'Woonkamer': ' Gedeeld ', 'Keuken': ' Gedeeld ', 'Badkamer': ' Eigen ', 'Toilet': ' Gedeeld ', 'Internet': ' Ja ', 'Energielabel': ' Onbekend ', 'Huisdieren': ' Nee '}",appartement-1988085.html
Haarlemmerweg,in Amsterdam,16 m,Totale oppervlakte: 48 m 2,â‚¬ 1000,p/m | incl. g/w/e,Gestoffeerd,01-11-2021 tot 31-10-2022,2 weken geleden geplaatst,https://kamernet.nl/huren/kamer-amsterdam/haarlemmerweg/kamer-1989200,"{'Woonkamer': ' Gedeeld ', 'Keuken': ' Gedeeld ', 'Badkamer': ' Gedeeld ', 'Toilet': ' Gedeeld ', 'Internet': ' Ja ', 'Energielabel': ' A ', 'Huisgenoten': '  Onbekend  ', 'Geslacht': ' Onbekend ', 'Huisdieren': ' Nee '}",kamer-1989200.html
Catharina van Aragonlaan,in Hoofddorp,18 m,Totale oppervlakte: 100 m 2,â‚¬ 980,p/m | incl. g/w/e,Gemeubileerd,01-10-2021,2 weken geleden geplaatst,https://kamernet.nl/huren/kamer-hoofddorp/catharina-van-aragonlaan/kamer-1988817,"{'Woonkamer': ' Gedeeld ', 'Keuken': ' Gedeeld ', 'Badkamer': ' Eigen ', 'Toilet': ' Eigen ', 'Internet': ' Ja ', 'Energielabel': ' A ', 'Huisgenoten': '  1 ', 'Geslacht': ' Vrouw ', 'Huisdieren': ' Nee '}",kamer-1988817.html
Statensingel,in Maastricht,15 m,,â‚¬ 350,p/m | incl. g/w/e,Kaal,01-11-2021,2 weken geleden geplaatst,https://kamernet.nl/huren/kamer-maastricht/statensingel/kamer-1989235,"{'Woonkamer': ' Geen ', 'Keuken': ' Eigen ', 'Badkamer': ' Gedeeld ', 'Toilet': ' Gedeeld ', 'Internet': ' Ja ', 'Energielabel': ' Onbekend ', 'Huisgenoten': '  5 ', 'Geslacht': ' Vrouw ', 'Huisdieren': ' Nee '}",kamer-1989235.html
Utrechtsestraat,in Amsterdam,15 m,,â‚¬ 690,p/m | incl. g/w/e,Gemeubileerd,01-10-2021,2 weken geleden geplaatst,https://kamernet.nl/huren/kamer-amsterdam/utrechtsestraat/kamer-1989233,"{'Woonkamer': ' Geen ', 'Keuken': ' Eigen ', 'Badkamer': ' Gedeeld ', 'Toilet': ' Gedeeld ', 'Internet': ' Ja ', 'Energielabel': ' Onbekend ', 'Huisgenoten': '  2 ', 'Geslacht': ' Vrouw ', 'Huisdieren': ' Nee '}",kamer-1989233.html
Ekingenstraat,in Amsterdam,16 m,Totale oppervlakte: 70 m 2,â‚¬ 700,p/m | incl. g/w/e,Gemeubileerd,15-09-2021,2 weken geleden geplaatst,https://kamernet.nl/huren/kamer-amsterdam/ekingenstraat/kamer-1988391,"{'Woonkamer': ' Gedeeld ', 'Keuken': ' Gedeeld ', 'Badkamer': ' Gedeeld ', 'Toilet': ' Gedeeld ', 'Internet': ' Ja ', 'Energielabel': ' Onbekend ', 'Huisgenoten': '  Onbekend  ', 'Geslacht': ' Onbekend ', 'Huisdieren': ' In overleg '}",kamer-1988391.html
Dam,in Amsterdam,35 m,Totaal 1 kamer (1 slaapkamer) ,â‚¬ 2100,p/m | incl. g/w/e,Gemeubileerd,14-09-2021 tot 30-09-2022,2 weken geleden geplaatst,https://kamernet.nl/huren/appartement-amsterdam/dam/appartement-1988228,"{'Woonkamer': ' Eigen ', 'Keuken': ' Eigen ', 'Badkamer': ' Eigen ', 'Toilet': ' Eigen ', 'Internet': ' Nee ', 'Energielabel': ' Onbekend ', 'Huisdieren': ' In overleg '}",appartement-1988228.html
Hoefweg,in Ede,17 m,,â‚¬ 374,p/m | incl. g/w/e,Gestoffeerd,15-10-2021,2 weken geleden geplaatst,https://kamernet.nl/huren/kamer-ede/hoefweg/kamer-1988401,"{'Woonkamer': ' Geen ', 'Keuken': ' Gedeeld ', 'Badkamer': ' Gedeeld ', 'Toilet': ' Gedeeld ', 'Internet': ' Ja ', 'Energielabel': ' Onbekend ', 'Huisgenoten': '  4  ', 'Geslacht': ' Vrouw ', 'Huisdieren': ' In overleg '}",kamer-1988401.html
Rhonestraat,in Lelystad,16 m,Totale oppervlakte: 110 m 2,â‚¬ 500,p/m | incl. g/w/e,Gestoffeerd,15-09-2021 tot 01-04-2022,2 weken geleden geplaatst,https://kamernet.nl/huren/kamer-lelystad/rhonestraat/kamer-1988402,"{'Woonkamer': ' Gedeeld ', 'Keuken': ' Gedeeld ', 'Badkamer': ' Gedeeld ', 'Toilet': ' Gedeeld ', 'Internet': ' Ja ', 'Energielabel': ' B ', 'Huisgenoten': '  2 ', 'Geslacht': ' Gemengd ', 'Huisdieren': ' In overleg '}",kamer-1988402.html
Eisenhowerlaan,in Utrecht,14 m,,â‚¬ 695,p/m | incl. g/w/e,Gemeubileerd,01-10-2021 tot 01-04-2022,2 weken geleden geplaatst,https://kamernet.nl/huren/kamer-utrecht/eisenhowerlaan/kamer-1989197,"{'Woonkamer': ' Onbekend ', 'Keuken': ' Gedeeld ', 'Badkamer': ' Gedeeld ', 'Toilet': ' Gedeeld ', 'Internet': ' Ja ', 'Energielabel': ' Onbekend ', 'Huisgenoten': '  2 ', 'Geslacht': ' Man ', 'Huisdieren': ' Nee '}",kamer-1989197.html
Pleinweg,in Rotterdam,27 m,Totaal 1 kamer (1 slaapkamer) ,â‚¬ 850,p/m | incl. g/w/e,Gestoffeerd,01-10-2021,2 weken geleden geplaatst,https://kamernet.nl/huren/studio-rotterdam/pleinweg/studio-1988430,"{'Woonkamer': ' Eigen ', 'Keuken': ' Eigen ', 'Badkamer': ' Eigen ', 'Toilet': ' Gedeeld ', 'Internet': ' Ja ', 'Energielabel': ' A ', 'Huisdieren': ' Nee '}",studio-1988430.html
Amsterdamsestraatweg,in Utrecht,6 m,,â‚¬ 369,p/m | incl. g/w/e,Gestoffeerd,01-10-2021,1 week geleden geplaatst,https://kamernet.nl/huren/kamer-utrecht/amsterdamsestraatweg/kamer-1989850,"{'Woonkamer': ' Geen ', 'Keuken': ' Gedeeld ', 'Badkamer': ' Gedeeld ', 'Toilet': ' Gedeeld ', 'Internet': ' Ja ', 'Energielabel': ' Onbekend ', 'Huisgenoten': '  Onbekend  ', 'Geslacht': ' Onbekend ', 'Huisdieren': ' Nee '}",kamer-1989850.html
Reinier de Graafweg,in Delft,12 m,Totale oppervlakte: 30 m 2,â‚¬ 350,p/m | incl. g/w/e,Gestoffeerd,15-09-2021,2 weken geleden geplaatst,https://kamernet.nl/huren/kamer-delft/reinier-de-graafweg/kamer-1988414,"{'Woonkamer': ' Geen ', 'Keuken': ' Gedeeld ', 'Badkamer': ' Gedeeld ', 'Toilet': ' Gedeeld ', 'Internet': ' Ja ', 'Energielabel': ' Onbekend ', 'Huisgenoten': '  Onbekend  ', 'Geslacht': ' Onbekend ', 'Huisdieren': ' Nee '}",kamer-1988414.html
E. du Perronlaan,in Delft,20 m,,â‚¬ 330,p/m | incl. g/w/e,Gestoffeerd,27-09-2021,2 weken geleden geplaatst,https://kamernet.nl/huren/kamer-delft/e.-du-perronlaan/kamer-1988450,"{'Woonkamer': ' Gedeeld ', 'Keuken': ' Gedeeld ', 'Badkamer': ' Gedeeld ', 'Toilet': ' Gedeeld ', 'Internet': ' Ja ', 'Energielabel': ' Onbekend ', 'Huisgenoten': '  Onbekend  ', 'Geslacht': ' Onbekend ', 'Huisdieren': ' Nee '}",kamer-1988450.html
Leijdsweg,in Enschede,18 m,Totale oppervlakte: 70 m 2,â‚¬ 281,p/m | incl. g/w/e,Gestoffeerd,01-12-2021,1 week geleden geplaatst,https://kamernet.nl/huren/kamer-enschede/leijdsweg/kamer-1989892,"{'Woonkamer': ' Gedeeld ', 'Keuken': ' Gedeeld ', 'Badkamer': ' Gedeeld ', 'Toilet': ' Gedeeld ', 'Internet': ' Ja ', 'Energielabel': ' Onbekend ', 'Huisgenoten': '  5 ', 'Geslacht': ' Gemengd ', 'Huisdieren': ' Nee '}",kamer-1989892.html
De Klomp,in Enschede,18 m,,â‚¬ 305,p/m | incl. g/w/e,Kaal,01-12-2021,2 weken geleden geplaatst,https://kamernet.nl/huren/kamer-enschede/de-klomp/kamer-1988190,"{'Woonkamer': ' Gedeeld ', 'Keuken': ' Gedeeld ', 'Badkamer': ' Gedeeld ', 'Toilet': ' Gedeeld ', 'Internet': ' Ja ', 'Energielabel': ' Onbekend ', 'Huisgenoten': '  Meer dan 8 ', 'Geslacht': ' Gemengd ', 'Huisdieren': ' Nee '}",kamer-1988190.html
Francois Mauriacweg,in De Bilt,59 m,Totaal 2 kamers (1 slaapkamer) ,â‚¬ 975,p/m | excl. g/w/e,Gestoffeerd,15-09-2021 tot 31-08-2023,2 weken geleden geplaatst,https://kamernet.nl/huren/appartement-de-bilt/francois-mauriacweg/appartement-1988489,"{'Woonkamer': ' Eigen ', 'Keuken': ' Eigen ', 'Badkamer': ' Eigen ', 'Toilet': ' Eigen ', 'Internet': ' Ja ', 'Energielabel': ' B ', 'Huisdieren': ' In overleg '}",appartement-1988489.html
Admiraal Banckertweg,in Leiden,15 m,Totale oppervlakte: 90 m 2,â‚¬ 650,p/m | incl. g/w/e,Gestoffeerd,01-11-2021,2 weken geleden geplaatst,https://kamernet.nl/huren/kamer-leiden/admiraal-banckertweg/kamer-1988468,"{'Woonkamer': ' Gedeeld ', 'Keuken': ' Gedeeld ', 'Badkamer': ' Gedeeld ', 'Toilet': ' Gedeeld ', 'Internet': ' Ja ', 'Energielabel': ' Onbekend ', 'Huisgenoten': '  1 ', 'Geslacht': ' Man ', 'Huisdieren': ' Nee '}",kamer-1988468.html
Wijde Begijnestraat,in Utrecht,12 m,,â‚¬ 750,p/m | incl. g/w/e,Gemeubileerd,01-10-2021,2 weken geleden geplaatst,https://kamernet.nl/huren/kamer-utrecht/wijde-begijnestraat/kamer-1988512,"{'Woonkamer': ' Gedeeld ', 'Keuken': ' Gedeeld ', 'Badkamer': ' Gedeeld ', 'Toilet': ' Gedeeld ', 'Internet': ' Ja ', 'Energielabel': ' Onbekend ', 'Huisgenoten': '  1 ', 'Geslacht': ' Man ', 'Huisdieren': ' Nee '}",kamer-1988512.html
Karel Doormanlaan,in Hilversum,80 m,Totaal 4 kamers,â‚¬ 1350,p/m | excl. g/w/e,Gestoffeerd,27-09-2021,2 weken geleden geplaatst,https://kamernet.nl/huren/appartement-hilversum/karel-doormanlaan/appartement-1988947,"{'Woonkamer': ' Onbekend ', 'Keuken': ' Onbekend ', 'Badkamer': ' Onbekend ', 'Toilet': ' Onbekend ', 'Internet': ' Onbekend ', 'Energielabel': ' Onbekend ', 'Huisdieren': ' In overleg '}",appartement-1988947.html
Admiraal De Ruijterweg,in Amsterdam,16 m,Totale oppervlakte: 100 m 2,â‚¬ 650,p/m | incl. g/w/e,Gemeubileerd,31-10-2021,2 weken geleden geplaatst,https://kamernet.nl/huren/kamer-amsterdam/admiraal-de-ruijterweg/kamer-1988948,"{'Woonkamer': ' Geen ', 'Keuken': ' Gedeeld ', 'Badkamer': ' Eigen ', 'Toilet': ' Gedeeld ', 'Internet': ' Ja ', 'Energielabel': ' Onbekend ', 'Huisgenoten': '  2 ', 'Geslacht': ' Gemengd ', 'Huisdieren': ' Nee '}",kamer-1988948.html
Waverstraat,in Amsterdam,20 m,,â‚¬ 750,p/m | excl. g/w/e,Gestoffeerd,17-09-2021 tot 17-09-2022,2 weken geleden geplaatst,https://kamernet.nl/huren/kamer-amsterdam/waverstraat/kamer-1988973,"{'Woonkamer': ' Geen ', 'Keuken': ' Gedeeld ', 'Badkamer': ' Gedeeld ', 'Toilet': ' Gedeeld ', 'Internet': ' Ja ', 'Energielabel': ' Onbekend ', 'Huisgenoten': '  1 ', 'Geslacht': ' Onbekend ', 'Huisdieren': ' Nee '}",kamer-1988973.html
Bronckhorstlaan,in Wijchen,25 m,Totale oppervlakte: 75 m 2,â‚¬ 300,p/m | excl. g/w/e,Kaal,17-09-2021,2 weken geleden geplaatst,https://kamernet.nl/huren/kamer-wijchen/bronckhorstlaan/kamer-1988976,"{'Woonkamer': ' Geen ', 'Keuken': ' Gedeeld ', 'Badkamer': ' Gedeeld ', 'Toilet': ' Gedeeld ', 'Internet': ' Ja ', 'Energielabel': ' Onbekend ', 'Huisgenoten': '  Meer dan 8 ', 'Geslacht': ' Gemengd ', 'Huisdieren': ' Nee '}",kamer-1988976.html
Teilingenstraat,in Breda,45 m,,â‚¬ 850,p/m | excl. g/w/e,Gemeubileerd,15-09-2021,2 weken geleden geplaatst,https://kamernet.nl/huren/studio-breda/teilingenstraat/studio-1988476,"{'Woonkamer': ' Geen ', 'Keuken': ' Eigen ', 'Badkamer': ' Eigen ', 'Toilet': ' Eigen ', 'Internet': ' Ja ', 'Energielabel': ' Onbekend ', 'Huisdieren': ' Nee '}",studio-1988476.html
Grubbehoeve,in Amsterdam,13 m,Totale oppervlakte: 70 m 2,â‚¬ 375,p/m | incl. g/w/e,Gemeubileerd,08-09-2021,2 weken geleden geplaatst,https://kamernet.nl/huren/kamer-amsterdam/grubbehoeve/kamer-1987018,"{'Woonkamer': ' Gedeeld ', 'Keuken': ' Gedeeld ', 'Badkamer': ' Gedeeld ', 'Toilet': ' Gedeeld ', 'Internet': ' Ja ', 'Energielabel': ' Onbekend ', 'Huisgenoten': '  4  ', 'Geslacht': ' Vrouw ', 'Huisdieren': ' Nee '}",kamer-1987018.html
Oudeweg,in Groningen,91 m,Totaal 1 kamer (2 slaapkamers) ,â‚¬ 1450,p/m | incl. g/w/e,Gemeubileerd,01-10-2021 tot 31-03-2022,2 weken geleden geplaatst,https://kamernet.nl/huren/appartement-groningen/oudeweg/appartement-1988962,"{'Woonkamer': ' Eigen ', 'Keuken': ' Eigen ', 'Badkamer': ' Eigen ', 'Toilet': ' Eigen ', 'Internet': ' Ja ', 'Energielabel': ' Onbekend ', 'Huisdieren': ' Nee '}",appartement-1988962.html
Veemarktstraat,in Breda,95 m,Totaal 3 kamers (2 slaapkamers) ,â‚¬ 1275,p/m | excl. g/w/e,Gestoffeerd,19-09-2021,2 weken geleden geplaatst,https://kamernet.nl/huren/appartement-breda/veemarktstraat/appartement-1988990,"{'Woonkamer': ' Eigen ', 'Keuken': ' Eigen ', 'Badkamer': ' Eigen ', 'Toilet': ' Eigen ', 'Internet': ' Nee ', 'Energielabel': ' Onbekend ', 'Huisdieren': ' Nee '}",appartement-1988990.html
Menno ter Braaklaan,in Delft,12 m,,â‚¬ 616,p/m | excl. g/w/e,Gemeubileerd,01-10-2021,2 weken geleden geplaatst,https://kamernet.nl/huren/kamer-delft/menno-ter-braaklaan/kamer-1988995,"{'Woonkamer': ' Gedeeld ', 'Keuken': ' Gedeeld ', 'Badkamer': ' Gedeeld ', 'Toilet': ' Gedeeld ', 'Internet': ' Ja ', 'Energielabel': ' Onbekend ', 'Huisgenoten': '  2 ', 'Geslacht': ' Gemengd ', 'Huisdieren': ' Nee '}",kamer-1988995.html
Oranjeplein,in Maastricht,35 m,Totaal 1 kamer (1 slaapkamer) ,â‚¬ 750,p/m | excl. g/w/e,Kaal,18-10-2021,2 weken geleden geplaatst,https://kamernet.nl/huren/studio-maastricht/oranjeplein/studio-1988827,"{'Woonkamer': ' Eigen ', 'Keuken': ' Eigen ', 'Badkamer': ' Eigen ', 'Toilet': ' Eigen ', 'Internet': ' Nee ', 'Energielabel': ' Onbekend ', 'Huisdieren': ' Nee '}",studio-1988827.html
Lambertus Zijlplein,in Amsterdam,11 m,,â‚¬ 500,p/m | incl. g/w/e,Gemeubileerd,01-10-2021,2 weken geleden geplaatst,https://kamernet.nl/huren/kamer-amsterdam/lambertus-zijlplein/kamer-1988496,"{'Woonkamer': ' Gedeeld ', 'Keuken': ' Gedeeld ', 'Badkamer': ' Gedeeld ', 'Toilet': ' Gedeeld ', 'Internet': ' Ja ', 'Energielabel': ' Onbekend ', 'Huisgenoten': '  1 ', 'Geslacht': ' Onbekend ', 'Huisdieren': ' Nee '}",kamer-1988496.html
Burgemeester Jacobsstraat,in Enschede,14 m,,â‚¬ 300,p/m | incl. g/w/e,Gestoffeerd,18-09-2021,2 weken geleden geplaatst,https://kamernet.nl/huren/kamer-enschede/burgemeester-jacobsstraat/kamer-1988998,"{'Woonkamer': ' Geen ', 'Keuken': ' Gedeeld ', 'Badkamer': ' Gedeeld ', 'Toilet': ' Gedeeld ', 'Internet': ' Ja ', 'Energielabel': ' Onbekend ', 'Huisgenoten': '  4  ', 'Geslacht': ' Gemengd ', 'Huisdieren': ' Nee '}",kamer-1988998.html
Oliemolensingel,in Enschede,16 m,,â‚¬ 245,p/m | incl. g/w/e,Gestoffeerd,17-09-2021,2 weken geleden geplaatst,https://kamernet.nl/huren/kamer-enschede/oliemolensingel/kamer-1989009,"{'Woonkamer': ' Gedeeld ', 'Keuken': ' Gedeeld ', 'Badkamer': ' Gedeeld ', 'Toilet': ' Gedeeld ', 'Internet': ' Ja ', 'Energielabel': ' Onbekend ', 'Huisgenoten': '  Meer dan 8 ', 'Geslacht': ' Man ', 'Huisdieren': ' Nee '}",kamer-1989009.html
E. du Perronlaan,in Delft,16 m,,â‚¬ 320,p/m | incl. g/w/e,Kaal,19-09-2021,2 weken geleden geplaatst,https://kamernet.nl/huren/kamer-delft/e.-du-perronlaan/kamer-1988438,"{'Woonkamer': ' Onbekend ', 'Keuken': ' Onbekend ', 'Badkamer': ' Onbekend ', 'Toilet': ' Onbekend ', 'Internet': ' Onbekend ', 'Energielabel': ' Onbekend ', 'Huisgenoten': '  5 ', 'Geslacht': ' Gemengd ', 'Huisdieren': ' Nee '}",kamer-1988438.html
De Gorsen,in Callantsoog,18 m,Totale oppervlakte: 25 m 2,â‚¬ 575,p/m | incl. g/w/e,Gemeubileerd,13-09-2021,2 weken geleden geplaatst,https://kamernet.nl/huren/kamer-callantsoog/de-gorsen/kamer-1987976,"{'Woonkamer': ' Eigen ', 'Keuken': ' Gedeeld ', 'Badkamer': ' Gedeeld ', 'Toilet': ' Gedeeld ', 'Internet': ' Ja ', 'Energielabel': ' Onbekend ', 'Huisgenoten': '  3 ', 'Geslacht': ' Gemengd ', 'Huisdieren': ' Nee '}",kamer-1987976.html
Praamweg,in Stadskanaal,142 m,Totaal 1 kamer (4 slaapkamers) ,â‚¬ 1100,p/m | excl. g/w/e,Gemeubileerd,17-09-2021 tot 01-07-2022,2 weken geleden geplaatst,https://kamernet.nl/huren/appartement-stadskanaal/praamweg/appartement-1989020,"{'Woonkamer': ' Eigen ', 'Keuken': ' Eigen ', 'Badkamer': ' Eigen ', 'Toilet': ' Eigen ', 'Internet': ' Ja ', 'Energielabel': ' B ', 'Huisdieren': ' In overleg '}",appartement-1989020.html
Bernoulliplein,in Groningen,26 m,,â‚¬ 495,p/m | incl. g/w/e,Kaal,10-10-2021 tot 07-01-2022,2 weken geleden geplaatst,https://kamernet.nl/huren/kamer-groningen/bernoulliplein/kamer-1988917,"{'Woonkamer': ' Eigen ', 'Keuken': ' Gedeeld ', 'Badkamer': ' Gedeeld ', 'Toilet': ' Gedeeld ', 'Internet': ' Ja ', 'Energielabel': ' Onbekend ', 'Huisgenoten': '  1 ', 'Geslacht': ' Man ', 'Huisdieren': ' Nee '}",kamer-1988917.html
H.W. Mesdagstraat,in Groningen,20 m,,â‚¬ 800,p/m | incl. g/w/e,Gemeubileerd,17-09-2021 tot 01-08-2022,2 weken geleden geplaatst,https://kamernet.nl/huren/kamer-groningen/h.w.-mesdagstraat/kamer-1989013,"{'Woonkamer': ' Gedeeld ', 'Keuken': ' Gedeeld ', 'Badkamer': ' Gedeeld ', 'Toilet': ' Gedeeld ', 'Internet': ' Ja ', 'Energielabel': ' Onbekend ', 'Huisgenoten': '  8  ', 'Geslacht': ' Man ', 'Huisdieren': ' Nee '}",kamer-1989013.html
Rietzangerweg,in Diemen,12 m,,â‚¬ 500,p/m | incl. g/w/e,Gemeubileerd,15-09-2021,2 weken geleden geplaatst,https://kamernet.nl/huren/kamer-diemen/rietzangerweg/kamer-1988459,"{'Woonkamer': ' Gedeeld ', 'Keuken': ' Gedeeld ', 'Badkamer': ' Gedeeld ', 'Toilet': ' Gedeeld ', 'Internet': ' Ja ', 'Energielabel': ' Onbekend ', 'Huisgenoten': '  Onbekend  ', 'Geslacht': ' Onbekend ', 'Huisdieren': ' Nee '}",kamer-1988459.html
Molenvlietsedijk,in Tholen,50 m,,â‚¬ 265,p/m | incl. g/w/e,Gestoffeerd,21-09-2021,2 weken geleden geplaatst,https://kamernet.nl/huren/kamer-tholen/molenvlietsedijk/kamer-1988525,"{'Woonkamer': ' Eigen ', 'Keuken': ' Gedeeld ', 'Badkamer': ' Gedeeld ', 'Toilet': ' Gedeeld ', 'Internet': ' Onbekend ', 'Energielabel': ' Onbekend ', 'Huisgenoten': '  5 ', 'Geslacht': ' Gemengd ', 'Huisdieren': ' Nee '}",kamer-1988525.html
Hobbemalaan,in Alkmaar,14 m,Totale oppervlakte: 25 m 2,â‚¬ 350,p/m | incl. g/w/e,Gestoffeerd,17-10-2021,2 weken geleden geplaatst,https://kamernet.nl/huren/kamer-alkmaar/hobbemalaan/kamer-1989230,"{'Woonkamer': ' Eigen ', 'Keuken': ' Gedeeld ', 'Badkamer': ' Gedeeld ', 'Toilet': ' Gedeeld ', 'Internet': ' Ja ', 'Energielabel': ' Onbekend ', 'Huisgenoten': '  2 ', 'Geslacht': ' Man ', 'Huisdieren': ' Nee '}",kamer-1989230.html
Potgieterlaan,in Delft,20 m,,â‚¬ 395,p/m | incl. g/w/e,Gemeubileerd,01-10-2021 tot 01-12-2021,2 weken geleden geplaatst,https://kamernet.nl/huren/kamer-delft/potgieterlaan/kamer-1988505,"{'Woonkamer': ' Gedeeld ', 'Keuken': ' Gedeeld ', 'Badkamer': ' Gedeeld ', 'Toilet': ' Gedeeld ', 'Internet': ' Ja ', 'Energielabel': ' E ', 'Huisgenoten': '  4  ', 'Geslacht': ' Gemengd ', 'Huisdieren': ' Nee '}",kamer-1988505.html
Burgemeester van Tuyllkade,in Utrecht,13 m,,â‚¬ 460,p/m | incl. g/w/e,Kaal,01-10-2021,2 weken geleden geplaatst,https://kamernet.nl/huren/kamer-utrecht/burgemeester-van-tuyllkade/kamer-1988264,"{'Woonkamer': ' Gedeeld ', 'Keuken': ' Gedeeld ', 'Badkamer': ' Gedeeld ', 'Toilet': ' Gedeeld ', 'Internet': ' Ja ', 'Energielabel': ' Onbekend ', 'Huisgenoten': '  2 ', 'Geslacht': ' Vrouw ', 'Huisdieren': ' Nee '}",kamer-1988264.html
Romerostraat,in Amsterdam,16 m,,â‚¬ 600,p/m | incl. g/w/e,Gestoffeerd,01-11-2021,2 weken geleden geplaatst,https://kamernet.nl/huren/kamer-amsterdam/romerostraat/kamer-1988277,"{'Woonkamer': ' Geen ', 'Keuken': ' Gedeeld ', 'Badkamer': ' Gedeeld ', 'Toilet': ' Gedeeld ', 'Internet': ' Ja ', 'Energielabel': ' Onbekend ', 'Huisgenoten': '  2 ', 'Geslacht': ' Vrouw ', 'Huisdieren': ' Nee '}",kamer-1988277.html
Huijgensstraat,in Terneuzen,17 m,,â‚¬ 450,p/m | excl. g/w/e,Gemeubileerd,14-09-2021,2 weken geleden geplaatst,https://kamernet.nl/huren/kamer-terneuzen/huijgensstraat/kamer-1988229,"{'Woonkamer': ' Gedeeld ', 'Keuken': ' Gedeeld ', 'Badkamer': ' Gedeeld ', 'Toilet': ' Gedeeld ', 'Internet': ' Ja ', 'Energielabel': ' C ', 'Huisgenoten': '  Onbekend  ', 'Geslacht': ' Onbekend ', 'Huisdieren': ' In overleg '}",kamer-1988229.html
Regattaweg,in Groningen,210 m,,â‚¬ 2250,p/m | excl. g/w/e,Gestoffeerd,14-09-2021,2 weken geleden geplaatst,https://kamernet.nl/huren/appartement-groningen/regattaweg/appartement-1988269,"{'Woonkamer': ' Eigen ', 'Keuken': ' Eigen ', 'Badkamer': ' Eigen ', 'Toilet': ' Eigen ', 'Internet': ' Nee ', 'Energielabel': ' A ', 'Huisdieren': ' Nee '}",appartement-1988269.html
Peizerweg,in Groningen,8 m,,â‚¬ 293,p/m | incl. g/w/e,Gestoffeerd,01-10-2021,2 weken geleden geplaatst,https://kamernet.nl/huren/kamer-groningen/peizerweg/kamer-1988284,"{'Woonkamer': ' Gedeeld ', 'Keuken': ' Gedeeld ', 'Badkamer': ' Gedeeld ', 'Toilet': ' Gedeeld ', 'Internet': ' Onbekend ', 'Energielabel': ' Onbekend ', 'Huisgenoten': '  4  ', 'Geslacht': ' Man ', 'Huisdieren': ' Nee '}",kamer-1988284.html
Juniusstraat,in Delft,13 m,,â‚¬ 267,p/m | incl. g/w/e,Kaal,13-10-2021,2 weken geleden geplaatst,https://kamernet.nl/huren/kamer-delft/juniusstraat/kamer-1988285,"{'Woonkamer': ' Gedeeld ', 'Keuken': ' Gedeeld ', 'Badkamer': ' Gedeeld ', 'Toilet': ' Gedeeld ', 'Internet': ' Ja ', 'Energielabel': ' Onbekend ', 'Huisgenoten': '  Onbekend  ', 'Geslacht': ' Onbekend ', 'Huisdieren': ' Nee '}",kamer-1988285.html
Maandenweg,in Almere,14 m,Totale oppervlakte: 5 m 2,â‚¬ 375,p/m | incl. g/w/e,Gestoffeerd,01-10-2021,2 weken geleden geplaatst,https://kamernet.nl/huren/kamer-almere/maandenweg/kamer-1988247,"{'Woonkamer': ' Geen ', 'Keuken': ' Eigen ', 'Badkamer': ' Gedeeld ', 'Toilet': ' Gedeeld ', 'Internet': ' Ja ', 'Energielabel': ' Onbekend ', 'Huisgenoten': '  5 ', 'Geslacht': ' Gemengd ', 'Huisdieren': ' Nee '}",kamer-1988247.html
C.H. Petersstraat,in Groningen,18 m,,â‚¬ 390,p/m | incl. g/w/e,Gestoffeerd,01-11-2021,2 weken geleden geplaatst,https://kamernet.nl/huren/kamer-groningen/c.h.-petersstraat/kamer-1988239,"{'Woonkamer': ' Geen ', 'Keuken': ' Gedeeld ', 'Badkamer': ' Gedeeld ', 'Toilet': ' Gedeeld ', 'Internet': ' Ja ', 'Energielabel': ' Onbekend ', 'Huisgenoten': '  4  ', 'Geslacht': ' Vrouw ', 'Huisdieren': ' Nee '}",kamer-1988239.html
Mahlerstraat,in Delft,16 m,,â‚¬ 450,p/m | incl. g/w/e,Kaal,17-10-2021,2 weken geleden geplaatst,https://kamernet.nl/huren/kamer-delft/mahlerstraat/kamer-1989000,"{'Woonkamer': ' Geen ', 'Keuken': ' Gedeeld ', 'Badkamer': ' Gedeeld ', 'Toilet': ' Gedeeld ', 'Internet': ' Ja ', 'Energielabel': ' Onbekend ', 'Huisgenoten': '  6 ', 'Geslacht': ' Gemengd ', 'Huisdieren': ' Ja '}",kamer-1989000.html
Schiekade,in Rotterdam,20 m,,â‚¬ 700,p/m | excl. g/w/e,Gemeubileerd,15-09-2021,2 weken geleden geplaatst,https://kamernet.nl/huren/studio-rotterdam/schiekade/studio-1988330,"{'Woonkamer': ' Onbekend ', 'Keuken': ' Onbekend ', 'Badkamer': ' Onbekend ', 'Toilet': ' Onbekend ', 'Internet': ' Onbekend ', 'Energielabel': ' Onbekend ', 'Huisdieren': ' In overleg '}",studio-1988330.html
De Wieken,in Malden,125 m,Totaal 6 kamers (5 slaapkamers) ,â‚¬ 2500,p/m | excl. g/w/e,Gestoffeerd,10-01-2022,2 weken geleden geplaatst,https://kamernet.nl/huren/appartement-malden/de-wieken/appartement-1988293,"{'Woonkamer': ' Gedeeld ', 'Keuken': ' Gedeeld ', 'Badkamer': ' Gedeeld ', 'Toilet': ' Gedeeld ', 'Internet': ' Nee ', 'Energielabel': ' Onbekend ', 'Huisdieren': ' Nee '}",appartement-1988293.html
Akerstraat,in Heerlen,22 m,Totale oppervlakte: 20 m 2,â‚¬ 550,p/m | incl. g/w/e,Gemeubileerd,15-09-2021,2 weken geleden geplaatst,https://kamernet.nl/huren/kamer-heerlen/akerstraat/kamer-1988360,"{'Woonkamer': ' Geen ', 'Keuken': ' Gedeeld ', 'Badkamer': ' Gedeeld ', 'Toilet': ' Gedeeld ', 'Internet': ' Ja ', 'Energielabel': ' Onbekend ', 'Huisgenoten': '  2 ', 'Geslacht': ' Man ', 'Huisdieren': ' Nee '}",kamer-1988360.html
Eerste Hunzestraat,in Groningen,14 m,Totale oppervlakte: 35 m 2,â‚¬ 375,p/m | incl. g/w/e,Kaal,28-10-2021,2 weken geleden geplaatst,https://kamernet.nl/huren/kamer-groningen/eerste-hunzestraat/kamer-1988021,"{'Woonkamer': ' Gedeeld ', 'Keuken': ' Gedeeld ', 'Badkamer': ' Gedeeld ', 'Toilet': ' Gedeeld ', 'Internet': ' Ja ', 'Energielabel': ' Onbekend ', 'Huisgenoten': '  Onbekend  ', 'Geslacht': ' Onbekend ', 'Huisdieren': ' Nee '}",kamer-1988021.html
Holendrechtstraat,in Amsterdam,30 m,Totale oppervlakte: 8 m 2,â‚¬ 950,p/m | incl. g/w/e,Gestoffeerd,01-11-2021,2 weken geleden geplaatst,https://kamernet.nl/huren/kamer-amsterdam/holendrechtstraat/kamer-1989022,"{'Woonkamer': ' Eigen ', 'Keuken': ' Gedeeld ', 'Badkamer': ' Gedeeld ', 'Toilet': ' Gedeeld ', 'Internet': ' Ja ', 'Energielabel': ' Onbekend ', 'Huisgenoten': '  1 ', 'Geslacht': ' Vrouw ', 'Huisdieren': ' Nee '}",kamer-1989022.html
Stationsstraat,in Tiel,20 m,Totaal 1 kamer (1 slaapkamer) ,â‚¬ 230,p/m | incl. g/w/e,Gestoffeerd,17-09-2021,2 weken geleden geplaatst,https://kamernet.nl/huren/anti-kraak-tiel/stationsstraat/anti-kraak-1988975,"{'Woonkamer': ' Geen ', 'Keuken': ' Gedeeld ', 'Badkamer': ' Gedeeld ', 'Toilet': ' Gedeeld ', 'Internet': ' Ja ', 'Energielabel': ' Onbekend ', 'Huisdieren': ' Nee '}",anti-kraak-1988975.html
Butenstreek,in Warten,90 m,Totaal 4 kamers (3 slaapkamers) ,â‚¬ 1450,p/m | excl. g/w/e,Gemeubileerd,01-11-2021 tot 01-04-2022,2 weken geleden geplaatst,https://kamernet.nl/huren/appartement-warten/butenstreek/appartement-1989034,"{'Woonkamer': ' Eigen ', 'Keuken': ' Eigen ', 'Badkamer': ' Eigen ', 'Toilet': ' Eigen ', 'Internet': ' Onbekend ', 'Energielabel': ' Onbekend ', 'Huisdieren': ' In overleg '}",appartement-1989034.html
Genovevalaan,in Eindhoven,34 m,Totaal 1 kamer (1 slaapkamer) ,â‚¬ 875,p/m | excl. g/w/e,Gestoffeerd,01-10-2021,2 weken geleden geplaatst,https://kamernet.nl/huren/studio-eindhoven/genovevalaan/studio-1988362,"{'Woonkamer': ' Eigen ', 'Keuken': ' Eigen ', 'Badkamer': ' Eigen ', 'Toilet': ' Eigen ', 'Internet': ' Ja ', 'Energielabel': ' Onbekend ', 'Huisdieren': ' In overleg '}",studio-1988362.html
Luzacstraat,in Rotterdam,11 m,Totale oppervlakte: 43 m 2,â‚¬ 600,p/m | excl. g/w/e,Gestoffeerd,18-10-2021,2 weken geleden geplaatst,https://kamernet.nl/huren/kamer-rotterdam/luzacstraat/kamer-1989043,"{'Woonkamer': ' Gedeeld ', 'Keuken': ' Gedeeld ', 'Badkamer': ' Gedeeld ', 'Toilet': ' Gedeeld ', 'Internet': ' Onbekend ', 'Energielabel': ' B ', 'Huisgenoten': '  Onbekend  ', 'Geslacht': ' Onbekend ', 'Huisdieren': ' In overleg '}",kamer-1989043.html
Koninginneweg,in Haarlem,15 m,Totale oppervlakte: 60 m 2,â‚¬ 1100,p/m | excl. g/w/e,Gestoffeerd,01-10-2021 tot 01-04-2022,2 weken geleden geplaatst,https://kamernet.nl/huren/kamer-haarlem/koninginneweg/kamer-1988395,"{'Woonkamer': ' Eigen ', 'Keuken': ' Gedeeld ', 'Badkamer': ' Eigen ', 'Toilet': ' Eigen ', 'Internet': ' Onbekend ', 'Energielabel': ' Onbekend ', 'Huisgenoten': '  2 ', 'Geslacht': ' Vrouw ', 'Huisdieren': ' In overleg '}",kamer-1988395.html
Achter 't Hofje,in Enschede,12 m,,â‚¬ 380,p/m | incl. g/w/e,Kaal,01-11-2021,2 weken geleden geplaatst,https://kamernet.nl/huren/kamer-enschede/achter-'t-hofje/kamer-1988351,"{'Woonkamer': ' Gedeeld ', 'Keuken': ' Gedeeld ', 'Badkamer': ' Gedeeld ', 'Toilet': ' Gedeeld ', 'Internet': ' Onbekend ', 'Energielabel': ' Onbekend ', 'Huisgenoten': '  3 ', 'Geslacht': ' Vrouw ', 'Huisdieren': ' Nee '}",kamer-1988351.html
Prof. Evertslaan,in Delft,13 m,,â‚¬ 310,p/m | incl. g/w/e,Kaal,06-10-2021,2 weken geleden geplaatst,https://kamernet.nl/huren/kamer-delft/prof.-evertslaan/kamer-1989053,"{'Woonkamer': ' Gedeeld ', 'Keuken': ' Gedeeld ', 'Badkamer': ' Gedeeld ', 'Toilet': ' Gedeeld ', 'Internet': ' Ja ', 'Energielabel': ' Onbekend ', 'Huisgenoten': '  Meer dan 8 ', 'Geslacht': ' Gemengd ', 'Huisdieren': ' In overleg '}",kamer-1989053.html
Jacoba van Beierenlaan,in Delft,12 m,,â‚¬ 360,p/m | incl. g/w/e,Gestoffeerd,26-09-2021,2 weken geleden geplaatst,https://kamernet.nl/huren/kamer-delft/jacoba-van-beierenlaan/kamer-1989085,"{'Woonkamer': ' Gedeeld ', 'Keuken': ' Gedeeld ', 'Badkamer': ' Gedeeld ', 'Toilet': ' Gedeeld ', 'Internet': ' Ja ', 'Energielabel': ' Onbekend ', 'Huisgenoten': '  Meer dan 8 ', 'Geslacht': ' Gemengd ', 'Huisdieren': ' In overleg '}",kamer-1989085.html
Nieuwe Ebbingestraat,in Groningen,18 m,,â‚¬ 425,p/m | incl. g/w/e,Kaal,01-10-2021,2 weken geleden geplaatst,https://kamernet.nl/huren/kamer-groningen/nieuwe-ebbingestraat/kamer-1989074,"{'Woonkamer': ' Geen ', 'Keuken': ' Eigen ', 'Badkamer': ' Gedeeld ', 'Toilet': ' Gedeeld ', 'Internet': ' Ja ', 'Energielabel': ' Onbekend ', 'Huisgenoten': '  4  ', 'Geslacht': ' Gemengd ', 'Huisdieren': ' In overleg '}",kamer-1989074.html
Piet Heinstraat,in Delft,11 m,,â‚¬ 310,p/m | incl. g/w/e,Kaal,01-10-2021,2 weken geleden geplaatst,https://kamernet.nl/huren/kamer-delft/piet-heinstraat/kamer-1989091,"{'Woonkamer': ' Gedeeld ', 'Keuken': ' Gedeeld ', 'Badkamer': ' Gedeeld ', 'Toilet': ' Gedeeld ', 'Internet': ' Ja ', 'Energielabel': ' Onbekend ', 'Huisgenoten': '  4  ', 'Geslacht': ' Gemengd ', 'Huisdieren': ' Nee '}",kamer-1989091.html
Schoolholm,in Groningen,15 m,,â‚¬ 310,p/m | incl. g/w/e,Gestoffeerd,01-10-2021,2 weken geleden geplaatst,https://kamernet.nl/huren/kamer-groningen/schoolholm/kamer-1988366,"{'Woonkamer': ' Geen ', 'Keuken': ' Gedeeld ', 'Badkamer': ' Gedeeld ', 'Toilet': ' Gedeeld ', 'Internet': ' Ja ', 'Energielabel': ' Onbekend ', 'Huisgenoten': '  3 ', 'Geslacht': ' Man ', 'Huisdieren': ' Nee '}",kamer-1988366.html
Wagnerlaan,in Nieuw-Vennep,16 m,Totale oppervlakte: 53 m 2,â‚¬ 500,p/m | incl. g/w/e,Gemeubileerd,11-10-2021 tot 31-12-2022,2 weken geleden geplaatst,https://kamernet.nl/huren/kamer-nieuw-vennep/wagnerlaan/kamer-1989064,"{'Woonkamer': ' Gedeeld ', 'Keuken': ' Gedeeld ', 'Badkamer': ' Gedeeld ', 'Toilet': ' Gedeeld ', 'Internet': ' Ja ', 'Energielabel': ' A ', 'Huisgenoten': '  1 ', 'Geslacht': ' Vrouw ', 'Huisdieren': ' Nee '}",kamer-1989064.html
Vlietwaard,in Alkmaar,8 m,,â‚¬ 278,p/m | incl. g/w/e,Gestoffeerd,01-11-2021,2 weken geleden geplaatst,https://kamernet.nl/huren/kamer-alkmaar/vlietwaard/kamer-1988270,"{'Woonkamer': ' Gedeeld ', 'Keuken': ' Gedeeld ', 'Badkamer': ' Gedeeld ', 'Toilet': ' Gedeeld ', 'Internet': ' Ja ', 'Energielabel': ' Onbekend ', 'Huisgenoten': '  4  ', 'Geslacht': ' Gemengd ', 'Huisdieren': ' Nee '}",kamer-1988270.html
Bosweg,in Anloo,45 m,,â‚¬ 750,p/m | excl. g/w/e,Gemeubileerd,01-10-2021 tot 28-02-2022,2 weken geleden geplaatst,https://kamernet.nl/huren/appartement-anloo/bosweg/appartement-1989093,"{'Woonkamer': ' Eigen ', 'Keuken': ' Eigen ', 'Badkamer': ' Eigen ', 'Toilet': ' Eigen ', 'Internet': ' Ja ', 'Energielabel': ' B ', 'Huisdieren': ' Nee '}",appartement-1989093.html
Albion,in Haarlem,15 m,Totale oppervlakte: 45 m 2,â‚¬ 700,p/m | excl. g/w/e,Gestoffeerd,27-09-2021,2 weken geleden geplaatst,https://kamernet.nl/huren/kamer-haarlem/albion/kamer-1989130,"{'Woonkamer': ' Gedeeld ', 'Keuken': ' Gedeeld ', 'Badkamer': ' Gedeeld ', 'Toilet': ' Gedeeld ', 'Internet': ' Ja ', 'Energielabel': ' Onbekend ', 'Huisgenoten': '  2 ', 'Geslacht': ' Gemengd ', 'Huisdieren': ' Nee '}",kamer-1989130.html
Verwersstraat,in Den Bosch,95 m,Totaal 3 kamers (2 slaapkamers) ,â‚¬ 1425,p/m | excl. g/w/e,Gestoffeerd,01-10-2021,2 weken geleden geplaatst,https://kamernet.nl/huren/appartement-den-bosch/verwersstraat/appartement-1989095,"{'Woonkamer': ' Eigen ', 'Keuken': ' Eigen ', 'Badkamer': ' Eigen ', 'Toilet': ' Eigen ', 'Internet': ' Nee ', 'Energielabel': ' Onbekend ', 'Huisdieren': ' Nee '}",appartement-1989095.html
Derde Schinkelstraat,in Amsterdam,22 m,Totale oppervlakte: 52 m 2,â‚¬ 880,p/m | incl. g/w/e,Gemeubileerd,01-10-2021,2 weken geleden geplaatst,https://kamernet.nl/huren/kamer-amsterdam/derde-schinkelstraat/kamer-1989145,"{'Woonkamer': ' Geen ', 'Keuken': ' Gedeeld ', 'Badkamer': ' Gedeeld ', 'Toilet': ' Gedeeld ', 'Internet': ' Ja ', 'Energielabel': ' Onbekend ', 'Huisgenoten': '  1 ', 'Geslacht': ' Vrouw ', 'Huisdieren': ' Nee '}",kamer-1989145.html
Oosterweg,in Leimuiden,25 m,Totale oppervlakte: 80 m 2,â‚¬ 900,p/m | excl. g/w/e,Gemeubileerd,17-09-2021,2 weken geleden geplaatst,https://kamernet.nl/huren/kamer-leimuiden/oosterweg/kamer-1988937,"{'Woonkamer': ' Geen ', 'Keuken': ' Onbekend ', 'Badkamer': ' Gedeeld ', 'Toilet': ' Gedeeld ', 'Internet': ' Ja ', 'Energielabel': ' Onbekend ', 'Huisgenoten': '  Onbekend  ', 'Geslacht': ' Onbekend ', 'Huisdieren': ' Nee '}",kamer-1988937.html
Laan van Nieuw-Oost-Indie,in Den Haag,87 m,Totaal 3 kamers (2 slaapkamers) ,â‚¬ 1750,p/m | excl. g/w/e,Gemeubileerd,01-11-2021,2 weken geleden geplaatst,https://kamernet.nl/huren/appartement-den-haag/laan-van-nieuw-oost-indie/appartement-1989079,"{'Woonkamer': ' Eigen ', 'Keuken': ' Eigen ', 'Badkamer': ' Eigen ', 'Toilet': ' Eigen ', 'Internet': ' Nee ', 'Energielabel': ' A ', 'Huisdieren': ' Nee '}",appartement-1989079.html
Juliana van Stolberglaan,in Hillegom,55 m,,â‚¬ 475,p/m | excl. g/w/e,Kaal,18-09-2021,2 weken geleden geplaatst,https://kamernet.nl/huren/kamer-hillegom/juliana-van-stolberglaan/kamer-1989114,"{'Woonkamer': ' Onbekend ', 'Keuken': ' Onbekend ', 'Badkamer': ' Onbekend ', 'Toilet': ' Onbekend ', 'Internet': ' Onbekend ', 'Energielabel': ' Onbekend ', 'Huisgenoten': '  Onbekend  ', 'Geslacht': ' Onbekend ', 'Huisdieren': ' In overleg '}",kamer-1989114.html
Zuiderspoor,in Houten,12 m,,â‚¬ 700,p/m | incl. g/w/e,Kaal,04-08-2021,1 week geleden geplaatst,https://kamernet.nl/huren/kamer-houten/zuiderspoor/kamer-1989368,"{'Woonkamer': ' Gedeeld ', 'Keuken': ' Gedeeld ', 'Badkamer': ' Gedeeld ', 'Toilet': ' Gedeeld ', 'Internet': ' Ja ', 'Energielabel': ' Onbekend ', 'Huisgenoten': '  1 ', 'Geslacht': ' Man ', 'Huisdieren': ' In overleg '}",kamer-1989368.html
Oosterweg,in Leimuiden,25 m,Totale oppervlakte: 80 m 2,â‚¬ 900,p/m | excl. g/w/e,Gemeubileerd,03-10-2021,2 weken geleden geplaatst,https://kamernet.nl/huren/kamer-leimuiden/oosterweg/kamer-1988936,"{'Woonkamer': ' Geen ', 'Keuken': ' Onbekend ', 'Badkamer': ' Gedeeld ', 'Toilet': ' Gedeeld ', 'Internet': ' Ja ', 'Energielabel': ' Onbekend ', 'Huisgenoten': '  Onbekend  ', 'Geslacht': ' Onbekend ', 'Huisdieren': ' Nee '}",kamer-1988936.html
Nicolaistraat,in Den Haag,19 m,Totale oppervlakte: 70 m 2,â‚¬ 600,p/m | excl. g/w/e,Gestoffeerd,01-10-2021,1 week geleden geplaatst,https://kamernet.nl/huren/kamer-den-haag/nicolaistraat/kamer-1989420,"{'Woonkamer': ' Gedeeld ', 'Keuken': ' Gedeeld ', 'Badkamer': ' Gedeeld ', 'Toilet': ' Gedeeld ', 'Internet': ' Ja ', 'Energielabel': ' Onbekend ', 'Huisgenoten': '  2 ', 'Geslacht': ' Vrouw ', 'Huisdieren': ' Nee '}",kamer-1989420.html
Oldenzaalsestraat,in Enschede,13 m,,â‚¬ 275,p/m | incl. g/w/e,Kaal,01-11-2021,1 week geleden geplaatst,https://kamernet.nl/huren/kamer-enschede/oldenzaalsestraat/kamer-1989369,"{'Woonkamer': ' Gedeeld ', 'Keuken': ' Gedeeld ', 'Badkamer': ' Gedeeld ', 'Toilet': ' Gedeeld ', 'Internet': ' Ja ', 'Energielabel': ' Onbekend ', 'Huisgenoten': '  Meer dan 8 ', 'Geslacht': ' Gemengd ', 'Huisdieren': ' Nee '}",kamer-1989369.html
Abraham Strickstraat,in Enschede,15 m,,â‚¬ 320,p/m | incl. g/w/e,Gestoffeerd,30-09-2021,2 weken geleden geplaatst,https://kamernet.nl/huren/kamer-enschede/abraham-strickstraat/kamer-1988313,"{'Woonkamer': ' Gedeeld ', 'Keuken': ' Gedeeld ', 'Badkamer': ' Gedeeld ', 'Toilet': ' Gedeeld ', 'Internet': ' Ja ', 'Energielabel': ' A ', 'Huisgenoten': '  4  ', 'Geslacht': ' Gemengd ', 'Huisdieren': ' Nee '}",kamer-1988313.html
Hoofdvaart,in Dedemsvaart,20 m,Totale oppervlakte: 25 m 2,â‚¬ 350,p/m | incl. g/w/e,Gemeubileerd,01-10-2021 tot 30-04-2022,1 week geleden geplaatst,https://kamernet.nl/huren/kamer-dedemsvaart/hoofdvaart/kamer-1989375,"{'Woonkamer': ' Eigen ', 'Keuken': ' Geen ', 'Badkamer': ' Eigen ', 'Toilet': ' Eigen ', 'Internet': ' Ja ', 'Energielabel': ' Onbekend ', 'Huisgenoten': '  4  ', 'Geslacht': ' Gemengd ', 'Huisdieren': ' Nee '}",kamer-1989375.html
Anna Paulownastraat,in Den Haag,92 m,Totaal 3 kamers (2 slaapkamers) ,â‚¬ 3050,p/m | excl. g/w/e,Gemeubileerd,19-09-2021,1 week geleden geplaatst,https://kamernet.nl/huren/appartement-den-haag/anna-paulownastraat/appartement-1989358,"{'Woonkamer': ' Eigen ', 'Keuken': ' Eigen ', 'Badkamer': ' Eigen ', 'Toilet': ' Eigen ', 'Internet': ' Ja ', 'Energielabel': ' B ', 'Huisdieren': ' Nee '}",appartement-1989358.html
Zandhofsestraat,in Utrecht,93 m,Totaal 3 kamers (3 slaapkamers) ,â‚¬ 1600,p/m | incl. g/w/e,Gemeubileerd,18-10-2021 tot 10-12-2021,1 week geleden geplaatst,https://kamernet.nl/huren/anti-kraak-utrecht/zandhofsestraat/anti-kraak-1989374,"{'Woonkamer': ' Eigen ', 'Keuken': ' Eigen ', 'Badkamer': ' Eigen ', 'Toilet': ' Eigen ', 'Internet': ' Ja ', 'Energielabel': ' C ', 'Huisdieren': ' Nee '}",anti-kraak-1989374.html
D. Doniastraat,in Zaandam,9 m,Totale oppervlakte: 75 m 2,â‚¬ 500,p/m | excl. g/w/e,Gemeubileerd,30-09-2021 tot 28-02-2022,1 week geleden geplaatst,https://kamernet.nl/huren/kamer-zaandam/d.-doniastraat/kamer-1989407,"{'Woonkamer': ' Gedeeld ', 'Keuken': ' Gedeeld ', 'Badkamer': ' Gedeeld ', 'Toilet': ' Gedeeld ', 'Internet': ' Ja ', 'Energielabel': ' Onbekend ', 'Huisgenoten': '  2 ', 'Geslacht': ' Gemengd ', 'Huisdieren': ' Nee '}",kamer-1989407.html
Waagdragerhof,in Amsterdam,12 m,Totale oppervlakte: 122 m 2,â‚¬ 990,p/m | incl. g/w/e,Gemeubileerd,27-10-2021 tot 27-12-2021,1 week geleden geplaatst,https://kamernet.nl/huren/kamer-amsterdam/waagdragerhof/kamer-1989219,"{'Woonkamer': ' Gedeeld ', 'Keuken': ' Gedeeld ', 'Badkamer': ' Gedeeld ', 'Toilet': ' Gedeeld ', 'Internet': ' Ja ', 'Energielabel': ' Onbekend ', 'Huisgenoten': '  2 ', 'Geslacht': ' Gemengd ', 'Huisdieren': ' Nee '}",kamer-1989219.html
Kromme-Mijdrechtstraat,in Amsterdam,10 m,Totale oppervlakte: 10 m 2,â‚¬ 500,p/m | excl. g/w/e,Gemeubileerd,30-09-2021 tot 28-09-2022,1 week geleden geplaatst,https://kamernet.nl/huren/kamer-amsterdam/kromme-mijdrechtstraat/kamer-1755093,"{'Woonkamer': ' Geen ', 'Keuken': ' Gedeeld ', 'Badkamer': ' Gedeeld ', 'Toilet': ' Gedeeld ', 'Internet': ' Onbekend ', 'Energielabel': ' Onbekend ', 'Huisgenoten': '  1 ', 'Geslacht': ' Man ', 'Huisdieren': ' Nee '}",kamer-1755093.html
Nova Zemblastraat,in Amsterdam,25 m,Totale oppervlakte: 75 m 2,â‚¬ 750,p/m | incl. g/w/e,Gestoffeerd,20-09-2021,1 week geleden geplaatst,https://kamernet.nl/huren/kamer-amsterdam/nova-zemblastraat/kamer-1982132,"{'Woonkamer': ' Gedeeld ', 'Keuken': ' Gedeeld ', 'Badkamer': ' Gedeeld ', 'Toilet': ' Gedeeld ', 'Internet': ' Ja ', 'Energielabel': ' Onbekend ', 'Huisgenoten': '  1 ', 'Geslacht': ' Gemengd ', 'Huisdieren': ' Nee '}",kamer-1982132.html
Vrijenbanselaan,in Delft,23 m,,â‚¬ 500,p/m | incl. g/w/e,Gemeubileerd,01-11-2021 tot 01-05-2022,1 week geleden geplaatst,https://kamernet.nl/huren/kamer-delft/vrijenbanselaan/kamer-1989469,"{'Woonkamer': ' Geen ', 'Keuken': ' Gedeeld ', 'Badkamer': ' Gedeeld ', 'Toilet': ' Gedeeld ', 'Internet': ' Ja ', 'Energielabel': ' Onbekend ', 'Huisgenoten': '  4  ', 'Geslacht': ' Man ', 'Huisdieren': ' Nee '}",kamer-1989469.html
Strekkerweg,in Amsterdam,74 m,,â‚¬ 1575,p/m | excl. g/w/e,Gestoffeerd,16-10-2021,2 weken geleden geplaatst,https://kamernet.nl/huren/kamer-amsterdam/strekkerweg/kamer-1989111,"{'Woonkamer': ' Onbekend ', 'Keuken': ' Onbekend ', 'Badkamer': ' Onbekend ', 'Toilet': ' Onbekend ', 'Internet': ' Onbekend ', 'Energielabel': ' Onbekend ', 'Huisgenoten': '  Onbekend  ', 'Geslacht': ' Onbekend ', 'Huisdieren': ' In overleg '}",kamer-1989111.html
Ben Viljoenstraat,in Haarlem,38 m,Totaal 1 kamer (1 slaapkamer) ,â‚¬ 900,p/m | incl. g/w/e,Gestoffeerd,01-10-2021,1 week geleden geplaatst,https://kamernet.nl/huren/studio-haarlem/ben-viljoenstraat/studio-1989464,"{'Woonkamer': ' Eigen ', 'Keuken': ' Eigen ', 'Badkamer': ' Eigen ', 'Toilet': ' Eigen ', 'Internet': ' Ja ', 'Energielabel': ' Onbekend ', 'Huisdieren': ' Nee '}",studio-1989464.html
Lipperkerkstraat,in Enschede,16 m,,â‚¬ 375,p/m | incl. g/w/e,Kaal,01-11-2021,1 week geleden geplaatst,https://kamernet.nl/huren/kamer-enschede/lipperkerkstraat/kamer-1989393,"{'Woonkamer': ' Gedeeld ', 'Keuken': ' Gedeeld ', 'Badkamer': ' Gedeeld ', 'Toilet': ' Gedeeld ', 'Internet': ' Ja ', 'Energielabel': ' Onbekend ', 'Huisgenoten': '  Meer dan 8 ', 'Geslacht': ' Gemengd ', 'Huisdieren': ' Nee '}",kamer-1989393.html
Anna Paulownastraat,in Den Haag,89 m,Totaal 3 kamers (2 slaapkamers) ,â‚¬ 3050,p/m | excl. g/w/e,Gemeubileerd,19-09-2021,1 week geleden geplaatst,https://kamernet.nl/huren/appartement-den-haag/anna-paulownastraat/appartement-1989342,"{'Woonkamer': ' Eigen ', 'Keuken': ' Eigen ', 'Badkamer': ' Eigen ', 'Toilet': ' Eigen ', 'Internet': ' Ja ', 'Energielabel': ' B ', 'Huisdieren': ' Nee '}",appartement-1989342.html
Zuidhoek,in Rotterdam,102 m,Totaal 3 kamers,â‚¬ 1195,p/m | excl. g/w/e,Gestoffeerd,16-09-2021,2 weken geleden geplaatst,https://kamernet.nl/huren/appartement-rotterdam/zuidhoek/appartement-1988569,"{'Woonkamer': ' Onbekend ', 'Keuken': ' Onbekend ', 'Badkamer': ' Onbekend ', 'Toilet': ' Onbekend ', 'Internet': ' Onbekend ', 'Energielabel': ' Onbekend ', 'Huisdieren': ' In overleg '}",appartement-1988569.html
Snelleveldstraat,in Amsterdam,28 m,Totale oppervlakte: 70 m 2,â‚¬ 600,p/m | incl. g/w/e,Gestoffeerd,01-10-2021,2 weken geleden geplaatst,https://kamernet.nl/huren/kamer-amsterdam/snelleveldstraat/kamer-1988562,"{'Woonkamer': ' Geen ', 'Keuken': ' Gedeeld ', 'Badkamer': ' Gedeeld ', 'Toilet': ' Gedeeld ', 'Internet': ' Ja ', 'Energielabel': ' Onbekend ', 'Huisgenoten': '  1 ', 'Geslacht': ' Vrouw ', 'Huisdieren': ' Nee '}",kamer-1988562.html
Zairestraat,in Delft,16 m,,â‚¬ 330,p/m | excl. g/w/e,Gestoffeerd,01-10-2021 tot 19-01-2022,2 weken geleden geplaatst,https://kamernet.nl/huren/kamer-delft/zairestraat/kamer-1988582,"{'Woonkamer': ' Gedeeld ', 'Keuken': ' Gedeeld ', 'Badkamer': ' Gedeeld ', 'Toilet': ' Gedeeld ', 'Internet': ' Ja ', 'Energielabel': ' Onbekend ', 'Huisgenoten': '  6 ', 'Geslacht': ' Gemengd ', 'Huisdieren': ' In overleg '}",kamer-1988582.html
's-Gravendijkdreef,in Amsterdam,83 m,Totaal 3 kamers,â‚¬ 1600,p/m | excl. g/w/e,Gemeubileerd,22-09-2021,2 weken geleden geplaatst,https://kamernet.nl/huren/appartement-amsterdam/'s-gravendijkdreef/appartement-1988574,"{'Woonkamer': ' Onbekend ', 'Keuken': ' Onbekend ', 'Badkamer': ' Onbekend ', 'Toilet': ' Onbekend ', 'Internet': ' Onbekend ', 'Energielabel': ' Onbekend ', 'Huisdieren': ' In overleg '}",appartement-1988574.html
Engelsestraat,in Rotterdam,25 m,,â‚¬ 850,p/m | incl. g/w/e,Gestoffeerd,01-11-2021,2 weken geleden geplaatst,https://kamernet.nl/huren/studio-rotterdam/engelsestraat/studio-1988637,"{'Woonkamer': ' Geen ', 'Keuken': ' Gedeeld ', 'Badkamer': ' Eigen ', 'Toilet': ' Eigen ', 'Internet': ' Ja ', 'Energielabel': ' Onbekend ', 'Huisdieren': ' Nee '}",studio-1988637.html
Langestraat,in Den Helder,22 m,,â‚¬ 575,p/m | incl. g/w/e,Gemeubileerd,03-10-2021,2 weken geleden geplaatst,https://kamernet.nl/huren/kamer-den-helder/langestraat/kamer-1988609,"{'Woonkamer': ' Geen ', 'Keuken': ' Gedeeld ', 'Badkamer': ' Gedeeld ', 'Toilet': ' Gedeeld ', 'Internet': ' Onbekend ', 'Energielabel': ' Onbekend ', 'Huisgenoten': '  3 ', 'Geslacht': ' Gemengd ', 'Huisdieren': ' Nee '}",kamer-1988609.html
Javastraat,in Enschede,21 m,,â‚¬ 235,p/m | excl. g/w/e,Kaal,19-09-2021,1 week geleden geplaatst,https://kamernet.nl/huren/kamer-enschede/javastraat/kamer-1989359,"{'Woonkamer': ' Geen ', 'Keuken': ' Gedeeld ', 'Badkamer': ' Gedeeld ', 'Toilet': ' Gedeeld ', 'Internet': ' Nee ', 'Energielabel': ' Onbekend ', 'Huisgenoten': '  3 ', 'Geslacht': ' Man ', 'Huisdieren': ' Nee '}",kamer-1989359.html
Van Tuyll van Serooskerkenweg,in Amsterdam,15 m,,â‚¬ 850,p/m | incl. g/w/e,Gemeubileerd,01-10-2021,2 weken geleden geplaatst,https://kamernet.nl/huren/kamer-amsterdam/van-tuyll-van-serooskerkenweg/kamer-1988688,"{'Woonkamer': ' Gedeeld ', 'Keuken': ' Gedeeld ', 'Badkamer': ' Gedeeld ', 'Toilet': ' Gedeeld ', 'Internet': ' Ja ', 'Energielabel': ' Onbekend ', 'Huisgenoten': '  1 ', 'Geslacht': ' Vrouw ', 'Huisdieren': ' Nee '}",kamer-1988688.html
Hengelolaan,in Den Haag,26 m,Totale oppervlakte: 60 m 2,â‚¬ 440,p/m | excl. g/w/e,Gestoffeerd,31-10-2021,2 weken geleden geplaatst,https://kamernet.nl/huren/kamer-den-haag/hengelolaan/kamer-1988418,"{'Woonkamer': ' Gedeeld ', 'Keuken': ' Gedeeld ', 'Badkamer': ' Gedeeld ', 'Toilet': ' Gedeeld ', 'Internet': ' Ja ', 'Energielabel': ' Onbekend ', 'Huisgenoten': '  Onbekend  ', 'Geslacht': ' Onbekend ', 'Huisdieren': ' Nee '}",kamer-1988418.html
Hof van Hagevoort,in Wijchen,70 m,Totaal 4 kamers (3 slaapkamers) ,â‚¬ 1395,p/m | excl. g/w/e,Gestoffeerd,01-10-2021,2 weken geleden geplaatst,https://kamernet.nl/huren/appartement-wijchen/hof-van-hagevoort/appartement-1989044,"{'Woonkamer': ' Eigen ', 'Keuken': ' Eigen ', 'Badkamer': ' Eigen ', 'Toilet': ' Eigen ', 'Internet': ' Nee ', 'Energielabel': ' Onbekend ', 'Huisdieren': ' Nee '}",appartement-1989044.html
Dirk Huizingastraat,in Groningen,7 m,Totale oppervlakte: 70 m 2,â‚¬ 580,p/m | incl. g/w/e,Gemeubileerd,01-12-2021 tot 01-06-2022,2 weken geleden geplaatst,https://kamernet.nl/huren/kamer-groningen/dirk-huizingastraat/kamer-1988867,"{'Woonkamer': ' Gedeeld ', 'Keuken': ' Onbekend ', 'Badkamer': ' Gedeeld ', 'Toilet': ' Gedeeld ', 'Internet': ' Ja ', 'Energielabel': ' Onbekend ', 'Huisgenoten': '  1 ', 'Geslacht': ' Vrouw ', 'Huisdieren': ' Nee '}",kamer-1988867.html
Hanenberglanden,in Enschede,122 m,Totaal 4 kamers,â‚¬ 1300,p/m | excl. g/w/e,Gestoffeerd,16-09-2021,2 weken geleden geplaatst,https://kamernet.nl/huren/appartement-enschede/hanenberglanden/appartement-1988573,"{'Woonkamer': ' Onbekend ', 'Keuken': ' Onbekend ', 'Badkamer': ' Onbekend ', 'Toilet': ' Onbekend ', 'Internet': ' Onbekend ', 'Energielabel': ' Onbekend ', 'Huisdieren': ' Nee '}",appartement-1988573.html
Markt,in Reusel,20 m,,â‚¬ 250,p/m | incl. g/w/e,Kaal,20-09-2021,1 week geleden geplaatst,https://kamernet.nl/huren/kamer-reusel/markt/kamer-1989437,"{'Woonkamer': ' Gedeeld ', 'Keuken': ' Gedeeld ', 'Badkamer': ' Gedeeld ', 'Toilet': ' Gedeeld ', 'Internet': ' Onbekend ', 'Energielabel': ' Onbekend ', 'Huisgenoten': '  4  ', 'Geslacht': ' Gemengd ', 'Huisdieren': ' Nee '}",kamer-1989437.html
Reigerskamp,in Maarssen,60 m,,â‚¬ 950,p/m | incl. g/w/e,Gestoffeerd,15-10-2021,2 weken geleden geplaatst,https://kamernet.nl/huren/kamer-maarssen/reigerskamp/kamer-1988858,"{'Woonkamer': ' Eigen ', 'Keuken': ' Eigen ', 'Badkamer': ' Eigen ', 'Toilet': ' Eigen ', 'Internet': ' Ja ', 'Energielabel': ' Onbekend ', 'Huisgenoten': '  1 ', 'Geslacht': ' Vrouw ', 'Huisdieren': ' Nee '}",kamer-1988858.html
Poppesteeg,in Delft,12 m,,â‚¬ 470,p/m | incl. g/w/e,Gemeubileerd,03-11-2021 tot 31-01-2022,1 week geleden geplaatst,https://kamernet.nl/huren/kamer-delft/poppesteeg/kamer-1989439,"{'Woonkamer': ' Gedeeld ', 'Keuken': ' Gedeeld ', 'Badkamer': ' Gedeeld ', 'Toilet': ' Gedeeld ', 'Internet': ' Ja ', 'Energielabel': ' Onbekend ', 'Huisgenoten': '  6 ', 'Geslacht': ' Gemengd ', 'Huisdieren': ' Nee '}",kamer-1989439.html
Lopendediep,in Groningen,28 m,,â‚¬ 497,p/m | incl. g/w/e,Kaal,01-11-2021,1 week geleden geplaatst,https://kamernet.nl/huren/kamer-groningen/lopendediep/kamer-1989685,"{'Woonkamer': ' Eigen ', 'Keuken': ' Eigen ', 'Badkamer': ' Gedeeld ', 'Toilet': ' Gedeeld ', 'Internet': ' Ja ', 'Energielabel': ' Onbekend ', 'Huisgenoten': '  6 ', 'Geslacht': ' Gemengd ', 'Huisdieren': ' Nee '}",kamer-1989685.html
Stadsgravenstraat,in Enschede,65 m,,â‚¬ 525,p/m | incl. g/w/e,Kaal,01-11-2021,2 weken geleden geplaatst,https://kamernet.nl/huren/kamer-enschede/stadsgravenstraat/kamer-1988829,"{'Woonkamer': ' Gedeeld ', 'Keuken': ' Gedeeld ', 'Badkamer': ' Gedeeld ', 'Toilet': ' Gedeeld ', 'Internet': ' Ja ', 'Energielabel': ' Onbekend ', 'Huisgenoten': '  4  ', 'Geslacht': ' Gemengd ', 'Huisdieren': ' Nee '}",kamer-1988829.html
Geldropseweg,in Eindhoven,70 m,Totaal 2 kamers (1 slaapkamer) ,â‚¬ 1150,p/m | excl. g/w/e,Gestoffeerd,17-09-2021,2 weken geleden geplaatst,https://kamernet.nl/huren/appartement-eindhoven/geldropseweg/appartement-1988960,"{'Woonkamer': ' Eigen ', 'Keuken': ' Eigen ', 'Badkamer': ' Eigen ', 'Toilet': ' Eigen ', 'Internet': ' Nee ', 'Energielabel': ' Onbekend ', 'Huisdieren': ' Nee '}",appartement-1988960.html
Simonsstraat,in Delft,15 m,,â‚¬ 310,p/m | incl. g/w/e,Gemeubileerd,21-09-2021,1 week geleden geplaatst,https://kamernet.nl/huren/kamer-delft/simonsstraat/kamer-1989715,"{'Woonkamer': ' Gedeeld ', 'Keuken': ' Gedeeld ', 'Badkamer': ' Gedeeld ', 'Toilet': ' Gedeeld ', 'Internet': ' Nee ', 'Energielabel': ' Onbekend ', 'Huisgenoten': '  4  ', 'Geslacht': ' Gemengd ', 'Huisdieren': ' Ja '}",kamer-1989715.html
Brugstraat,in Arnhem,19 m,Totaal 2 kamers,â‚¬ 585,p/m | incl. g/w/e,Gestoffeerd,21-09-2021,1 week geleden geplaatst,https://kamernet.nl/huren/studio-arnhem/brugstraat/studio-1989666,"{'Woonkamer': ' Onbekend ', 'Keuken': ' Onbekend ', 'Badkamer': ' Onbekend ', 'Toilet': ' Onbekend ', 'Internet': ' Onbekend ', 'Energielabel': ' Onbekend ', 'Huisdieren': ' In overleg '}",studio-1989666.html
Mariadistelkade,in Amsterdam,80 m,,â‚¬ 2000,p/m | excl. g/w/e,Gemeubileerd,01-10-2021,2 weken geleden geplaatst,https://kamernet.nl/huren/appartement-amsterdam/mariadistelkade/appartement-1988848,"{'Woonkamer': ' Onbekend ', 'Keuken': ' Onbekend ', 'Badkamer': ' Onbekend ', 'Toilet': ' Onbekend ', 'Internet': ' Onbekend ', 'Energielabel': ' Onbekend ', 'Huisdieren': ' Nee '}",appartement-1988848.html
Breitnerstraat,in Almere,15 m,,â‚¬ 600,p/m | incl. g/w/e,Gemeubileerd,21-09-2021 tot 07-10-2022,1 week geleden geplaatst,https://kamernet.nl/huren/kamer-almere/breitnerstraat/kamer-1989694,"{'Woonkamer': ' Gedeeld ', 'Keuken': ' Gedeeld ', 'Badkamer': ' Gedeeld ', 'Toilet': ' Gedeeld ', 'Internet': ' Ja ', 'Energielabel': ' A ', 'Huisgenoten': '  2 ', 'Geslacht': ' Gemengd ', 'Huisdieren': ' Ja '}",kamer-1989694.html
Kalfjeslaan,in Delft,15 m,,â‚¬ 360,p/m | incl. g/w/e,Kaal,10-10-2021,1 week geleden geplaatst,https://kamernet.nl/huren/kamer-delft/kalfjeslaan/kamer-1989709,"{'Woonkamer': ' Gedeeld ', 'Keuken': ' Gedeeld ', 'Badkamer': ' Gedeeld ', 'Toilet': ' Gedeeld ', 'Internet': ' Ja ', 'Energielabel': ' Onbekend ', 'Huisgenoten': '  4  ', 'Geslacht': ' Man ', 'Huisdieren': ' Nee '}",kamer-1989709.html
Oosterweg,in Leimuiden,25 m,Totale oppervlakte: 80 m 2,â‚¬ 900,p/m | excl. g/w/e,Gemeubileerd,03-10-2021,2 weken geleden geplaatst,https://kamernet.nl/huren/kamer-leimuiden/oosterweg/kamer-1988931,"{'Woonkamer': ' Geen ', 'Keuken': ' Geen ', 'Badkamer': ' Gedeeld ', 'Toilet': ' Gedeeld ', 'Internet': ' Ja ', 'Energielabel': ' Onbekend ', 'Huisgenoten': '  Onbekend  ', 'Geslacht': ' Onbekend ', 'Huisdieren': ' Nee '}",kamer-1988931.html
Colensostraat,in Haarlem,60 m,,â‚¬ 1300,p/m | excl. g/w/e,Kaal,01-10-2021 tot 02-10-2022,1 week geleden geplaatst,https://kamernet.nl/huren/appartement-haarlem/colensostraat/appartement-1989676,"{'Woonkamer': ' Eigen ', 'Keuken': ' Eigen ', 'Badkamer': ' Eigen ', 'Toilet': ' Eigen ', 'Internet': ' Nee ', 'Energielabel': ' Onbekend ', 'Huisdieren': ' Nee '}",appartement-1989676.html
Vier Heemskinderenstraat,in Den Haag,64 m,Totaal 3 kamers (2 slaapkamers) ,â‚¬ 1295,p/m | excl. g/w/e,Gestoffeerd,21-09-2021,1 week geleden geplaatst,https://kamernet.nl/huren/appartement-den-haag/vier-heemskinderenstraat/appartement-1989704,"{'Woonkamer': ' Eigen ', 'Keuken': ' Eigen ', 'Badkamer': ' Eigen ', 'Toilet': ' Eigen ', 'Internet': ' Onbekend ', 'Energielabel': ' Onbekend ', 'Huisdieren': ' Nee '}",appartement-1989704.html
Jacques Dutilhweg,in Rotterdam,90 m,Totaal 3 kamers (2 slaapkamers) ,â‚¬ 1550,p/m | excl. g/w/e,Gemeubileerd,01-10-2021 tot 01-10-2023,2 weken geleden geplaatst,https://kamernet.nl/huren/appartement-rotterdam/jacques-dutilhweg/appartement-1987961,"{'Woonkamer': ' Eigen ', 'Keuken': ' Eigen ', 'Badkamer': ' Eigen ', 'Toilet': ' Eigen ', 'Internet': ' Nee ', 'Energielabel': ' Onbekend ', 'Huisdieren': ' In overleg '}",appartement-1987961.html
Spaanse Aakstraat,in Groningen,15 m,Totale oppervlakte: 45 m 2,â‚¬ 600,p/m | incl. g/w/e,Kaal,01-10-2021 tot 31-03-2023,1 week geleden geplaatst,https://kamernet.nl/huren/kamer-groningen/spaanse-aakstraat/kamer-1989737,"{'Woonkamer': ' Gedeeld ', 'Keuken': ' Gedeeld ', 'Badkamer': ' Gedeeld ', 'Toilet': ' Gedeeld ', 'Internet': ' Ja ', 'Energielabel': ' D ', 'Huisgenoten': '  1 ', 'Geslacht': ' Vrouw ', 'Huisdieren': ' Nee '}",kamer-1989737.html
Eerste Keucheniusstraat,in Amsterdam,49 m,,â‚¬ 1350,p/m | excl. g/w/e,Gemeubileerd,17-09-2021,2 weken geleden geplaatst,https://kamernet.nl/huren/appartement-amsterdam/eerste-keucheniusstraat/appartement-1988846,"{'Woonkamer': ' Onbekend ', 'Keuken': ' Onbekend ', 'Badkamer': ' Onbekend ', 'Toilet': ' Onbekend ', 'Internet': ' Onbekend ', 'Energielabel': ' Onbekend ', 'Huisdieren': ' Nee '}",appartement-1988846.html
Oudestraat,in Amstenrade,20 m,Totale oppervlakte: 75 m 2,â‚¬ 350,p/m | incl. g/w/e,Gemeubileerd,21-09-2021,1 week geleden geplaatst,https://kamernet.nl/huren/kamer-amstenrade/oudestraat/kamer-1989726,"{'Woonkamer': ' Gedeeld ', 'Keuken': ' Gedeeld ', 'Badkamer': ' Gedeeld ', 'Toilet': ' Gedeeld ', 'Internet': ' Ja ', 'Energielabel': ' Onbekend ', 'Huisgenoten': '  3 ', 'Geslacht': ' Man ', 'Huisdieren': ' Ja '}",kamer-1989726.html
Schiedamseweg Beneden,in Rotterdam,10 m,,â‚¬ 360,p/m | incl. g/w/e,Gestoffeerd,16-10-2021,1 week geleden geplaatst,https://kamernet.nl/huren/kamer-rotterdam/schiedamseweg-beneden/kamer-1989524,"{'Woonkamer': ' Geen ', 'Keuken': ' Gedeeld ', 'Badkamer': ' Gedeeld ', 'Toilet': ' Gedeeld ', 'Internet': ' Ja ', 'Energielabel': ' Onbekend ', 'Huisgenoten': '  2 ', 'Geslacht': ' Vrouw ', 'Huisdieren': ' Nee '}",kamer-1989524.html
Buitenboogerd,in Delft,8 m,Totale oppervlakte: 20 m 2,â‚¬ 205,p/m | incl. g/w/e,Kaal,01-10-2021,1 week geleden geplaatst,https://kamernet.nl/huren/kamer-delft/buitenboogerd/kamer-1989748,"{'Woonkamer': ' Gedeeld ', 'Keuken': ' Gedeeld ', 'Badkamer': ' Gedeeld ', 'Toilet': ' Gedeeld ', 'Internet': ' Ja ', 'Energielabel': ' Onbekend ', 'Huisgenoten': '  5 ', 'Geslacht': ' Gemengd ', 'Huisdieren': ' Nee '}",kamer-1989748.html
Ameland,in Zaandam,58 m,Totaal 2 kamers (1 slaapkamer) ,â‚¬ 1050,p/m | excl. g/w/e,Gemeubileerd,21-09-2021 tot 01-09-2022,1 week geleden geplaatst,https://kamernet.nl/huren/studio-zaandam/ameland/studio-1989743,"{'Woonkamer': ' Eigen ', 'Keuken': ' Eigen ', 'Badkamer': ' Eigen ', 'Toilet': ' Eigen ', 'Internet': ' Ja ', 'Energielabel': ' Onbekend ', 'Huisdieren': ' Nee '}",studio-1989743.html
De Heemstraat,in Den Haag,14 m,Totale oppervlakte: 15 m 2,â‚¬ 550,p/m | incl. g/w/e,Kaal,18-09-2021 tot 18-09-2022,1 week geleden geplaatst,https://kamernet.nl/huren/kamer-den-haag/de-heemstraat/kamer-1989238,"{'Woonkamer': ' Geen ', 'Keuken': ' Gedeeld ', 'Badkamer': ' Gedeeld ', 'Toilet': ' Gedeeld ', 'Internet': ' Nee ', 'Energielabel': ' Onbekend ', 'Huisgenoten': '  2 ', 'Geslacht': ' Man ', 'Huisdieren': ' Nee '}",kamer-1989238.html
Jacoba van Beierenlaan,in Delft,12 m,Totale oppervlakte: 150 m 2,â‚¬ 320,p/m | incl. g/w/e,Kaal,18-09-2021,2 weken geleden geplaatst,https://kamernet.nl/huren/kamer-delft/jacoba-van-beierenlaan/kamer-1989215,"{'Woonkamer': ' Gedeeld ', 'Keuken': ' Gedeeld ', 'Badkamer': ' Gedeeld ', 'Toilet': ' Gedeeld ', 'Internet': ' Ja ', 'Energielabel': ' Onbekend ', 'Huisgenoten': '  Meer dan 8 ', 'Geslacht': ' Gemengd ', 'Huisdieren': ' In overleg '}",kamer-1989215.html
Tekkopstraat,in Amsterdam,10 m,Totale oppervlakte: 40 m 2,â‚¬ 650,p/m | incl. g/w/e,Gemeubileerd,01-10-2021,2 weken geleden geplaatst,https://kamernet.nl/huren/kamer-amsterdam/tekkopstraat/kamer-1989196,"{'Woonkamer': ' Gedeeld ', 'Keuken': ' Gedeeld ', 'Badkamer': ' Gedeeld ', 'Toilet': ' Gedeeld ', 'Internet': ' Ja ', 'Energielabel': ' Onbekend ', 'Huisgenoten': '  5 ', 'Geslacht': ' Gemengd ', 'Huisdieren': ' Nee '}",kamer-1989196.html
Arkplein,in Alkmaar,10 m,,â‚¬ 500,p/m | incl. g/w/e,Gemeubileerd,17-09-2021,1 week geleden geplaatst,https://kamernet.nl/huren/kamer-alkmaar/arkplein/kamer-1988718,"{'Woonkamer': ' Onbekend ', 'Keuken': ' Onbekend ', 'Badkamer': ' Onbekend ', 'Toilet': ' Onbekend ', 'Internet': ' Onbekend ', 'Energielabel': ' Onbekend ', 'Huisgenoten': '  Onbekend  ', 'Geslacht': ' Onbekend ', 'Huisdieren': ' Nee '}",kamer-1988718.html
Stromarkt,in Deventer,100 m,Totaal 1 kamer (1 slaapkamer) ,â‚¬ 1075,p/m | excl. g/w/e,Gestoffeerd,19-09-2021,1 week geleden geplaatst,https://kamernet.nl/huren/appartement-deventer/stromarkt/appartement-1989287,"{'Woonkamer': ' Eigen ', 'Keuken': ' Eigen ', 'Badkamer': ' Eigen ', 'Toilet': ' Eigen ', 'Internet': ' Nee ', 'Energielabel': ' Onbekend ', 'Huisdieren': ' Nee '}",appartement-1989287.html
Cannenburchstraat,in Rotterdam,84 m,Totaal 4 kamers (3 slaapkamers) ,â‚¬ 1450,p/m | excl. g/w/e,Gestoffeerd,19-09-2021 tot 19-03-2022,1 week geleden geplaatst,https://kamernet.nl/huren/appartement-rotterdam/cannenburchstraat/appartement-1989258,"{'Woonkamer': ' Eigen ', 'Keuken': ' Gedeeld ', 'Badkamer': ' Gedeeld ', 'Toilet': ' Gedeeld ', 'Internet': ' Nee ', 'Energielabel': ' Onbekend ', 'Huisdieren': ' Nee '}",appartement-1989258.html
Singelstraat,in Middelburg,20 m,Totale oppervlakte: 35 m 2,â‚¬ 750,p/m | incl. g/w/e,Gemeubileerd,01-10-2021 tot 30-04-2022,1 week geleden geplaatst,https://kamernet.nl/huren/kamer-middelburg/singelstraat/kamer-1989255,"{'Woonkamer': ' Onbekend ', 'Keuken': ' Gedeeld ', 'Badkamer': ' Eigen ', 'Toilet': ' Eigen ', 'Internet': ' Ja ', 'Energielabel': ' Onbekend ', 'Huisgenoten': '  4  ', 'Geslacht': ' Gemengd ', 'Huisdieren': ' Nee '}",kamer-1989255.html
Oppenheimstraat,in Groningen,16 m,,â‚¬ 365,p/m | incl. g/w/e,Gemeubileerd,22-09-2021,1 week geleden geplaatst,https://kamernet.nl/huren/kamer-groningen/oppenheimstraat/kamer-1989310,"{'Woonkamer': ' Geen ', 'Keuken': ' Gedeeld ', 'Badkamer': ' Gedeeld ', 'Toilet': ' Gedeeld ', 'Internet': ' Ja ', 'Energielabel': ' Onbekend ', 'Huisgenoten': '  4  ', 'Geslacht': ' Gemengd ', 'Huisdieren': ' Nee '}",kamer-1989310.html
Voermanspad,in Drachten,14 m,,â‚¬ 425,p/m | incl. g/w/e,Gemeubileerd,21-09-2021,1 week geleden geplaatst,https://kamernet.nl/huren/kamer-drachten/voermanspad/kamer-1989696,"{'Woonkamer': ' Eigen ', 'Keuken': ' Eigen ', 'Badkamer': ' Gedeeld ', 'Toilet': ' Gedeeld ', 'Internet': ' Ja ', 'Energielabel': ' Onbekend ', 'Huisgenoten': '  3 ', 'Geslacht': ' Vrouw ', 'Huisdieren': ' Nee '}",kamer-1989696.html
Stationsweg,in Alkmaar,16 m,Totale oppervlakte: 88 m 2,â‚¬ 450,p/m | excl. g/w/e,Gemeubileerd,01-11-2021 tot 01-08-2022,1 week geleden geplaatst,https://kamernet.nl/huren/kamer-alkmaar/stationsweg/kamer-1989301,"{'Woonkamer': ' Gedeeld ', 'Keuken': ' Gedeeld ', 'Badkamer': ' Gedeeld ', 'Toilet': ' Eigen ', 'Internet': ' Ja ', 'Energielabel': ' A ', 'Huisgenoten': '  2 ', 'Geslacht': ' Man ', 'Huisdieren': ' In overleg '}",kamer-1989301.html
Tramstrjitte,in Nijland,20 m,,â‚¬ 350,p/m | incl. g/w/e,Gemeubileerd,01-10-2021 tot 01-10-2022,1 week geleden geplaatst,https://kamernet.nl/huren/kamer-nijland/tramstrjitte/kamer-1989289,"{'Woonkamer': ' Geen ', 'Keuken': ' Gedeeld ', 'Badkamer': ' Eigen ', 'Toilet': ' Gedeeld ', 'Internet': ' Ja ', 'Energielabel': ' Onbekend ', 'Huisgenoten': '  4  ', 'Geslacht': ' Gemengd ', 'Huisdieren': ' Nee '}",kamer-1989289.html
Milosdreef,in Utrecht,15 m,Totale oppervlakte: 70 m 2,â‚¬ 700,p/m | incl. g/w/e,Gestoffeerd,01-11-2021,1 week geleden geplaatst,https://kamernet.nl/huren/kamer-utrecht/milosdreef/kamer-1989311,"{'Woonkamer': ' Gedeeld ', 'Keuken': ' Gedeeld ', 'Badkamer': ' Gedeeld ', 'Toilet': ' Gedeeld ', 'Internet': ' Ja ', 'Energielabel': ' Onbekend ', 'Huisgenoten': '  1 ', 'Geslacht': ' Man ', 'Huisdieren': ' Nee '}",kamer-1989311.html
Van Bossestraat,in Delft,12 m,,â‚¬ 365,p/m | incl. g/w/e,Gemeubileerd,01-10-2021,1 week geleden geplaatst,https://kamernet.nl/huren/kamer-delft/van-bossestraat/kamer-1989300,"{'Woonkamer': ' Geen ', 'Keuken': ' Gedeeld ', 'Badkamer': ' Gedeeld ', 'Toilet': ' Gedeeld ', 'Internet': ' Ja ', 'Energielabel': ' Onbekend ', 'Huisgenoten': '  4  ', 'Geslacht': ' Vrouw ', 'Huisdieren': ' Nee '}",kamer-1989300.html
Standerdmolen,in Amsterdam,12 m,,â‚¬ 650,p/m | incl. g/w/e,Gestoffeerd,01-10-2021,1 week geleden geplaatst,https://kamernet.nl/huren/kamer-amsterdam/standerdmolen/kamer-1989318,"{'Woonkamer': ' Gedeeld ', 'Keuken': ' Gedeeld ', 'Badkamer': ' Gedeeld ', 'Toilet': ' Gedeeld ', 'Internet': ' Ja ', 'Energielabel': ' Onbekend ', 'Huisgenoten': '  3 ', 'Geslacht': ' Vrouw ', 'Huisdieren': ' Nee '}",kamer-1989318.html
Middelgraafpad,in Arnhem,20 m,,â‚¬ 455,p/m | incl. g/w/e,Gestoffeerd,01-10-2021,1 week geleden geplaatst,https://kamernet.nl/huren/kamer-arnhem/middelgraafpad/kamer-1989247,"{'Woonkamer': ' Gedeeld ', 'Keuken': ' Gedeeld ', 'Badkamer': ' Gedeeld ', 'Toilet': ' Gedeeld ', 'Internet': ' Ja ', 'Energielabel': ' Onbekend ', 'Huisgenoten': '  3 ', 'Geslacht': ' Man ', 'Huisdieren': ' Nee '}",kamer-1989247.html
Kleiburg,in Amsterdam,14 m,,â‚¬ 432,p/m | incl. g/w/e,Kaal,18-10-2021,1 week geleden geplaatst,https://kamernet.nl/huren/kamer-amsterdam/kleiburg/kamer-1989644,"{'Woonkamer': ' Geen ', 'Keuken': ' Gedeeld ', 'Badkamer': ' Gedeeld ', 'Toilet': ' Gedeeld ', 'Internet': ' Ja ', 'Energielabel': ' Onbekend ', 'Huisgenoten': '  6 ', 'Geslacht': ' Gemengd ', 'Huisdieren': ' Nee '}",kamer-1989644.html
Hildebranddreef,in Utrecht,30 m,,â‚¬ 1099,p/m | incl. g/w/e,Gestoffeerd,21-09-2021,1 week geleden geplaatst,https://kamernet.nl/huren/kamer-utrecht/hildebranddreef/kamer-1989720,"{'Woonkamer': ' Onbekend ', 'Keuken': ' Onbekend ', 'Badkamer': ' Eigen ', 'Toilet': ' Eigen ', 'Internet': ' Ja ', 'Energielabel': ' Onbekend ', 'Huisgenoten': '  Onbekend  ', 'Geslacht': ' Onbekend ', 'Huisdieren': ' Ja '}",kamer-1989720.html
Runmoolen,in Amstelveen,18 m,Totale oppervlakte: 75 m 2,â‚¬ 1250,p/m | excl. g/w/e,Gemeubileerd,26-09-2021 tot 21-09-2022,1 week geleden geplaatst,https://kamernet.nl/huren/kamer-amstelveen/runmoolen/kamer-1989703,"{'Woonkamer': ' Eigen ', 'Keuken': ' Eigen ', 'Badkamer': ' Eigen ', 'Toilet': ' Eigen ', 'Internet': ' Ja ', 'Energielabel': ' Onbekend ', 'Huisgenoten': '  Onbekend  ', 'Geslacht': ' Onbekend ', 'Huisdieren': ' Nee '}",kamer-1989703.html
IJsclubstraat,in Rotterdam,28 m,Totale oppervlakte: 70 m 2,â‚¬ 600,p/m | incl. g/w/e,Gestoffeerd,19-09-2021,1 week geleden geplaatst,https://kamernet.nl/huren/kamer-rotterdam/ijsclubstraat/kamer-1989277,"{'Woonkamer': ' Eigen ', 'Keuken': ' Gedeeld ', 'Badkamer': ' Gedeeld ', 'Toilet': ' Gedeeld ', 'Internet': ' Ja ', 'Energielabel': ' G ', 'Huisgenoten': '  1 ', 'Geslacht': ' Vrouw ', 'Huisdieren': ' Nee '}",kamer-1989277.html
Kerklaan,in Heemskerk,19 m,Totale oppervlakte: 55 m 2,â‚¬ 475,p/m | incl. g/w/e,Kaal,20-09-2021,1 week geleden geplaatst,https://kamernet.nl/huren/kamer-heemskerk/kerklaan/kamer-1989600,"{'Woonkamer': ' Eigen ', 'Keuken': ' Gedeeld ', 'Badkamer': ' Gedeeld ', 'Toilet': ' Gedeeld ', 'Internet': ' Ja ', 'Energielabel': ' Onbekend ', 'Huisgenoten': '  Meer dan 8 ', 'Geslacht': ' Gemengd ', 'Huisdieren': ' Nee '}",kamer-1989600.html
Alard du Hamelstraat,in Eindhoven,120 m,Totaal 5 kamers (5 slaapkamers) ,â‚¬ 2100,p/m | excl. g/w/e,Gestoffeerd,01-10-2021 tot 01-10-2022,1 week geleden geplaatst,https://kamernet.nl/huren/appartement-eindhoven/alard-du-hamelstraat/appartement-1989601,"{'Woonkamer': ' Geen ', 'Keuken': ' Gedeeld ', 'Badkamer': ' Gedeeld ', 'Toilet': ' Gedeeld ', 'Internet': ' Nee ', 'Energielabel': ' Onbekend ', 'Huisdieren': ' Nee '}",appartement-1989601.html
Snelfilterweg,in Rotterdam,9 m,Totale oppervlakte: 65 m 2,â‚¬ 630,p/m | incl. g/w/e,Kaal,01-10-2021,1 week geleden geplaatst,https://kamernet.nl/huren/kamer-rotterdam/snelfilterweg/kamer-1989537,"{'Woonkamer': ' Gedeeld ', 'Keuken': ' Gedeeld ', 'Badkamer': ' Gedeeld ', 'Toilet': ' Gedeeld ', 'Internet': ' Ja ', 'Energielabel': ' Onbekend ', 'Huisgenoten': '  1 ', 'Geslacht': ' Vrouw ', 'Huisdieren': ' In overleg '}",kamer-1989537.html
Bokkerijweg,in Vaassen,58 m,Totaal 2 kamers,â‚¬ 730,p/m | excl. g/w/e,Gestoffeerd,01-11-2021,1 week geleden geplaatst,https://kamernet.nl/huren/appartement-vaassen/bokkerijweg/appartement-1989629,"{'Woonkamer': ' Onbekend ', 'Keuken': ' Onbekend ', 'Badkamer': ' Onbekend ', 'Toilet': ' Onbekend ', 'Internet': ' Onbekend ', 'Energielabel': ' Onbekend ', 'Huisdieren': ' In overleg '}",appartement-1989629.html
P.C. Hooftlaan,in Deventer,42 m,Totaal 2 kamers,â‚¬ 730,p/m | excl. g/w/e,Gestoffeerd,21-09-2021,1 week geleden geplaatst,https://kamernet.nl/huren/appartement-deventer/p.c.-hooftlaan/appartement-1989630,"{'Woonkamer': ' Onbekend ', 'Keuken': ' Onbekend ', 'Badkamer': ' Onbekend ', 'Toilet': ' Onbekend ', 'Internet': ' Onbekend ', 'Energielabel': ' Onbekend ', 'Huisdieren': ' In overleg '}",appartement-1989630.html
Heemsteedse Dreef,in Heemstede,16 m,Totale oppervlakte: 160 m 2,â‚¬ 450,p/m | incl. g/w/e,Gemeubileerd,21-09-2021 tot 31-12-2021,1 week geleden geplaatst,https://kamernet.nl/huren/kamer-heemstede/heemsteedse-dreef/kamer-1989617,"{'Woonkamer': ' Gedeeld ', 'Keuken': ' Gedeeld ', 'Badkamer': ' Gedeeld ', 'Toilet': ' Gedeeld ', 'Internet': ' Ja ', 'Energielabel': ' Onbekend ', 'Huisgenoten': '  3 ', 'Geslacht': ' Gemengd ', 'Huisdieren': ' Nee '}",kamer-1989617.html
Reijerskoop,in Boskoop,45 m,Totaal 3 kamers (2 slaapkamers) ,â‚¬ 665,p/m | excl. g/w/e,Gestoffeerd,26-09-2021 tot 30-09-2022,1 week geleden geplaatst,https://kamernet.nl/huren/appartement-boskoop/reijerskoop/appartement-1989475,"{'Woonkamer': ' Eigen ', 'Keuken': ' Eigen ', 'Badkamer': ' Eigen ', 'Toilet': ' Eigen ', 'Internet': ' Nee ', 'Energielabel': ' Onbekend ', 'Huisdieren': ' In overleg '}",appartement-1989475.html
Stadhoudersweg,in Rotterdam,22 m,,â‚¬ 600,p/m | incl. g/w/e,Kaal,01-12-2021,1 week geleden geplaatst,https://kamernet.nl/huren/kamer-rotterdam/stadhoudersweg/kamer-1989637,"{'Woonkamer': ' Gedeeld ', 'Keuken': ' Gedeeld ', 'Badkamer': ' Gedeeld ', 'Toilet': ' Gedeeld ', 'Internet': ' Ja ', 'Energielabel': ' Onbekend ', 'Huisgenoten': '  3 ', 'Geslacht': ' Vrouw ', 'Huisdieren': ' Nee '}",kamer-1989637.html
Botermarkt,in Tholen,70 m,Totaal 2 kamers (1 slaapkamer) ,â‚¬ 995,p/m | excl. g/w/e,Gestoffeerd,01-11-2021,1 week geleden geplaatst,https://kamernet.nl/huren/appartement-tholen/botermarkt/appartement-1989612,"{'Woonkamer': ' Eigen ', 'Keuken': ' Eigen ', 'Badkamer': ' Eigen ', 'Toilet': ' Eigen ', 'Internet': ' Ja ', 'Energielabel': ' Onbekend ', 'Huisdieren': ' Nee '}",appartement-1989612.html
Pluto,in Waddinxveen,10 m,,â‚¬ 625,p/m | incl. g/w/e,Gemeubileerd,01-01-2021 tot 02-01-2022,1 week geleden geplaatst,https://kamernet.nl/huren/kamer-waddinxveen/pluto/kamer-1989650,"{'Woonkamer': ' Gedeeld ', 'Keuken': ' Gedeeld ', 'Badkamer': ' Gedeeld ', 'Toilet': ' Gedeeld ', 'Internet': ' Onbekend ', 'Energielabel': ' Onbekend ', 'Huisgenoten': '  1 ', 'Geslacht': ' Onbekend ', 'Huisdieren': ' Nee '}",kamer-1989650.html
de Koppele,in Eindhoven,88 m,Totaal 4 kamers (3 slaapkamers) ,â‚¬ 1400,p/m | excl. g/w/e,Gemeubileerd,01-10-2021,1 week geleden geplaatst,https://kamernet.nl/huren/appartement-eindhoven/de-koppele/appartement-1989647,"{'Woonkamer': ' Eigen ', 'Keuken': ' Eigen ', 'Badkamer': ' Eigen ', 'Toilet': ' Eigen ', 'Internet': ' Ja ', 'Energielabel': ' B ', 'Huisdieren': ' In overleg '}",appartement-1989647.html
Prinsengracht,in Amsterdam,27 m,Totaal 2 kamers (1 slaapkamer) ,â‚¬ 1250,p/m | excl. g/w/e,Gemeubileerd,21-09-2021,1 week geleden geplaatst,https://kamernet.nl/huren/appartement-amsterdam/prinsengracht/appartement-1989651,"{'Woonkamer': ' Eigen ', 'Keuken': ' Eigen ', 'Badkamer': ' Eigen ', 'Toilet': ' Eigen ', 'Internet': ' Ja ', 'Energielabel': ' Onbekend ', 'Huisdieren': ' Nee '}",appartement-1989651.html
Reitzstraat,in Haarlem,70 m,,â‚¬ 1650,p/m | excl. g/w/e,Gestoffeerd,01-10-2021,1 week geleden geplaatst,https://kamernet.nl/huren/appartement-haarlem/reitzstraat/appartement-1989646,"{'Woonkamer': ' Gedeeld ', 'Keuken': ' Gedeeld ', 'Badkamer': ' Gedeeld ', 'Toilet': ' Gedeeld ', 'Internet': ' Nee ', 'Energielabel': ' Onbekend ', 'Huisdieren': ' Nee '}",appartement-1989646.html
De Waterjuffer,in Eelderwolde,30 m,Totale oppervlakte: 100 m 2,â‚¬ 1000,p/m | incl. g/w/e,Gemeubileerd,21-09-2021 tot 31-10-2021,1 week geleden geplaatst,https://kamernet.nl/huren/kamer-eelderwolde/de-waterjuffer/kamer-1989702,"{'Woonkamer': ' Gedeeld ', 'Keuken': ' Gedeeld ', 'Badkamer': ' Gedeeld ', 'Toilet': ' Gedeeld ', 'Internet': ' Ja ', 'Energielabel': ' A ', 'Huisgenoten': '  1 ', 'Geslacht': ' Man ', 'Huisdieren': ' Nee '}",kamer-1989702.html
Van Alphenstraat,in Utrecht,6 m,,â‚¬ 385,p/m | incl. g/w/e,Kaal,01-10-2021,1 week geleden geplaatst,https://kamernet.nl/huren/kamer-utrecht/van-alphenstraat/kamer-1989517,"{'Woonkamer': ' Gedeeld ', 'Keuken': ' Gedeeld ', 'Badkamer': ' Gedeeld ', 'Toilet': ' Gedeeld ', 'Internet': ' Ja ', 'Energielabel': ' Onbekend ', 'Huisgenoten': '  2 ', 'Geslacht': ' Vrouw ', 'Huisdieren': ' Nee '}",kamer-1989517.html
Juliana van Stolberglaan,in Den Haag,12 m,Totale oppervlakte: 87 m 2,â‚¬ 780,p/m | incl. g/w/e,Gestoffeerd,01-11-2021,1 week geleden geplaatst,https://kamernet.nl/huren/kamer-den-haag/juliana-van-stolberglaan/kamer-1989613,"{'Woonkamer': ' Gedeeld ', 'Keuken': ' Gedeeld ', 'Badkamer': ' Gedeeld ', 'Toilet': ' Gedeeld ', 'Internet': ' Ja ', 'Energielabel': ' A ', 'Huisgenoten': '  1 ', 'Geslacht': ' Man ', 'Huisdieren': ' Nee '}",kamer-1989613.html
Bergsingel,in Rotterdam,65 m,Totaal 2 kamers (1 slaapkamer) ,â‚¬ 1075,p/m | excl. g/w/e,Gemeubileerd,15-10-2021 tot 31-03-2022,1 week geleden geplaatst,https://kamernet.nl/huren/appartement-rotterdam/bergsingel/appartement-1989290,"{'Woonkamer': ' Eigen ', 'Keuken': ' Eigen ', 'Badkamer': ' Eigen ', 'Toilet': ' Eigen ', 'Internet': ' Ja ', 'Energielabel': ' Onbekend ', 'Huisdieren': ' Nee '}",appartement-1989290.html
Paterswoldseweg,in Groningen,16 m,Totale oppervlakte: 46 m 2,â‚¬ 360,p/m | excl. g/w/e,Gestoffeerd,01-10-2021,1 week geleden geplaatst,https://kamernet.nl/huren/kamer-groningen/paterswoldseweg/kamer-1989487,"{'Woonkamer': ' Gedeeld ', 'Keuken': ' Gedeeld ', 'Badkamer': ' Gedeeld ', 'Toilet': ' Gedeeld ', 'Internet': ' Ja ', 'Energielabel': ' Onbekend ', 'Huisgenoten': '  2 ', 'Geslacht': ' Man ', 'Huisdieren': ' Nee '}",kamer-1989487.html
Oude Pijlsweerdstraat,in Utrecht,10 m,,â‚¬ 1099,p/m | incl. g/w/e,Gemeubileerd,20-09-2021 tot 30-11-2021,1 week geleden geplaatst,https://kamernet.nl/huren/kamer-utrecht/oude-pijlsweerdstraat/kamer-1989505,"{'Woonkamer': ' Onbekend ', 'Keuken': ' Onbekend ', 'Badkamer': ' Eigen ', 'Toilet': ' Eigen ', 'Internet': ' Ja ', 'Energielabel': ' Onbekend ', 'Huisgenoten': '  Onbekend  ', 'Geslacht': ' Onbekend ', 'Huisdieren': ' Nee '}",kamer-1989505.html
Zoutstraat,in Groningen,28 m,Totale oppervlakte: 15 m 2,â‚¬ 700,p/m | incl. g/w/e,Gestoffeerd,01-10-2021,1 week geleden geplaatst,https://kamernet.nl/huren/kamer-groningen/zoutstraat/kamer-1989523,"{'Woonkamer': ' Geen ', 'Keuken': ' Gedeeld ', 'Badkamer': ' Gedeeld ', 'Toilet': ' Gedeeld ', 'Internet': ' Ja ', 'Energielabel': ' Onbekend ', 'Huisgenoten': '  1 ', 'Geslacht': ' Man ', 'Huisdieren': ' Nee '}",kamer-1989523.html
Edisonstraat,in IJmuiden,39 m,Totale oppervlakte: 30 m 2,â‚¬ 700,p/m | incl. g/w/e,Gemeubileerd,21-10-2021,1 week geleden geplaatst,https://kamernet.nl/huren/kamer-ijmuiden/edisonstraat/kamer-1989569,"{'Woonkamer': ' Eigen ', 'Keuken': ' Gedeeld ', 'Badkamer': ' Gedeeld ', 'Toilet': ' Gedeeld ', 'Internet': ' Ja ', 'Energielabel': ' Onbekend ', 'Huisgenoten': '  5 ', 'Geslacht': ' Gemengd ', 'Huisdieren': ' Nee '}",kamer-1989569.html
Tolick,in Hoogland,16 m,,â‚¬ 450,p/m | incl. g/w/e,Gemeubileerd,01-10-2021,1 week geleden geplaatst,https://kamernet.nl/huren/kamer-hoogland/tolick/kamer-1989556,"{'Woonkamer': ' Eigen ', 'Keuken': ' Eigen ', 'Badkamer': ' Gedeeld ', 'Toilet': ' Gedeeld ', 'Internet': ' Ja ', 'Energielabel': ' Onbekend ', 'Huisgenoten': '  1 ', 'Geslacht': ' Vrouw ', 'Huisdieren': ' Nee '}",kamer-1989556.html
Octant,in Almere,15 m,,â‚¬ 485,p/m | incl. g/w/e,Gemeubileerd,22-10-2021,1 week geleden geplaatst,https://kamernet.nl/huren/kamer-almere/octant/kamer-1989542,"{'Woonkamer': ' Gedeeld ', 'Keuken': ' Gedeeld ', 'Badkamer': ' Gedeeld ', 'Toilet': ' Gedeeld ', 'Internet': ' Ja ', 'Energielabel': ' Onbekend ', 'Huisgenoten': '  1 ', 'Geslacht': ' Onbekend ', 'Huisdieren': ' Nee '}",kamer-1989542.html
Jan van Zutphenstraat,in Amsterdam,10 m,Totale oppervlakte: 80 m 2,â‚¬ 500,p/m | excl. g/w/e,Kaal,01-10-2021,1 week geleden geplaatst,https://kamernet.nl/huren/kamer-amsterdam/jan-van-zutphenstraat/kamer-1989462,"{'Woonkamer': ' Gedeeld ', 'Keuken': ' Gedeeld ', 'Badkamer': ' Gedeeld ', 'Toilet': ' Gedeeld ', 'Internet': ' Ja ', 'Energielabel': ' Onbekend ', 'Huisgenoten': '  3 ', 'Geslacht': ' Man ', 'Huisdieren': ' Nee '}",kamer-1989462.html
Professor Poelslaan,in Rotterdam,17 m,Totale oppervlakte: 20 m 2,â‚¬ 500,p/m | incl. g/w/e,Kaal,01-10-2021,1 week geleden geplaatst,https://kamernet.nl/huren/kamer-rotterdam/professor-poelslaan/kamer-1989578,"{'Woonkamer': ' Gedeeld ', 'Keuken': ' Gedeeld ', 'Badkamer': ' Gedeeld ', 'Toilet': ' Gedeeld ', 'Internet': ' Ja ', 'Energielabel': ' Onbekend ', 'Huisgenoten': '  3 ', 'Geslacht': ' Gemengd ', 'Huisdieren': ' Nee '}",kamer-1989578.html
Geldropseweg,in Eindhoven,13 m,Totale oppervlakte: 79 m 2,â‚¬ 500,p/m | incl. g/w/e,Kaal,20-09-2021,1 week geleden geplaatst,https://kamernet.nl/huren/kamer-eindhoven/geldropseweg/kamer-1989483,"{'Woonkamer': ' Gedeeld ', 'Keuken': ' Gedeeld ', 'Badkamer': ' Gedeeld ', 'Toilet': ' Gedeeld ', 'Internet': ' Ja ', 'Energielabel': ' Onbekend ', 'Huisgenoten': '  1 ', 'Geslacht': ' Vrouw ', 'Huisdieren': ' Nee '}",kamer-1989483.html
Ganzenstraat,in Amersfoort,10 m,,â‚¬ 460,p/m | incl. g/w/e,Gestoffeerd,03-11-2021,1 week geleden geplaatst,https://kamernet.nl/huren/kamer-amersfoort/ganzenstraat/kamer-1989587,"{'Woonkamer': ' Gedeeld ', 'Keuken': ' Gedeeld ', 'Badkamer': ' Gedeeld ', 'Toilet': ' Gedeeld ', 'Internet': ' Ja ', 'Energielabel': ' Onbekend ', 'Huisgenoten': '  3 ', 'Geslacht': ' Gemengd ', 'Huisdieren': ' Nee '}",kamer-1989587.html
Diepenveenseweg,in Deventer,16 m,,â‚¬ 550,p/m | incl. g/w/e,Gemeubileerd,01-01-2022,1 week geleden geplaatst,https://kamernet.nl/huren/kamer-deventer/diepenveenseweg/kamer-1989560,"{'Woonkamer': ' Gedeeld ', 'Keuken': ' Gedeeld ', 'Badkamer': ' Gedeeld ', 'Toilet': ' Gedeeld ', 'Internet': ' Ja ', 'Energielabel': ' Onbekend ', 'Huisgenoten': '  4  ', 'Geslacht': ' Gemengd ', 'Huisdieren': ' Nee '}",kamer-1989560.html
Coba Pulskenslaan,in Tilburg,16 m,Totale oppervlakte: 16 m 2,â‚¬ 435,p/m | incl. g/w/e,Kaal,30-09-2021,1 week geleden geplaatst,https://kamernet.nl/huren/kamer-tilburg/coba-pulskenslaan/kamer-1989468,"{'Woonkamer': ' Geen ', 'Keuken': ' Gedeeld ', 'Badkamer': ' Gedeeld ', 'Toilet': ' Gedeeld ', 'Internet': ' Ja ', 'Energielabel': ' Onbekend ', 'Huisgenoten': '  Onbekend  ', 'Geslacht': ' Onbekend ', 'Huisdieren': ' Nee '}",kamer-1989468.html
Kerkstraat,in Leende,20 m,,â‚¬ 645,p/m | incl. g/w/e,Gemeubileerd,01-10-2021 tot 16-04-2022,1 week geleden geplaatst,https://kamernet.nl/huren/kamer-leende/kerkstraat/kamer-1989653,"{'Woonkamer': ' Gedeeld ', 'Keuken': ' Gedeeld ', 'Badkamer': ' Gedeeld ', 'Toilet': ' Gedeeld ', 'Internet': ' Ja ', 'Energielabel': ' Onbekend ', 'Huisgenoten': '  2 ', 'Geslacht': ' Onbekend ', 'Huisdieren': ' In overleg '}",kamer-1989653.html
Dr. Benthemstraat,in Enschede,12 m,,â‚¬ 275,p/m | incl. g/w/e,Gestoffeerd,01-11-2021,1 week geleden geplaatst,https://kamernet.nl/huren/kamer-enschede/dr.-benthemstraat/kamer-1841000,"{'Woonkamer': ' Gedeeld ', 'Keuken': ' Gedeeld ', 'Badkamer': ' Gedeeld ', 'Toilet': ' Gedeeld ', 'Internet': ' Ja ', 'Energielabel': ' Onbekend ', 'Huisgenoten': '  5 ', 'Geslacht': ' Gemengd ', 'Huisdieren': ' Nee '}",kamer-1841000.html
Johan Winklerwei,in Leeuwarden,25 m,,â‚¬ 450,p/m | incl. g/w/e,Kaal,01-10-2021,1 week geleden geplaatst,https://kamernet.nl/huren/kamer-leeuwarden/johan-winklerwei/kamer-1989623,"{'Woonkamer': ' Gedeeld ', 'Keuken': ' Gedeeld ', 'Badkamer': ' Gedeeld ', 'Toilet': ' Gedeeld ', 'Internet': ' Ja ', 'Energielabel': ' Onbekend ', 'Huisgenoten': '  2 ', 'Geslacht': ' Gemengd ', 'Huisdieren': ' Nee '}",kamer-1989623.html
Hendrik van Deventerstraat,in Den Haag,19 m,Totale oppervlakte: 31 m 2,â‚¬ 390,p/m | excl. g/w/e,Gestoffeerd,12-09-2021,2 weken geleden geplaatst,https://kamernet.nl/huren/kamer-den-haag/hendrik-van-deventerstraat/kamer-1987820,"{'Woonkamer': ' Gedeeld ', 'Keuken': ' Gedeeld ', 'Badkamer': ' Gedeeld ', 'Toilet': ' Gedeeld ', 'Internet': ' Ja ', 'Energielabel': ' Onbekend ', 'Huisgenoten': '  2 ', 'Geslacht': ' Man ', 'Huisdieren': ' Nee '}",kamer-1987820.html
Van Lenneplaan,in Groningen,82 m,Totaal 3 kamers (2 slaapkamers) ,â‚¬ 1150,p/m | excl. g/w/e,Gestoffeerd,19-09-2021 tot 31-03-2023,2 weken geleden geplaatst,https://kamernet.nl/huren/appartement-groningen/van-lenneplaan/appartement-1987844,"{'Woonkamer': ' Eigen ', 'Keuken': ' Eigen ', 'Badkamer': ' Eigen ', 'Toilet': ' Eigen ', 'Internet': ' Nee ', 'Energielabel': ' D ', 'Huisdieren': ' Nee '}",appartement-1987844.html
Boomstraat,in Tilburg,14 m,Totaal 5 kamers (5 slaapkamers) ,â‚¬ 420,p/m | incl. g/w/e,Gestoffeerd,01-10-2021,2 weken geleden geplaatst,https://kamernet.nl/huren/appartement-tilburg/boomstraat/appartement-1682651,"{'Woonkamer': ' Gedeeld ', 'Keuken': ' Gedeeld ', 'Badkamer': ' Gedeeld ', 'Toilet': ' Gedeeld ', 'Internet': ' Ja ', 'Energielabel': ' Onbekend ', 'Huisdieren': ' Nee '}",appartement-1682651.html
Duinweg,in Noordwijk,80 m,,â‚¬ 1350,p/m | excl. g/w/e,Gemeubileerd,01-11-2021,3 weken geleden geplaatst,https://kamernet.nl/huren/appartement-noordwijk/duinweg/appartement-1987148,"{'Woonkamer': ' Onbekend ', 'Keuken': ' Onbekend ', 'Badkamer': ' Onbekend ', 'Toilet': ' Onbekend ', 'Internet': ' Onbekend ', 'Energielabel': ' Onbekend ', 'Huisdieren': ' Nee '}",appartement-1987148.html
Talingstraat,in Vlaardingen,55 m,Totaal 3 kamers (2 slaapkamers) ,â‚¬ 450,p/m | excl. g/w/e,Kaal,10-09-2021,3 weken geleden geplaatst,https://kamernet.nl/huren/appartement-vlaardingen/talingstraat/appartement-1987445,"{'Woonkamer': ' Eigen ', 'Keuken': ' Eigen ', 'Badkamer': ' Eigen ', 'Toilet': ' Eigen ', 'Internet': ' Ja ', 'Energielabel': ' Onbekend ', 'Huisdieren': ' Nee '}",appartement-1987445.html
Haarlemmerstraatweg,in Halfweg,15 m,,â‚¬ 850,p/m | incl. g/w/e,Gemeubileerd,08-09-2021,3 weken geleden geplaatst,https://kamernet.nl/huren/kamer-halfweg/haarlemmerstraatweg/kamer-1987101,"{'Woonkamer': ' Geen ', 'Keuken': ' Gedeeld ', 'Badkamer': ' Eigen ', 'Toilet': ' Eigen ', 'Internet': ' Ja ', 'Energielabel': ' Onbekend ', 'Huisgenoten': '  Onbekend  ', 'Geslacht': ' Onbekend ', 'Huisdieren': ' Nee '}",kamer-1987101.html
Witbreuksweg,in Enschede,16 m,,â‚¬ 320,p/m | incl. g/w/e,Kaal,06-09-2021,3 weken geleden geplaatst,https://kamernet.nl/huren/kamer-enschede/witbreuksweg/kamer-1985515,"{'Woonkamer': ' Gedeeld ', 'Keuken': ' Gedeeld ', 'Badkamer': ' Eigen ', 'Toilet': ' Eigen ', 'Internet': ' Ja ', 'Energielabel': ' Onbekend ', 'Huisgenoten': '  6 ', 'Geslacht': ' Gemengd ', 'Huisdieren': ' Nee '}",kamer-1985515.html
Hoefkade,in Den Haag,12 m,Totale oppervlakte: 60 m 2,â‚¬ 350,p/m | incl. g/w/e,Gestoffeerd,14-10-2021,1 week geleden geplaatst,https://kamernet.nl/huren/kamer-den-haag/hoefkade/kamer-1989580,"{'Woonkamer': ' Gedeeld ', 'Keuken': ' Gedeeld ', 'Badkamer': ' Gedeeld ', 'Toilet': ' Gedeeld ', 'Internet': ' Ja ', 'Energielabel': ' Onbekend ', 'Huisgenoten': '  8  ', 'Geslacht': ' Gemengd ', 'Huisdieren': ' Nee '}",kamer-1989580.html
Hogevecht,in Amsterdam,15 m,,â‚¬ 650,p/m | incl. g/w/e,Gemeubileerd,01-11-2021,3 weken geleden geplaatst,https://kamernet.nl/huren/kamer-amsterdam/hogevecht/kamer-1987575,"{'Woonkamer': ' Gedeeld ', 'Keuken': ' Gedeeld ', 'Badkamer': ' Gedeeld ', 'Toilet': ' Gedeeld ', 'Internet': ' Ja ', 'Energielabel': ' Onbekend ', 'Huisgenoten': '  4  ', 'Geslacht': ' Man ', 'Huisdieren': ' Nee '}",kamer-1987575.html
C.P.Tielestraat,in Rotterdam,11 m,Totale oppervlakte: 100 m 2,â‚¬ 560,p/m | incl. g/w/e,Gemeubileerd,01-10-2021 tot 05-02-2022,3 weken geleden geplaatst,https://kamernet.nl/huren/kamer-rotterdam/c.p.tielestraat/kamer-1985512,"{'Woonkamer': ' Gedeeld ', 'Keuken': ' Gedeeld ', 'Badkamer': ' Gedeeld ', 'Toilet': ' Gedeeld ', 'Internet': ' Ja ', 'Energielabel': ' Onbekend ', 'Huisgenoten': '  3 ', 'Geslacht': ' Man ', 'Huisdieren': ' Nee '}",kamer-1985512.html
Westerstraat,in Dinteloord,56 m,Totaal 3 kamers (1 slaapkamer) ,â‚¬ 875,p/m | excl. g/w/e,Gestoffeerd,30-11-2021,3 weken geleden geplaatst,https://kamernet.nl/huren/appartement-dinteloord/westerstraat/appartement-1986866,"{'Woonkamer': ' Eigen ', 'Keuken': ' Eigen ', 'Badkamer': ' Eigen ', 'Toilet': ' Eigen ', 'Internet': ' Ja ', 'Energielabel': ' C ', 'Huisdieren': ' Nee '}",appartement-1986866.html
van Leydenstraat,in Warmond,22 m,Totale oppervlakte: 50 m 2,â‚¬ 450,p/m | incl. g/w/e,Gemeubileerd,07-09-2021,3 weken geleden geplaatst,https://kamernet.nl/huren/kamer-warmond/van-leydenstraat/kamer-1986812,"{'Woonkamer': ' Eigen ', 'Keuken': ' Gedeeld ', 'Badkamer': ' Gedeeld ', 'Toilet': ' Gedeeld ', 'Internet': ' Ja ', 'Energielabel': ' A ', 'Huisgenoten': '  1 ', 'Geslacht': ' Man ', 'Huisdieren': ' Nee '}",kamer-1986812.html
Marthinus Steynstraat,in Dordrecht,20 m,Totaal 1 kamer (1 slaapkamer) ,â‚¬ 600,p/m | incl. g/w/e,Kaal,07-09-2021 tot 28-02-2022,3 weken geleden geplaatst,https://kamernet.nl/huren/studio-dordrecht/marthinus-steynstraat/studio-1986885,"{'Woonkamer': ' Eigen ', 'Keuken': ' Gedeeld ', 'Badkamer': ' Gedeeld ', 'Toilet': ' Gedeeld ', 'Internet': ' Ja ', 'Energielabel': ' D ', 'Huisdieren': ' Nee '}",studio-1986885.html
Goudreinetlaan,in Blokker,15 m,Totale oppervlakte: 80 m 2,â‚¬ 500,p/m | excl. g/w/e,Gemeubileerd,07-10-2021,3 weken geleden geplaatst,https://kamernet.nl/huren/kamer-blokker/goudreinetlaan/kamer-1985652,"{'Woonkamer': ' Gedeeld ', 'Keuken': ' Gedeeld ', 'Badkamer': ' Gedeeld ', 'Toilet': ' Gedeeld ', 'Internet': ' Ja ', 'Energielabel': ' Onbekend ', 'Huisgenoten': '  1 ', 'Geslacht': ' Man ', 'Huisdieren': ' In overleg '}",kamer-1985652.html
Bonaventurastraat,in Rotterdam,20 m,Totale oppervlakte: 65 m 2,â‚¬ 330,p/m | incl. g/w/e,Kaal,01-09-2021,3 weken geleden geplaatst,https://kamernet.nl/huren/kamer-rotterdam/bonaventurastraat/kamer-1984230,"{'Woonkamer': ' Gedeeld ', 'Keuken': ' Gedeeld ', 'Badkamer': ' Gedeeld ', 'Toilet': ' Gedeeld ', 'Internet': ' Ja ', 'Energielabel': ' D ', 'Huisgenoten': '  1 ', 'Geslacht': ' Man ', 'Huisdieren': ' Nee '}",kamer-1984230.html
Merellaan,in Nieuwe Pekela,13 m,Totale oppervlakte: 25 m 2,â‚¬ 600,p/m | incl. g/w/e,Gemeubileerd,06-09-2021,3 weken geleden geplaatst,https://kamernet.nl/huren/kamer-nieuwe-pekela/merellaan/kamer-1986676,"{'Woonkamer': ' Geen ', 'Keuken': ' Geen ', 'Badkamer': ' Eigen ', 'Toilet': ' Eigen ', 'Internet': ' Ja ', 'Energielabel': ' Onbekend ', 'Huisgenoten': '  2 ', 'Geslacht': ' Gemengd ', 'Huisdieren': ' Nee '}",kamer-1986676.html
Sweelinckstraat,in Vlaardingen,16 m,Totale oppervlakte: 80 m 2,â‚¬ 400,p/m | incl. g/w/e,Gemeubileerd,20-09-2021,3 weken geleden geplaatst,https://kamernet.nl/huren/kamer-vlaardingen/sweelinckstraat/kamer-1986677,"{'Woonkamer': ' Gedeeld ', 'Keuken': ' Gedeeld ', 'Badkamer': ' Gedeeld ', 'Toilet': ' Eigen ', 'Internet': ' Onbekend ', 'Energielabel': ' Onbekend ', 'Huisgenoten': '  1 ', 'Geslacht': ' Man ', 'Huisdieren': ' In overleg '}",kamer-1986677.html
Groenhoven,in Amsterdam,55 m,Totaal 3 kamers (2 slaapkamers) ,â‚¬ 1350,p/m | excl. g/w/e,Gestoffeerd,15-10-2021,3 weken geleden geplaatst,https://kamernet.nl/huren/appartement-amsterdam/groenhoven/appartement-1986681,"{'Woonkamer': ' Eigen ', 'Keuken': ' Eigen ', 'Badkamer': ' Eigen ', 'Toilet': ' Eigen ', 'Internet': ' Onbekend ', 'Energielabel': ' Onbekend ', 'Huisdieren': ' Nee '}",appartement-1986681.html
Jeruzalemstraat,in Utrecht,98 m,,â‚¬ 950,p/m | incl. g/w/e,Kaal,14-09-2021,3 weken geleden geplaatst,https://kamernet.nl/huren/kamer-utrecht/jeruzalemstraat/kamer-1986686,"{'Woonkamer': ' Eigen ', 'Keuken': ' Eigen ', 'Badkamer': ' Gedeeld ', 'Toilet': ' Gedeeld ', 'Internet': ' Ja ', 'Energielabel': ' Onbekend ', 'Huisgenoten': '  2 ', 'Geslacht': ' Vrouw ', 'Huisdieren': ' Nee '}",kamer-1986686.html
Havenweg,in Nieuwdorp,10 m,Totale oppervlakte: 20 m 2,â‚¬ 400,p/m | incl. g/w/e,Gemeubileerd,07-09-2021,3 weken geleden geplaatst,https://kamernet.nl/huren/kamer-nieuwdorp/havenweg/kamer-1986870,"{'Woonkamer': ' Gedeeld ', 'Keuken': ' Gedeeld ', 'Badkamer': ' Gedeeld ', 'Toilet': ' Gedeeld ', 'Internet': ' Ja ', 'Energielabel': ' Onbekend ', 'Huisgenoten': '  1 ', 'Geslacht': ' Man ', 'Huisdieren': ' Nee '}",kamer-1986870.html
Jacoba van Beierenlaan,in Delft,11 m,,â‚¬ 310,p/m | incl. g/w/e,Kaal,09-09-2021,3 weken geleden geplaatst,https://kamernet.nl/huren/kamer-delft/jacoba-van-beierenlaan/kamer-1987251,"{'Woonkamer': ' Gedeeld ', 'Keuken': ' Gedeeld ', 'Badkamer': ' Gedeeld ', 'Toilet': ' Gedeeld ', 'Internet': ' Nee ', 'Energielabel': ' Onbekend ', 'Huisgenoten': '  Meer dan 8 ', 'Geslacht': ' Gemengd ', 'Huisdieren': ' Nee '}",kamer-1987251.html
Gruttostraat,in Utrecht,16 m,,â‚¬ 420,p/m | incl. g/w/e,Kaal,30-09-2021,3 weken geleden geplaatst,https://kamernet.nl/huren/kamer-utrecht/gruttostraat/kamer-1985547,"{'Woonkamer': ' Gedeeld ', 'Keuken': ' Gedeeld ', 'Badkamer': ' Gedeeld ', 'Toilet': ' Gedeeld ', 'Internet': ' Onbekend ', 'Energielabel': ' Onbekend ', 'Huisgenoten': '  8  ', 'Geslacht': ' Gemengd ', 'Huisdieren': ' Nee '}",kamer-1985547.html
Mijehof,in Amsterdam,12 m,Totale oppervlakte: 18 m 2,â‚¬ 300,p/m | incl. g/w/e,Gemeubileerd,01-10-2021 tot 31-03-2022,1 week geleden geplaatst,https://kamernet.nl/huren/kamer-amsterdam/mijehof/kamer-1989577,"{'Woonkamer': ' Onbekend ', 'Keuken': ' Onbekend ', 'Badkamer': ' Onbekend ', 'Toilet': ' Onbekend ', 'Internet': ' Onbekend ', 'Energielabel': ' Onbekend ', 'Huisgenoten': '  Onbekend  ', 'Geslacht': ' Onbekend ', 'Huisdieren': ' Nee '}",kamer-1989577.html
Marktstraat,in Boxmeer,16 m,Totale oppervlakte: 16 m 2,â‚¬ 425,p/m | incl. g/w/e,Gestoffeerd,07-09-2021,3 weken geleden geplaatst,https://kamernet.nl/huren/kamer-boxmeer/marktstraat/kamer-1923338,"{'Woonkamer': ' Geen ', 'Keuken': ' Gedeeld ', 'Badkamer': ' Gedeeld ', 'Toilet': ' Gedeeld ', 'Internet': ' Ja ', 'Energielabel': ' Onbekend ', 'Huisgenoten': '  3 ', 'Geslacht': ' Man ', 'Huisdieren': ' Nee '}",kamer-1923338.html
Kapelaanskamphof,in Herten,8 m,,â‚¬ 295,p/m | incl. g/w/e,Gemeubileerd,07-09-2021,3 weken geleden geplaatst,https://kamernet.nl/huren/kamer-herten/kapelaanskamphof/kamer-1986730,"{'Woonkamer': ' Gedeeld ', 'Keuken': ' Gedeeld ', 'Badkamer': ' Gedeeld ', 'Toilet': ' Gedeeld ', 'Internet': ' Ja ', 'Energielabel': ' A ', 'Huisgenoten': '  2 ', 'Geslacht': ' Gemengd ', 'Huisdieren': ' Nee '}",kamer-1986730.html
Flanorpad,in Leiden,13 m,,â‚¬ 310,p/m | incl. g/w/e,Gemeubileerd,08-09-2021 tot 30-04-2022,3 weken geleden geplaatst,https://kamernet.nl/huren/kamer-leiden/flanorpad/kamer-1986963,"{'Woonkamer': ' Gedeeld ', 'Keuken': ' Gedeeld ', 'Badkamer': ' Gedeeld ', 'Toilet': ' Gedeeld ', 'Internet': ' Ja ', 'Energielabel': ' Onbekend ', 'Huisgenoten': '  Meer dan 8 ', 'Geslacht': ' Gemengd ', 'Huisdieren': ' Nee '}",kamer-1986963.html
Beuvenlaan,in Someren,25 m,,â‚¬ 300,p/m | incl. g/w/e,Kaal,07-09-2021,3 weken geleden geplaatst,https://kamernet.nl/huren/kamer-someren/beuvenlaan/kamer-1986703,"{'Woonkamer': ' Onbekend ', 'Keuken': ' Onbekend ', 'Badkamer': ' Onbekend ', 'Toilet': ' Onbekend ', 'Internet': ' Ja ', 'Energielabel': ' Onbekend ', 'Huisgenoten': '  Onbekend  ', 'Geslacht': ' Onbekend ', 'Huisdieren': ' In overleg '}",kamer-1986703.html
Duinroos,in Noordwijk,76 m,,â‚¬ 1350,p/m | excl. g/w/e,Gemeubileerd,07-09-2021,3 weken geleden geplaatst,https://kamernet.nl/huren/appartement-noordwijk/duinroos/appartement-1986713,"{'Woonkamer': ' Onbekend ', 'Keuken': ' Onbekend ', 'Badkamer': ' Onbekend ', 'Toilet': ' Onbekend ', 'Internet': ' Onbekend ', 'Energielabel': ' Onbekend ', 'Huisdieren': ' In overleg '}",appartement-1986713.html
Havenweg,in Nieuwdorp,10 m,Totale oppervlakte: 20 m 2,â‚¬ 400,p/m | incl. g/w/e,Gemeubileerd,07-09-2021,3 weken geleden geplaatst,https://kamernet.nl/huren/kamer-nieuwdorp/havenweg/kamer-1986782,"{'Woonkamer': ' Gedeeld ', 'Keuken': ' Gedeeld ', 'Badkamer': ' Gedeeld ', 'Toilet': ' Gedeeld ', 'Internet': ' Ja ', 'Energielabel': ' Onbekend ', 'Huisgenoten': '  1 ', 'Geslacht': ' Man ', 'Huisdieren': ' Nee '}",kamer-1986782.html
Menkemaborg,in Lelystad,50 m,Totale oppervlakte: 100 m 2,â‚¬ 795,p/m | excl. g/w/e,Gestoffeerd,15-10-2021,3 weken geleden geplaatst,https://kamernet.nl/huren/kamer-lelystad/menkemaborg/kamer-1987666,"{'Woonkamer': ' Eigen ', 'Keuken': ' Gedeeld ', 'Badkamer': ' Gedeeld ', 'Toilet': ' Gedeeld ', 'Internet': ' Onbekend ', 'Energielabel': ' Onbekend ', 'Huisgenoten': '  2 ', 'Geslacht': ' Man ', 'Huisdieren': ' Nee '}",kamer-1987666.html
Thijmstraat,in Eindhoven,50 m,Totaal 2 kamers,â‚¬ 995,p/m | excl. g/w/e,Gestoffeerd,26-09-2021,3 weken geleden geplaatst,https://kamernet.nl/huren/appartement-eindhoven/thijmstraat/appartement-1986759,"{'Woonkamer': ' Onbekend ', 'Keuken': ' Onbekend ', 'Badkamer': ' Onbekend ', 'Toilet': ' Onbekend ', 'Internet': ' Onbekend ', 'Energielabel': ' Onbekend ', 'Huisdieren': ' In overleg '}",appartement-1986759.html
Waalstraat,in Vlaardingen,110 m,Totaal 4 kamers (2 slaapkamers) ,â‚¬ 1595,p/m | excl. g/w/e,Gestoffeerd,01-10-2021,3 weken geleden geplaatst,https://kamernet.nl/huren/appartement-vlaardingen/waalstraat/appartement-1986884,"{'Woonkamer': ' Eigen ', 'Keuken': ' Eigen ', 'Badkamer': ' Eigen ', 'Toilet': ' Eigen ', 'Internet': ' Ja ', 'Energielabel': ' Onbekend ', 'Huisdieren': ' Nee '}",appartement-1986884.html
Paul Krugerkade,in Haarlem,21 m,Totaal 1 kamer (1 slaapkamer) ,â‚¬ 775,p/m | excl. g/w/e,Gestoffeerd,01-10-2021,3 weken geleden geplaatst,https://kamernet.nl/huren/studio-haarlem/paul-krugerkade/studio-1986791,"{'Woonkamer': ' Eigen ', 'Keuken': ' Gedeeld ', 'Badkamer': ' Eigen ', 'Toilet': ' Eigen ', 'Internet': ' Ja ', 'Energielabel': ' Onbekend ', 'Huisdieren': ' Nee '}",studio-1986791.html
Stationsstraat,in Boxtel,90 m,Totaal 3 kamers,â‚¬ 1200,p/m | excl. g/w/e,Gestoffeerd,07-09-2021,3 weken geleden geplaatst,https://kamernet.nl/huren/appartement-boxtel/stationsstraat/appartement-1986710,"{'Woonkamer': ' Onbekend ', 'Keuken': ' Onbekend ', 'Badkamer': ' Onbekend ', 'Toilet': ' Onbekend ', 'Internet': ' Onbekend ', 'Energielabel': ' Onbekend ', 'Huisdieren': ' In overleg '}",appartement-1986710.html
Prinsenstraat,in Groningen,10 m,,â‚¬ 465,p/m | incl. g/w/e,Kaal,01-10-2021,3 weken geleden geplaatst,https://kamernet.nl/huren/kamer-groningen/prinsenstraat/kamer-1986882,"{'Woonkamer': ' Gedeeld ', 'Keuken': ' Gedeeld ', 'Badkamer': ' Gedeeld ', 'Toilet': ' Gedeeld ', 'Internet': ' Onbekend ', 'Energielabel': ' Onbekend ', 'Huisgenoten': '  2 ', 'Geslacht': ' Gemengd ', 'Huisdieren': ' Nee '}",kamer-1986882.html
Jan van Goyenstraat,in Groningen,14 m,,â‚¬ 320,p/m | incl. g/w/e,Gestoffeerd,01-11-2021,1 week geleden geplaatst,https://kamernet.nl/huren/kamer-groningen/jan-van-goyenstraat/kamer-1989168,"{'Woonkamer': ' Gedeeld ', 'Keuken': ' Gedeeld ', 'Badkamer': ' Gedeeld ', 'Toilet': ' Gedeeld ', 'Internet': ' Ja ', 'Energielabel': ' Onbekend ', 'Huisgenoten': '  2 ', 'Geslacht': ' Man ', 'Huisdieren': ' Nee '}",kamer-1989168.html
Simpelveldstraat,in Tilburg,18 m,,â‚¬ 490,p/m | incl. g/w/e,Gemeubileerd,18-01-2022,3 weken geleden geplaatst,https://kamernet.nl/huren/kamer-tilburg/simpelveldstraat/kamer-1986895,"{'Woonkamer': ' Geen ', 'Keuken': ' Eigen ', 'Badkamer': ' Gedeeld ', 'Toilet': ' Gedeeld ', 'Internet': ' Ja ', 'Energielabel': ' Onbekend ', 'Huisgenoten': '  4  ', 'Geslacht': ' Gemengd ', 'Huisdieren': ' Nee '}",kamer-1986895.html
Ribbeltsweg,in Enschede,10 m,,â‚¬ 315,p/m | incl. g/w/e,Gestoffeerd,07-09-2021,3 weken geleden geplaatst,https://kamernet.nl/huren/kamer-enschede/ribbeltsweg/kamer-1986901,"{'Woonkamer': ' Gedeeld ', 'Keuken': ' Gedeeld ', 'Badkamer': ' Gedeeld ', 'Toilet': ' Gedeeld ', 'Internet': ' Ja ', 'Energielabel': ' Onbekend ', 'Huisgenoten': '  4  ', 'Geslacht': ' Man ', 'Huisdieren': ' Nee '}",kamer-1986901.html
Simpelveldstraat,in Tilburg,17 m,,â‚¬ 470,p/m | incl. g/w/e,Gemeubileerd,20-10-2021,3 weken geleden geplaatst,https://kamernet.nl/huren/kamer-tilburg/simpelveldstraat/kamer-1986894,"{'Woonkamer': ' Geen ', 'Keuken': ' Gedeeld ', 'Badkamer': ' Gedeeld ', 'Toilet': ' Gedeeld ', 'Internet': ' Ja ', 'Energielabel': ' Onbekend ', 'Huisgenoten': '  4  ', 'Geslacht': ' Gemengd ', 'Huisdieren': ' Nee '}",kamer-1986894.html
Minister van Sonstraat,in Tilburg,16 m,,â‚¬ 235,p/m | excl. g/w/e,Onbekend,08-09-2021,3 weken geleden geplaatst,https://kamernet.nl/huren/kamer-tilburg/minister-van-sonstraat/kamer-1986936,"{'Woonkamer': ' Onbekend ', 'Keuken': ' Onbekend ', 'Badkamer': ' Onbekend ', 'Toilet': ' Onbekend ', 'Internet': ' Onbekend ', 'Energielabel': ' Onbekend ', 'Huisgenoten': '  Onbekend  ', 'Geslacht': ' Onbekend ', 'Huisdieren': ' Nee '}",kamer-1986936.html
Graan voor Visch,in Hoofddorp,18 m,Totale oppervlakte: 122 m 2,â‚¬ 410,p/m | excl. g/w/e,Gestoffeerd,30-09-2021 tot 31-10-2022,3 weken geleden geplaatst,https://kamernet.nl/huren/kamer-hoofddorp/graan-voor-visch/kamer-1986917,"{'Woonkamer': ' Gedeeld ', 'Keuken': ' Gedeeld ', 'Badkamer': ' Gedeeld ', 'Toilet': ' Gedeeld ', 'Internet': ' Nee ', 'Energielabel': ' Onbekend ', 'Huisgenoten': '  3 ', 'Geslacht': ' Vrouw ', 'Huisdieren': ' Nee '}",kamer-1986917.html
Rijswijkseweg,in Den Haag,12 m,Totale oppervlakte: 17 m 2,â‚¬ 250,p/m | incl. g/w/e,Gemeubileerd,08-09-2021,3 weken geleden geplaatst,https://kamernet.nl/huren/kamer-den-haag/rijswijkseweg/kamer-1986924,"{'Woonkamer': ' Geen ', 'Keuken': ' Gedeeld ', 'Badkamer': ' Gedeeld ', 'Toilet': ' Gedeeld ', 'Internet': ' Ja ', 'Energielabel': ' Onbekend ', 'Huisgenoten': '  1 ', 'Geslacht': ' Man ', 'Huisdieren': ' In overleg '}",kamer-1986924.html
Marktstraat,in Boxmeer,10 m,Totale oppervlakte: 30 m 2,â‚¬ 405,p/m | incl. g/w/e,Gestoffeerd,15-09-2021,3 weken geleden geplaatst,https://kamernet.nl/huren/kamer-boxmeer/marktstraat/kamer-1923846,"{'Woonkamer': ' Geen ', 'Keuken': ' Gedeeld ', 'Badkamer': ' Gedeeld ', 'Toilet': ' Gedeeld ', 'Internet': ' Ja ', 'Energielabel': ' Onbekend ', 'Huisgenoten': '  3 ', 'Geslacht': ' Gemengd ', 'Huisdieren': ' Nee '}",kamer-1923846.html
Brahmslaan,in Delft,14 m,,â‚¬ 325,p/m | incl. g/w/e,Gestoffeerd,01-10-2021,3 weken geleden geplaatst,https://kamernet.nl/huren/kamer-delft/brahmslaan/kamer-1986861,"{'Woonkamer': ' Gedeeld ', 'Keuken': ' Gedeeld ', 'Badkamer': ' Gedeeld ', 'Toilet': ' Gedeeld ', 'Internet': ' Ja ', 'Energielabel': ' Onbekend ', 'Huisgenoten': '  4  ', 'Geslacht': ' Onbekend ', 'Huisdieren': ' Nee '}",kamer-1986861.html
Wormerhoek,in Capelle aan den IJssel,42 m,Totaal 1 kamer,â‚¬ 880,p/m | excl. g/w/e,Onbekend,08-09-2021,3 weken geleden geplaatst,https://kamernet.nl/huren/appartement-capelle-aan-den-ijssel/wormerhoek/appartement-1986942,"{'Woonkamer': ' Onbekend ', 'Keuken': ' Onbekend ', 'Badkamer': ' Onbekend ', 'Toilet': ' Onbekend ', 'Internet': ' Onbekend ', 'Energielabel': ' Onbekend ', 'Huisdieren': ' In overleg '}",appartement-1986942.html
Oppert,in Rotterdam,8 m,,â‚¬ 750,p/m | incl. g/w/e,Gemeubileerd,24-12-2021,3 weken geleden geplaatst,https://kamernet.nl/huren/kamer-rotterdam/oppert/kamer-1986989,"{'Woonkamer': ' Gedeeld ', 'Keuken': ' Gedeeld ', 'Badkamer': ' Gedeeld ', 'Toilet': ' Gedeeld ', 'Internet': ' Ja ', 'Energielabel': ' A ', 'Huisgenoten': '  3 ', 'Geslacht': ' Gemengd ', 'Huisdieren': ' Nee '}",kamer-1986989.html
Allard Piersonlaan,in Den Haag,140 m,Totaal 6 kamers,â‚¬ 1995,p/m | excl. g/w/e,Gestoffeerd,08-09-2021,3 weken geleden geplaatst,https://kamernet.nl/huren/appartement-den-haag/allard-piersonlaan/appartement-1986940,"{'Woonkamer': ' Onbekend ', 'Keuken': ' Onbekend ', 'Badkamer': ' Onbekend ', 'Toilet': ' Onbekend ', 'Internet': ' Onbekend ', 'Energielabel': ' Onbekend ', 'Huisdieren': ' In overleg '}",appartement-1986940.html
Burgemeester de Beaufortplein,in Markelo,35 m,,â‚¬ 260,p/m | incl. g/w/e,Kaal,07-09-2021,3 weken geleden geplaatst,https://kamernet.nl/huren/anti-kraak-markelo/burgemeester-de-beaufortplein/anti-kraak-1986751,"{'Woonkamer': ' Gedeeld ', 'Keuken': ' Gedeeld ', 'Badkamer': ' Gedeeld ', 'Toilet': ' Eigen ', 'Internet': ' Ja ', 'Energielabel': ' Onbekend ', 'Huisdieren': ' Nee '}",anti-kraak-1986751.html
Bleeklaan,in Leeuwarden,16 m,,â‚¬ 350,p/m | incl. g/w/e,Kaal,01-11-2021,3 weken geleden geplaatst,https://kamernet.nl/huren/kamer-leeuwarden/bleeklaan/kamer-1987029,"{'Woonkamer': ' Eigen ', 'Keuken': ' Gedeeld ', 'Badkamer': ' Gedeeld ', 'Toilet': ' Gedeeld ', 'Internet': ' Ja ', 'Energielabel': ' Onbekend ', 'Huisgenoten': '  3 ', 'Geslacht': ' Gemengd ', 'Huisdieren': ' Nee '}",kamer-1987029.html
Hanzestraat,in Arnhem,7 m,,â‚¬ 335,p/m | incl. g/w/e,Gestoffeerd,01-10-2021,3 weken geleden geplaatst,https://kamernet.nl/huren/kamer-arnhem/hanzestraat/kamer-1987013,"{'Woonkamer': ' Geen ', 'Keuken': ' Gedeeld ', 'Badkamer': ' Gedeeld ', 'Toilet': ' Gedeeld ', 'Internet': ' Ja ', 'Energielabel': ' Onbekend ', 'Huisgenoten': '  3 ', 'Geslacht': ' Gemengd ', 'Huisdieren': ' Nee '}",kamer-1987013.html
Lemsteraak,in Velserbroek,18 m,,â‚¬ 395,p/m | incl. g/w/e,Gestoffeerd,08-09-2021,3 weken geleden geplaatst,https://kamernet.nl/huren/kamer-velserbroek/lemsteraak/kamer-1987016,"{'Woonkamer': ' Onbekend ', 'Keuken': ' Gedeeld ', 'Badkamer': ' Gedeeld ', 'Toilet': ' Gedeeld ', 'Internet': ' Ja ', 'Energielabel': ' Onbekend ', 'Huisgenoten': '  1 ', 'Geslacht': ' Man ', 'Huisdieren': ' In overleg '}",kamer-1987016.html
Puccinistraat,in Schiedam,95 m,Totaal 4 kamers (3 slaapkamers) ,â‚¬ 1100,p/m | incl. g/w/e,Gemeubileerd,08-09-2021,3 weken geleden geplaatst,https://kamernet.nl/huren/appartement-schiedam/puccinistraat/appartement-1986972,"{'Woonkamer': ' Eigen ', 'Keuken': ' Eigen ', 'Badkamer': ' Eigen ', 'Toilet': ' Eigen ', 'Internet': ' Ja ', 'Energielabel': ' A ', 'Huisdieren': ' Nee '}",appartement-1986972.html
Duinroosweg,in Callantsoog,100 m,,â‚¬ 1195,p/m | excl. g/w/e,Gemeubileerd,07-09-2021,3 weken geleden geplaatst,https://kamernet.nl/huren/appartement-callantsoog/duinroosweg/appartement-1986712,"{'Woonkamer': ' Onbekend ', 'Keuken': ' Onbekend ', 'Badkamer': ' Onbekend ', 'Toilet': ' Onbekend ', 'Internet': ' Onbekend ', 'Energielabel': ' Onbekend ', 'Huisdieren': ' In overleg '}",appartement-1986712.html
Schalkwijkerstraat,in Haarlem,70 m,Totaal 3 kamers (2 slaapkamers) ,â‚¬ 1150,p/m | excl. g/w/e,Gestoffeerd,01-10-2021 tot 30-09-2023,3 weken geleden geplaatst,https://kamernet.nl/huren/appartement-haarlem/schalkwijkerstraat/appartement-1986799,"{'Woonkamer': ' Eigen ', 'Keuken': ' Eigen ', 'Badkamer': ' Eigen ', 'Toilet': ' Eigen ', 'Internet': ' Ja ', 'Energielabel': ' Onbekend ', 'Huisdieren': ' Nee '}",appartement-1986799.html
Nieuwe Ebbingestraat,in Groningen,24 m,,â‚¬ 360,p/m | incl. g/w/e,Gestoffeerd,01-10-2021 tot 01-01-2022,3 weken geleden geplaatst,https://kamernet.nl/huren/kamer-groningen/nieuwe-ebbingestraat/kamer-1987025,"{'Woonkamer': ' Geen ', 'Keuken': ' Gedeeld ', 'Badkamer': ' Gedeeld ', 'Toilet': ' Gedeeld ', 'Internet': ' Ja ', 'Energielabel': ' B ', 'Huisgenoten': '  5 ', 'Geslacht': ' Man ', 'Huisdieren': ' Ja '}",kamer-1987025.html
Klaartje Donzestraat,in Eindhoven,10 m,Totale oppervlakte: 50 m 2,â‚¬ 500,p/m | incl. g/w/e,Gemeubileerd,01-10-2021,3 weken geleden geplaatst,https://kamernet.nl/huren/kamer-eindhoven/klaartje-donzestraat/kamer-1987038,"{'Woonkamer': ' Gedeeld ', 'Keuken': ' Gedeeld ', 'Badkamer': ' Gedeeld ', 'Toilet': ' Gedeeld ', 'Internet': ' Ja ', 'Energielabel': ' Onbekend ', 'Huisgenoten': '  2 ', 'Geslacht': ' Gemengd ', 'Huisdieren': ' In overleg '}",kamer-1987038.html
Fons Olterdissenstraat,in Maastricht,14 m,,â‚¬ 1500,p/m | incl. g/w/e,Gemeubileerd,08-09-2021,3 weken geleden geplaatst,https://kamernet.nl/huren/kamer-maastricht/fons-olterdissenstraat/kamer-1987065,"{'Woonkamer': ' Gedeeld ', 'Keuken': ' Gedeeld ', 'Badkamer': ' Gedeeld ', 'Toilet': ' Gedeeld ', 'Internet': ' Ja ', 'Energielabel': ' Onbekend ', 'Huisgenoten': '  3 ', 'Geslacht': ' Gemengd ', 'Huisdieren': ' Nee '}",kamer-1987065.html
Slachthuiskade,in Rotterdam,14 m,Totale oppervlakte: 40 m 2,â‚¬ 525,p/m | incl. g/w/e,Gestoffeerd,19-09-2021,3 weken geleden geplaatst,https://kamernet.nl/huren/kamer-rotterdam/slachthuiskade/kamer-1987046,"{'Woonkamer': ' Gedeeld ', 'Keuken': ' Gedeeld ', 'Badkamer': ' Gedeeld ', 'Toilet': ' Gedeeld ', 'Internet': ' Onbekend ', 'Energielabel': ' Onbekend ', 'Huisgenoten': '  6 ', 'Geslacht': ' Man ', 'Huisdieren': ' Nee '}",kamer-1987046.html
Vlamingstraat,in Delft,68 m,Totaal 1 kamer (1 slaapkamer) ,â‚¬ 1250,p/m | incl. g/w/e,Gestoffeerd,01-10-2021,3 weken geleden geplaatst,https://kamernet.nl/huren/studio-delft/vlamingstraat/studio-1987060,"{'Woonkamer': ' Eigen ', 'Keuken': ' Eigen ', 'Badkamer': ' Eigen ', 'Toilet': ' Eigen ', 'Internet': ' Ja ', 'Energielabel': ' Onbekend ', 'Huisdieren': ' Nee '}",studio-1987060.html
Werfkade,in Amsterdam,40 m,Totaal 3 kamers (2 slaapkamers) ,â‚¬ 1150,p/m | excl. g/w/e,Gemeubileerd,16-10-2021 tot 01-05-2022,3 weken geleden geplaatst,https://kamernet.nl/huren/appartement-amsterdam/werfkade/appartement-1987062,"{'Woonkamer': ' Eigen ', 'Keuken': ' Eigen ', 'Badkamer': ' Eigen ', 'Toilet': ' Eigen ', 'Internet': ' Ja ', 'Energielabel': ' Onbekend ', 'Huisdieren': ' Nee '}",appartement-1987062.html
Von Geusaustraat,in Voorburg,14 m,,â‚¬ 645,p/m | incl. g/w/e,Gemeubileerd,07-09-2021,3 weken geleden geplaatst,https://kamernet.nl/huren/kamer-voorburg/von-geusaustraat/kamer-1986867,"{'Woonkamer': ' Gedeeld ', 'Keuken': ' Gedeeld ', 'Badkamer': ' Gedeeld ', 'Toilet': ' Gedeeld ', 'Internet': ' Ja ', 'Energielabel': ' Onbekend ', 'Huisgenoten': '  4  ', 'Geslacht': ' Gemengd ', 'Huisdieren': ' Nee '}",kamer-1986867.html
Brigantijnstraat,in Rotterdam,18 m,,â‚¬ 630,p/m | incl. g/w/e,Gemeubileerd,01-10-2021,3 weken geleden geplaatst,https://kamernet.nl/huren/kamer-rotterdam/brigantijnstraat/kamer-1987089,"{'Woonkamer': ' Gedeeld ', 'Keuken': ' Gedeeld ', 'Badkamer': ' Gedeeld ', 'Toilet': ' Gedeeld ', 'Internet': ' Ja ', 'Energielabel': ' Onbekend ', 'Huisgenoten': '  1 ', 'Geslacht': ' Man ', 'Huisdieren': ' Nee '}",kamer-1987089.html
Teylersplein,in Nieuwveen,53 m,Totaal 2 kamers (1 slaapkamer) ,â‚¬ 1150,p/m | excl. g/w/e,Gestoffeerd,01-11-2021,3 weken geleden geplaatst,https://kamernet.nl/huren/appartement-nieuwveen/teylersplein/appartement-1987034,"{'Woonkamer': ' Eigen ', 'Keuken': ' Eigen ', 'Badkamer': ' Eigen ', 'Toilet': ' Eigen ', 'Internet': ' Ja ', 'Energielabel': ' Onbekend ', 'Huisdieren': ' In overleg '}",appartement-1987034.html
Notaris A.H. Agessingel,in Leens,80 m,,â‚¬ 260,p/m | incl. g/w/e,Gestoffeerd,06-09-2021,3 weken geleden geplaatst,https://kamernet.nl/huren/kamer-leens/notaris-a.h.-agessingel/kamer-1985550,"{'Woonkamer': ' Eigen ', 'Keuken': ' Eigen ', 'Badkamer': ' Gedeeld ', 'Toilet': ' Gedeeld ', 'Internet': ' Ja ', 'Energielabel': ' Onbekend ', 'Huisgenoten': '  4  ', 'Geslacht': ' Gemengd ', 'Huisdieren': ' Nee '}",kamer-1985550.html
Parkstraat,in Arnhem,25 m,Totale oppervlakte: 6 m 2,â‚¬ 725,p/m | incl. g/w/e,Gestoffeerd,01-10-2021,3 weken geleden geplaatst,https://kamernet.nl/huren/kamer-arnhem/parkstraat/kamer-1985552,"{'Woonkamer': ' Eigen ', 'Keuken': ' Eigen ', 'Badkamer': ' Gedeeld ', 'Toilet': ' Gedeeld ', 'Internet': ' Ja ', 'Energielabel': ' B ', 'Huisgenoten': '  3 ', 'Geslacht': ' Vrouw ', 'Huisdieren': ' Nee '}",kamer-1985552.html
Schoolstraat,in De Wilp,60 m,,â‚¬ 260,p/m | incl. g/w/e,Gestoffeerd,06-09-2021,3 weken geleden geplaatst,https://kamernet.nl/huren/kamer-de-wilp/schoolstraat/kamer-1985551,"{'Woonkamer': ' Eigen ', 'Keuken': ' Gedeeld ', 'Badkamer': ' Gedeeld ', 'Toilet': ' Eigen ', 'Internet': ' Ja ', 'Energielabel': ' Onbekend ', 'Huisgenoten': '  4  ', 'Geslacht': ' Gemengd ', 'Huisdieren': ' Nee '}",kamer-1985551.html
Horsbornplaat,in Delfzijl,126 m,Totaal 5 kamers (2 slaapkamers) ,â‚¬ 460,p/m | excl. g/w/e,Kaal,06-09-2021,3 weken geleden geplaatst,https://kamernet.nl/huren/anti-kraak-delfzijl/horsbornplaat/anti-kraak-1985553,"{'Woonkamer': ' Eigen ', 'Keuken': ' Eigen ', 'Badkamer': ' Eigen ', 'Toilet': ' Eigen ', 'Internet': ' Ja ', 'Energielabel': ' Onbekend ', 'Huisdieren': ' Nee '}",anti-kraak-1985553.html
Bostuin,in Almere,12 m,,â‚¬ 442,p/m | incl. g/w/e,Kaal,01-10-2021,3 weken geleden geplaatst,https://kamernet.nl/huren/kamer-almere/bostuin/kamer-1987043,"{'Woonkamer': ' Gedeeld ', 'Keuken': ' Gedeeld ', 'Badkamer': ' Gedeeld ', 'Toilet': ' Gedeeld ', 'Internet': ' Ja ', 'Energielabel': ' Onbekend ', 'Huisgenoten': '  3 ', 'Geslacht': ' Gemengd ', 'Huisdieren': ' Nee '}",kamer-1987043.html
Populierenlaan,in Leidschendam,9 m,Totale oppervlakte: 700 m 2,â‚¬ 50,p/m | incl. g/w/e,Gemeubileerd,07-09-2021,3 weken geleden geplaatst,https://kamernet.nl/huren/kamer-leidschendam/populierenlaan/kamer-1986719,"{'Woonkamer': ' Gedeeld ', 'Keuken': ' Gedeeld ', 'Badkamer': ' Gedeeld ', 'Toilet': ' Gedeeld ', 'Internet': ' Ja ', 'Energielabel': ' Onbekend ', 'Huisgenoten': '  3 ', 'Geslacht': ' Gemengd ', 'Huisdieren': ' Nee '}",kamer-1986719.html
Horsbornplaat,in Delfzijl,126 m,Totaal 5 kamers (2 slaapkamers) ,â‚¬ 247,p/m | excl. g/w/e,Gestoffeerd,06-09-2021,3 weken geleden geplaatst,https://kamernet.nl/huren/anti-kraak-delfzijl/horsbornplaat/anti-kraak-1985560,"{'Woonkamer': ' Eigen ', 'Keuken': ' Eigen ', 'Badkamer': ' Eigen ', 'Toilet': ' Eigen ', 'Internet': ' Ja ', 'Energielabel': ' Onbekend ', 'Huisdieren': ' Nee '}",anti-kraak-1985560.html
Kousenbandstraat,in Amsterdam,9 m,Totale oppervlakte: 80 m 2,â‚¬ 525,p/m | incl. g/w/e,Gemeubileerd,06-09-2021,3 weken geleden geplaatst,https://kamernet.nl/huren/kamer-amsterdam/kousenbandstraat/kamer-1985555,"{'Woonkamer': ' Gedeeld ', 'Keuken': ' Gedeeld ', 'Badkamer': ' Gedeeld ', 'Toilet': ' Gedeeld ', 'Internet': ' Ja ', 'Energielabel': ' A ', 'Huisgenoten': '  5 ', 'Geslacht': ' Gemengd ', 'Huisdieren': ' Nee '}",kamer-1985555.html
Veerstraat,in Amsterdam,9 m,Totale oppervlakte: 80 m 2,â‚¬ 500,p/m | incl. g/w/e,Gemeubileerd,06-09-2021 tot 30-09-2021,3 weken geleden geplaatst,https://kamernet.nl/huren/kamer-amsterdam/veerstraat/kamer-1985653,"{'Woonkamer': ' Gedeeld ', 'Keuken': ' Gedeeld ', 'Badkamer': ' Gedeeld ', 'Toilet': ' Gedeeld ', 'Internet': ' Ja ', 'Energielabel': ' Onbekend ', 'Huisgenoten': '  1 ', 'Geslacht': ' Man ', 'Huisdieren': ' Nee '}",kamer-1985653.html
Emmalaan,in Utrecht,10 m,,â‚¬ 435,p/m | incl. g/w/e,Gemeubileerd,10-09-2021 tot 01-07-2023,3 weken geleden geplaatst,https://kamernet.nl/huren/kamer-utrecht/emmalaan/kamer-1987072,"{'Woonkamer': ' Gedeeld ', 'Keuken': ' Gedeeld ', 'Badkamer': ' Gedeeld ', 'Toilet': ' Gedeeld ', 'Internet': ' Ja ', 'Energielabel': ' Onbekend ', 'Huisgenoten': '  7 ', 'Geslacht': ' Vrouw ', 'Huisdieren': ' Nee '}",kamer-1987072.html
Zuidlaarderweg,in Tynaarlo,33 m,Totaal 4 kamers (3 slaapkamers) ,â‚¬ 1000,p/m | excl. g/w/e,Gemeubileerd,09-09-2021 tot 16-10-2021,3 weken geleden geplaatst,https://kamernet.nl/huren/appartement-tynaarlo/zuidlaarderweg/appartement-1987049,"{'Woonkamer': ' Eigen ', 'Keuken': ' Eigen ', 'Badkamer': ' Eigen ', 'Toilet': ' Eigen ', 'Internet': ' Ja ', 'Energielabel': ' Onbekend ', 'Huisdieren': ' Nee '}",appartement-1987049.html
Antoni Verburghwijk,in Termunterzijl,30 m,Totale oppervlakte: 999 m 2,â‚¬ 260,p/m | incl. g/w/e,Gestoffeerd,06-09-2021,3 weken geleden geplaatst,https://kamernet.nl/huren/kamer-termunterzijl/antoni-verburghwijk/kamer-1985549,"{'Woonkamer': ' Eigen ', 'Keuken': ' Gedeeld ', 'Badkamer': ' Gedeeld ', 'Toilet': ' Gedeeld ', 'Internet': ' Ja ', 'Energielabel': ' Onbekend ', 'Huisgenoten': '  3 ', 'Geslacht': ' Gemengd ', 'Huisdieren': ' Nee '}",kamer-1985549.html
Tweede Kostverlorenkade,in Amsterdam,76 m,Totaal 3 kamers (1 slaapkamer) ,â‚¬ 1600,p/m | incl. g/w/e,Gemeubileerd,02-11-2021 tot 25-01-2022,3 weken geleden geplaatst,https://kamernet.nl/huren/appartement-amsterdam/tweede-kostverlorenkade/appartement-1985619,"{'Woonkamer': ' Eigen ', 'Keuken': ' Eigen ', 'Badkamer': ' Eigen ', 'Toilet': ' Eigen ', 'Internet': ' Ja ', 'Energielabel': ' Onbekend ', 'Huisdieren': ' In overleg '}",appartement-1985619.html
Schuitenzand,in Delfzijl,75 m,Totaal 4 kamers (1 slaapkamer) ,â‚¬ 380,p/m | excl. g/w/e,Gestoffeerd,06-09-2021,3 weken geleden geplaatst,https://kamernet.nl/huren/anti-kraak-delfzijl/schuitenzand/anti-kraak-1985556,"{'Woonkamer': ' Eigen ', 'Keuken': ' Eigen ', 'Badkamer': ' Eigen ', 'Toilet': ' Eigen ', 'Internet': ' Ja ', 'Energielabel': ' Onbekend ', 'Huisdieren': ' Nee '}",anti-kraak-1985556.html
Lovensestraat,in Tilburg,25 m,Totale oppervlakte: 10 m 2,â‚¬ 675,p/m | incl. g/w/e,Gestoffeerd,24-09-2021,3 weken geleden geplaatst,https://kamernet.nl/huren/kamer-tilburg/lovensestraat/kamer-1987440,"{'Woonkamer': ' Eigen ', 'Keuken': ' Eigen ', 'Badkamer': ' Eigen ', 'Toilet': ' Gedeeld ', 'Internet': ' Ja ', 'Energielabel': ' B ', 'Huisgenoten': '  Meer dan 8 ', 'Geslacht': ' Gemengd ', 'Huisdieren': ' Nee '}",kamer-1987440.html
Trompstraat,in IJmuiden,100 m,Totaal 2 kamers (1 slaapkamer) ,â‚¬ 1300,p/m | incl. g/w/e,Gestoffeerd,15-10-2021 tot 16-03-2022,3 weken geleden geplaatst,https://kamernet.nl/huren/appartement-ijmuiden/trompstraat/appartement-1986996,"{'Woonkamer': ' Eigen ', 'Keuken': ' Eigen ', 'Badkamer': ' Eigen ', 'Toilet': ' Eigen ', 'Internet': ' Ja ', 'Energielabel': ' Onbekend ', 'Huisdieren': ' Nee '}",appartement-1986996.html
Groenhof,in Almere,14 m,,â‚¬ 800,p/m | incl. g/w/e,Gemeubileerd,06-09-2021,3 weken geleden geplaatst,https://kamernet.nl/huren/kamer-almere/groenhof/kamer-1985643,"{'Woonkamer': ' Onbekend ', 'Keuken': ' Onbekend ', 'Badkamer': ' Gedeeld ', 'Toilet': ' Gedeeld ', 'Internet': ' Ja ', 'Energielabel': ' Onbekend ', 'Huisgenoten': '  1 ', 'Geslacht': ' Man ', 'Huisdieren': ' Nee '}",kamer-1985643.html
Ravenhorst,in Leiden,16 m,,â‚¬ 276,p/m | excl. g/w/e,Kaal,01-10-2021,3 weken geleden geplaatst,https://kamernet.nl/huren/kamer-leiden/ravenhorst/kamer-1987480,"{'Woonkamer': ' Geen ', 'Keuken': ' Gedeeld ', 'Badkamer': ' Gedeeld ', 'Toilet': ' Gedeeld ', 'Internet': ' Ja ', 'Energielabel': ' Onbekend ', 'Huisgenoten': '  2 ', 'Geslacht': ' Gemengd ', 'Huisdieren': ' Nee '}",kamer-1987480.html
Corantijnstraat,in Amsterdam,9 m,Totale oppervlakte: 65 m 2,â‚¬ 950,p/m | incl. g/w/e,Kaal,10-09-2021,3 weken geleden geplaatst,https://kamernet.nl/huren/kamer-amsterdam/corantijnstraat/kamer-1987466,"{'Woonkamer': ' Gedeeld ', 'Keuken': ' Gedeeld ', 'Badkamer': ' Gedeeld ', 'Toilet': ' Gedeeld ', 'Internet': ' Ja ', 'Energielabel': ' Onbekend ', 'Huisgenoten': '  1 ', 'Geslacht': ' Man ', 'Huisdieren': ' Nee '}",kamer-1987466.html
Calslaan,in Enschede,14 m,,â‚¬ 289,p/m | incl. g/w/e,Kaal,10-10-2021 tot 31-01-2022,3 weken geleden geplaatst,https://kamernet.nl/huren/kamer-enschede/calslaan/kamer-1987450,"{'Woonkamer': ' Gedeeld ', 'Keuken': ' Gedeeld ', 'Badkamer': ' Gedeeld ', 'Toilet': ' Gedeeld ', 'Internet': ' Ja ', 'Energielabel': ' C ', 'Huisgenoten': '  Meer dan 8 ', 'Geslacht': ' Gemengd ', 'Huisdieren': ' Nee '}",kamer-1987450.html
Van der Mondestraat,in Utrecht,30 m,Totaal 1 kamer (1 slaapkamer) ,â‚¬ 1050,p/m | incl. g/w/e,Gemeubileerd,01-11-2021,3 weken geleden geplaatst,https://kamernet.nl/huren/studio-utrecht/van-der-mondestraat/studio-1987513,"{'Woonkamer': ' Eigen ', 'Keuken': ' Eigen ', 'Badkamer': ' Eigen ', 'Toilet': ' Eigen ', 'Internet': ' Ja ', 'Energielabel': ' A ', 'Huisdieren': ' In overleg '}",studio-1987513.html
Beltstraat,in Enschede,11 m,Totale oppervlakte: 30 m 2,â‚¬ 435,p/m | incl. g/w/e,Gestoffeerd,07-09-2021,3 weken geleden geplaatst,https://kamernet.nl/huren/kamer-enschede/beltstraat/kamer-1986844,"{'Woonkamer': ' Gedeeld ', 'Keuken': ' Gedeeld ', 'Badkamer': ' Gedeeld ', 'Toilet': ' Gedeeld ', 'Internet': ' Ja ', 'Energielabel': ' Onbekend ', 'Huisgenoten': '  4  ', 'Geslacht': ' Gemengd ', 'Huisdieren': ' Nee '}",kamer-1986844.html
Stroveer,in Rotterdam,19 m,,â‚¬ 345,p/m | incl. g/w/e,Kaal,01-10-2021,3 weken geleden geplaatst,https://kamernet.nl/huren/kamer-rotterdam/stroveer/kamer-1987479,"{'Woonkamer': ' Gedeeld ', 'Keuken': ' Gedeeld ', 'Badkamer': ' Gedeeld ', 'Toilet': ' Gedeeld ', 'Internet': ' Ja ', 'Energielabel': ' Onbekend ', 'Huisgenoten': '  4  ', 'Geslacht': ' Gemengd ', 'Huisdieren': ' Nee '}",kamer-1987479.html
Zevenbergsedijkje,in Rotterdam,30 m,,â‚¬ 850,p/m | incl. g/w/e,Gestoffeerd,15-11-2021,3 weken geleden geplaatst,https://kamernet.nl/huren/studio-rotterdam/zevenbergsedijkje/studio-1987529,"{'Woonkamer': ' Eigen ', 'Keuken': ' Eigen ', 'Badkamer': ' Eigen ', 'Toilet': ' Eigen ', 'Internet': ' Nee ', 'Energielabel': ' Onbekend ', 'Huisdieren': ' Nee '}",studio-1987529.html
Professor Kamerlingh Onneslaan,in Schiedam,35 m,Totaal 2 kamers (1 slaapkamer) ,â‚¬ 750,p/m | excl. g/w/e,Gestoffeerd,10-09-2021,3 weken geleden geplaatst,https://kamernet.nl/huren/studio-schiedam/professor-kamerlingh-onneslaan/studio-1987496,"{'Woonkamer': ' Eigen ', 'Keuken': ' Eigen ', 'Badkamer': ' Gedeeld ', 'Toilet': ' Gedeeld ', 'Internet': ' Onbekend ', 'Energielabel': ' Onbekend ', 'Huisdieren': ' In overleg '}",studio-1987496.html
Rijndijk,in Hazerswoude-Rijndijk,26 m,,â‚¬ 925,p/m | incl. g/w/e,Gemeubileerd,27-11-2020,3 weken geleden geplaatst,https://kamernet.nl/huren/kamer-hazerswoude-rijndijk/rijndijk/kamer-1876265,"{'Woonkamer': ' Gedeeld ', 'Keuken': ' Gedeeld ', 'Badkamer': ' Eigen ', 'Toilet': ' Eigen ', 'Internet': ' Ja ', 'Energielabel': ' Onbekend ', 'Huisgenoten': '  Onbekend  ', 'Geslacht': ' Onbekend ', 'Huisdieren': ' Ja '}",kamer-1876265.html
Heeskesacker,in Nijmegen,16 m,Totale oppervlakte: 50 m 2,â‚¬ 499,p/m | incl. g/w/e,Gemeubileerd,01-10-2021,3 weken geleden geplaatst,https://kamernet.nl/huren/kamer-nijmegen/heeskesacker/kamer-1987565,"{'Woonkamer': ' Gedeeld ', 'Keuken': ' Gedeeld ', 'Badkamer': ' Gedeeld ', 'Toilet': ' Gedeeld ', 'Internet': ' Ja ', 'Energielabel': ' C ', 'Huisgenoten': '  2 ', 'Geslacht': ' Vrouw ', 'Huisdieren': ' Nee '}",kamer-1987565.html
Rooseveltstraat,in Leiden,12 m,,â‚¬ 315,p/m | incl. g/w/e,Gestoffeerd,01-10-2021,3 weken geleden geplaatst,https://kamernet.nl/huren/kamer-leiden/rooseveltstraat/kamer-1987528,"{'Woonkamer': ' Geen ', 'Keuken': ' Gedeeld ', 'Badkamer': ' Gedeeld ', 'Toilet': ' Gedeeld ', 'Internet': ' Ja ', 'Energielabel': ' Onbekend ', 'Huisgenoten': '  8  ', 'Geslacht': ' Gemengd ', 'Huisdieren': ' Nee '}",kamer-1987528.html
C. Fockstraat,in Delft,6 m,,â‚¬ 235,p/m | incl. g/w/e,Kaal,01-10-2021,3 weken geleden geplaatst,https://kamernet.nl/huren/kamer-delft/c.-fockstraat/kamer-1985634,"{'Woonkamer': ' Gedeeld ', 'Keuken': ' Gedeeld ', 'Badkamer': ' Gedeeld ', 'Toilet': ' Gedeeld ', 'Internet': ' Ja ', 'Energielabel': ' Onbekend ', 'Huisgenoten': '  3 ', 'Geslacht': ' Gemengd ', 'Huisdieren': ' Nee '}",kamer-1985634.html
E. du Perronlaan,in Delft,16 m,,â‚¬ 325,p/m | incl. g/w/e,Gestoffeerd,01-10-2021,3 weken geleden geplaatst,https://kamernet.nl/huren/kamer-delft/e.-du-perronlaan/kamer-1987577,"{'Woonkamer': ' Gedeeld ', 'Keuken': ' Gedeeld ', 'Badkamer': ' Gedeeld ', 'Toilet': ' Gedeeld ', 'Internet': ' Ja ', 'Energielabel': ' Onbekend ', 'Huisgenoten': '  2 ', 'Geslacht': ' Gemengd ', 'Huisdieren': ' Nee '}",kamer-1987577.html
Anthoniedijk,in Utrecht,34 m,Totaal 1 kamer (1 slaapkamer) ,â‚¬ 1066,p/m | incl. g/w/e,Gestoffeerd,06-09-2021,3 weken geleden geplaatst,https://kamernet.nl/huren/studio-utrecht/anthoniedijk/studio-1985580,"{'Woonkamer': ' Eigen ', 'Keuken': ' Eigen ', 'Badkamer': ' Eigen ', 'Toilet': ' Eigen ', 'Internet': ' Nee ', 'Energielabel': ' Onbekend ', 'Huisdieren': ' Nee '}",studio-1985580.html
Fazantlaan,in Eindhoven,60 m,Totaal 2 kamers,â‚¬ 1450,p/m | excl. g/w/e,Gemeubileerd,01-01-2022,3 weken geleden geplaatst,https://kamernet.nl/huren/appartement-eindhoven/fazantlaan/appartement-1987135,"{'Woonkamer': ' Onbekend ', 'Keuken': ' Onbekend ', 'Badkamer': ' Onbekend ', 'Toilet': ' Onbekend ', 'Internet': ' Onbekend ', 'Energielabel': ' Onbekend ', 'Huisdieren': ' Nee '}",appartement-1987135.html
Veerstraat,in Waardenburg,20 m,Totaal 1 kamer (1 slaapkamer) ,â‚¬ 595,p/m | incl. g/w/e,Gemeubileerd,10-09-2021,3 weken geleden geplaatst,https://kamernet.nl/huren/studio-waardenburg/veerstraat/studio-1987559,"{'Woonkamer': ' Eigen ', 'Keuken': ' Eigen ', 'Badkamer': ' Gedeeld ', 'Toilet': ' Eigen ', 'Internet': ' Ja ', 'Energielabel': ' Onbekend ', 'Huisdieren': ' Nee '}",studio-1987559.html
Grevenmacherhof,in Eindhoven,43 m,,â‚¬ 975,p/m | excl. g/w/e,Gestoffeerd,01-10-2021,3 weken geleden geplaatst,https://kamernet.nl/huren/appartement-eindhoven/grevenmacherhof/appartement-1986683,"{'Woonkamer': ' Eigen ', 'Keuken': ' Eigen ', 'Badkamer': ' Eigen ', 'Toilet': ' Eigen ', 'Internet': ' Nee ', 'Energielabel': ' B ', 'Huisdieren': ' Nee '}",appartement-1986683.html
Sphinxlunet,in Maastricht,100 m,Totaal 2 kamers,â‚¬ 1535,p/m | excl. g/w/e,Kaal,01-11-2021,3 weken geleden geplaatst,https://kamernet.nl/huren/appartement-maastricht/sphinxlunet/appartement-1987581,"{'Woonkamer': ' Onbekend ', 'Keuken': ' Onbekend ', 'Badkamer': ' Onbekend ', 'Toilet': ' Onbekend ', 'Internet': ' Ja ', 'Energielabel': ' Onbekend ', 'Huisdieren': ' Nee '}",appartement-1987581.html
Patrimoniumlaan,in Amstelveen,15 m,,â‚¬ 850,p/m | incl. g/w/e,Gemeubileerd,01-10-2021 tot 01-01-2023,3 weken geleden geplaatst,https://kamernet.nl/huren/kamer-amstelveen/patrimoniumlaan/kamer-1987521,"{'Woonkamer': ' Gedeeld ', 'Keuken': ' Gedeeld ', 'Badkamer': ' Gedeeld ', 'Toilet': ' Gedeeld ', 'Internet': ' Ja ', 'Energielabel': ' Onbekend ', 'Huisgenoten': '  1 ', 'Geslacht': ' Man ', 'Huisdieren': ' Nee '}",kamer-1987521.html
Fazantlaan,in Eindhoven,54 m,Totaal 1 kamer,â‚¬ 1350,p/m | excl. g/w/e,Gemeubileerd,01-01-2022,3 weken geleden geplaatst,https://kamernet.nl/huren/appartement-eindhoven/fazantlaan/appartement-1987140,"{'Woonkamer': ' Onbekend ', 'Keuken': ' Onbekend ', 'Badkamer': ' Onbekend ', 'Toilet': ' Onbekend ', 'Internet': ' Onbekend ', 'Energielabel': ' Onbekend ', 'Huisdieren': ' Nee '}",appartement-1987140.html
Molenstraat,in Tilburg,13 m,,â‚¬ 350,p/m | excl. g/w/e,Onbekend,07-09-2021,3 weken geleden geplaatst,https://kamernet.nl/huren/kamer-tilburg/molenstraat/kamer-1986706,"{'Woonkamer': ' Onbekend ', 'Keuken': ' Onbekend ', 'Badkamer': ' Onbekend ', 'Toilet': ' Onbekend ', 'Internet': ' Onbekend ', 'Energielabel': ' Onbekend ', 'Huisgenoten': '  Onbekend  ', 'Geslacht': ' Onbekend ', 'Huisdieren': ' Nee '}",kamer-1986706.html
Fazantlaan,in Eindhoven,53 m,Totaal 1 kamer,â‚¬ 1350,p/m | excl. g/w/e,Gemeubileerd,01-01-2022,3 weken geleden geplaatst,https://kamernet.nl/huren/appartement-eindhoven/fazantlaan/appartement-1987139,"{'Woonkamer': ' Onbekend ', 'Keuken': ' Onbekend ', 'Badkamer': ' Onbekend ', 'Toilet': ' Onbekend ', 'Internet': ' Onbekend ', 'Energielabel': ' Onbekend ', 'Huisdieren': ' Nee '}",appartement-1987139.html
Fazantlaan,in Eindhoven,45 m,Totaal 1 kamer,â‚¬ 1250,p/m | excl. g/w/e,Gemeubileerd,01-01-2022,3 weken geleden geplaatst,https://kamernet.nl/huren/appartement-eindhoven/fazantlaan/appartement-1987137,"{'Woonkamer': ' Onbekend ', 'Keuken': ' Onbekend ', 'Badkamer': ' Onbekend ', 'Toilet': ' Onbekend ', 'Internet': ' Onbekend ', 'Energielabel': ' Onbekend ', 'Huisdieren': ' Nee '}",appartement-1987137.html
Adriaen van Ostadelaan,in Utrecht,21 m,Totaal 3 kamers,â‚¬ 1990,p/m | incl. g/w/e,Gemeubileerd,02-10-2021,3 weken geleden geplaatst,https://kamernet.nl/huren/studio-utrecht/adriaen-van-ostadelaan/studio-1987168,"{'Woonkamer': ' Eigen ', 'Keuken': ' Eigen ', 'Badkamer': ' Eigen ', 'Toilet': ' Eigen ', 'Internet': ' Ja ', 'Energielabel': ' Onbekend ', 'Huisdieren': ' Nee '}",studio-1987168.html
Fazantlaan,in Eindhoven,68 m,Totaal 1 kamer,â‚¬ 1450,p/m | excl. g/w/e,Gemeubileerd,01-01-2022,3 weken geleden geplaatst,https://kamernet.nl/huren/appartement-eindhoven/fazantlaan/appartement-1987141,"{'Woonkamer': ' Onbekend ', 'Keuken': ' Onbekend ', 'Badkamer': ' Onbekend ', 'Toilet': ' Onbekend ', 'Internet': ' Onbekend ', 'Energielabel': ' Onbekend ', 'Huisdieren': ' Nee '}",appartement-1987141.html
Fazantlaan,in Eindhoven,58 m,Totaal 1 kamer,â‚¬ 1375,p/m | excl. g/w/e,Gemeubileerd,01-01-2022,3 weken geleden geplaatst,https://kamernet.nl/huren/appartement-eindhoven/fazantlaan/appartement-1987142,"{'Woonkamer': ' Onbekend ', 'Keuken': ' Onbekend ', 'Badkamer': ' Onbekend ', 'Toilet': ' Onbekend ', 'Internet': ' Onbekend ', 'Energielabel': ' Onbekend ', 'Huisdieren': ' Nee '}",appartement-1987142.html
Stadhoudersring,in Zoetermeer,10 m,Totale oppervlakte: 80 m 2,â‚¬ 800,p/m | incl. g/w/e,Gemeubileerd,09-09-2021,3 weken geleden geplaatst,https://kamernet.nl/huren/kamer-zoetermeer/stadhoudersring/kamer-1987111,"{'Woonkamer': ' Gedeeld ', 'Keuken': ' Gedeeld ', 'Badkamer': ' Gedeeld ', 'Toilet': ' Gedeeld ', 'Internet': ' Ja ', 'Energielabel': ' Onbekend ', 'Huisgenoten': '  1 ', 'Geslacht': ' Vrouw ', 'Huisdieren': ' Nee '}",kamer-1987111.html
Cauberg,in Capelle aan den IJssel,15 m,Totale oppervlakte: 120 m 2,â‚¬ 400,p/m | incl. g/w/e,Gemeubileerd,09-04-2020,3 weken geleden geplaatst,https://kamernet.nl/huren/kamer-capelle-aan-den-ijssel/cauberg/kamer-1790049,"{'Woonkamer': ' Gedeeld ', 'Keuken': ' Gedeeld ', 'Badkamer': ' Gedeeld ', 'Toilet': ' Gedeeld ', 'Internet': ' Ja ', 'Energielabel': ' A ', 'Huisgenoten': '  2 ', 'Geslacht': ' Man ', 'Huisdieren': ' Nee '}",kamer-1790049.html
Fazantlaan,in Eindhoven,60 m,Totaal 2 kamers,â‚¬ 1450,p/m | excl. g/w/e,Gemeubileerd,01-01-2022,3 weken geleden geplaatst,https://kamernet.nl/huren/appartement-eindhoven/fazantlaan/appartement-1987143,"{'Woonkamer': ' Onbekend ', 'Keuken': ' Onbekend ', 'Badkamer': ' Onbekend ', 'Toilet': ' Onbekend ', 'Internet': ' Onbekend ', 'Energielabel': ' Onbekend ', 'Huisdieren': ' Nee '}",appartement-1987143.html
IJsselsingel,in Den Bosch,85 m,Totaal 3 kamers,â‚¬ 1225,p/m | excl. g/w/e,Gestoffeerd,01-10-2021,3 weken geleden geplaatst,https://kamernet.nl/huren/appartement-den-bosch/ijsselsingel/appartement-1987133,"{'Woonkamer': ' Onbekend ', 'Keuken': ' Onbekend ', 'Badkamer': ' Onbekend ', 'Toilet': ' Onbekend ', 'Internet': ' Onbekend ', 'Energielabel': ' Onbekend ', 'Huisdieren': ' Nee '}",appartement-1987133.html
Munnickenhof,in Heiloo,176 m,,â‚¬ 2450,p/m | excl. g/w/e,Gestoffeerd,01-11-2021,3 weken geleden geplaatst,https://kamernet.nl/huren/appartement-heiloo/munnickenhof/appartement-1987146,"{'Woonkamer': ' Onbekend ', 'Keuken': ' Onbekend ', 'Badkamer': ' Onbekend ', 'Toilet': ' Onbekend ', 'Internet': ' Onbekend ', 'Energielabel': ' Onbekend ', 'Huisdieren': ' Nee '}",appartement-1987146.html
Pietersbergweg,in Amsterdam,85 m,Totaal 3 kamers,â‚¬ 1658,p/m | excl. g/w/e,Onbekend,09-09-2021,3 weken geleden geplaatst,https://kamernet.nl/huren/appartement-amsterdam/pietersbergweg/appartement-1987150,"{'Woonkamer': ' Onbekend ', 'Keuken': ' Onbekend ', 'Badkamer': ' Onbekend ', 'Toilet': ' Onbekend ', 'Internet': ' Onbekend ', 'Energielabel': ' Onbekend ', 'Huisdieren': ' Nee '}",appartement-1987150.html
Jan Kistenstraat,in Den Haag,13 m,Totale oppervlakte: 50 m 2,â‚¬ 350,p/m | incl. g/w/e,Gemeubileerd,01-10-2021,3 weken geleden geplaatst,https://kamernet.nl/huren/kamer-den-haag/jan-kistenstraat/kamer-1987538,"{'Woonkamer': ' Onbekend ', 'Keuken': ' Gedeeld ', 'Badkamer': ' Gedeeld ', 'Toilet': ' Eigen ', 'Internet': ' Ja ', 'Energielabel': ' Onbekend ', 'Huisgenoten': '  3 ', 'Geslacht': ' Gemengd ', 'Huisdieren': ' Nee '}",kamer-1987538.html
Germanenlaan,in Apeldoorn,75 m,,â‚¬ 975,p/m | excl. g/w/e,Gestoffeerd,01-11-2021,3 weken geleden geplaatst,https://kamernet.nl/huren/appartement-apeldoorn/germanenlaan/appartement-1987144,"{'Woonkamer': ' Onbekend ', 'Keuken': ' Onbekend ', 'Badkamer': ' Onbekend ', 'Toilet': ' Onbekend ', 'Internet': ' Onbekend ', 'Energielabel': ' Onbekend ', 'Huisdieren': ' Nee '}",appartement-1987144.html
Pietersbergweg,in Amsterdam,91 m,Totaal 3 kamers,â‚¬ 1729,p/m | excl. g/w/e,Onbekend,09-09-2021,3 weken geleden geplaatst,https://kamernet.nl/huren/appartement-amsterdam/pietersbergweg/appartement-1987153,"{'Woonkamer': ' Onbekend ', 'Keuken': ' Onbekend ', 'Badkamer': ' Onbekend ', 'Toilet': ' Onbekend ', 'Internet': ' Onbekend ', 'Energielabel': ' Onbekend ', 'Huisdieren': ' Nee '}",appartement-1987153.html
Fazantlaan,in Eindhoven,62 m,Totaal 1 kamer,â‚¬ 1450,p/m | excl. g/w/e,Gemeubileerd,01-01-2022,3 weken geleden geplaatst,https://kamernet.nl/huren/appartement-eindhoven/fazantlaan/appartement-1987136,"{'Woonkamer': ' Onbekend ', 'Keuken': ' Onbekend ', 'Badkamer': ' Onbekend ', 'Toilet': ' Onbekend ', 'Internet': ' Onbekend ', 'Energielabel': ' Onbekend ', 'Huisdieren': ' Nee '}",appartement-1987136.html
Pietersbergweg,in Amsterdam,91 m,Totaal 3 kamers,â‚¬ 1729,p/m | excl. g/w/e,Onbekend,09-09-2021,3 weken geleden geplaatst,https://kamernet.nl/huren/appartement-amsterdam/pietersbergweg/appartement-1987155,"{'Woonkamer': ' Onbekend ', 'Keuken': ' Onbekend ', 'Badkamer': ' Onbekend ', 'Toilet': ' Onbekend ', 'Internet': ' Onbekend ', 'Energielabel': ' Onbekend ', 'Huisdieren': ' Nee '}",appartement-1987155.html
Pietersbergweg,in Amsterdam,53 m,Totaal 1 kamer,â‚¬ 1300,p/m | excl. g/w/e,Onbekend,09-09-2021,3 weken geleden geplaatst,https://kamernet.nl/huren/appartement-amsterdam/pietersbergweg/appartement-1987156,"{'Woonkamer': ' Onbekend ', 'Keuken': ' Onbekend ', 'Badkamer': ' Onbekend ', 'Toilet': ' Onbekend ', 'Internet': ' Onbekend ', 'Energielabel': ' Onbekend ', 'Huisdieren': ' Nee '}",appartement-1987156.html
Adriaen van Ostadelaan,in Utrecht,23 m,Totaal 3 kamers,â‚¬ 1990,p/m | incl. g/w/e,Gemeubileerd,02-10-2021,3 weken geleden geplaatst,https://kamernet.nl/huren/studio-utrecht/adriaen-van-ostadelaan/studio-1987170,"{'Woonkamer': ' Eigen ', 'Keuken': ' Eigen ', 'Badkamer': ' Eigen ', 'Toilet': ' Eigen ', 'Internet': ' Ja ', 'Energielabel': ' Onbekend ', 'Huisdieren': ' Nee '}",studio-1987170.html
Tolhuis,in Nijmegen,8 m,Totale oppervlakte: 80 m 2,â‚¬ 265,p/m | excl. g/w/e,Gestoffeerd,01-10-2021,3 weken geleden geplaatst,https://kamernet.nl/huren/kamer-nijmegen/tolhuis/kamer-1987184,"{'Woonkamer': ' Gedeeld ', 'Keuken': ' Gedeeld ', 'Badkamer': ' Gedeeld ', 'Toilet': ' Gedeeld ', 'Internet': ' Ja ', 'Energielabel': ' Onbekend ', 'Huisgenoten': '  4  ', 'Geslacht': ' Gemengd ', 'Huisdieren': ' Nee '}",kamer-1987184.html
Adriaen van Ostadelaan,in Utrecht,30 m,Totaal 3 kamers,â‚¬ 1990,p/m | incl. g/w/e,Gemeubileerd,02-10-2021,3 weken geleden geplaatst,https://kamernet.nl/huren/studio-utrecht/adriaen-van-ostadelaan/studio-1987169,"{'Woonkamer': ' Eigen ', 'Keuken': ' Eigen ', 'Badkamer': ' Eigen ', 'Toilet': ' Eigen ', 'Internet': ' Ja ', 'Energielabel': ' Onbekend ', 'Huisdieren': ' Nee '}",studio-1987169.html
Burgemeester des Tombeweg,in Abcoude,12 m,,â‚¬ 550,p/m | incl. g/w/e,Gemeubileerd,02-01-2022,3 weken geleden geplaatst,https://kamernet.nl/huren/kamer-abcoude/burgemeester-des-tombeweg/kamer-1987186,"{'Woonkamer': ' Gedeeld ', 'Keuken': ' Gedeeld ', 'Badkamer': ' Gedeeld ', 'Toilet': ' Gedeeld ', 'Internet': ' Ja ', 'Energielabel': ' Onbekend ', 'Huisgenoten': '  2 ', 'Geslacht': ' Vrouw ', 'Huisdieren': ' Nee '}",kamer-1987186.html
Kortekade,in Rotterdam,14 m,,â‚¬ 475,p/m | incl. g/w/e,Gestoffeerd,01-10-2021,3 weken geleden geplaatst,https://kamernet.nl/huren/kamer-rotterdam/kortekade/kamer-1987188,"{'Woonkamer': ' Gedeeld ', 'Keuken': ' Gedeeld ', 'Badkamer': ' Gedeeld ', 'Toilet': ' Gedeeld ', 'Internet': ' Ja ', 'Energielabel': ' Onbekend ', 'Huisgenoten': '  3 ', 'Geslacht': ' Man ', 'Huisdieren': ' Nee '}",kamer-1987188.html
Bezuidenhoutseweg,in Den Haag,85 m,Totaal 2 kamers,â‚¬ 2185,p/m | excl. g/w/e,Gemeubileerd,10-09-2021,3 weken geleden geplaatst,https://kamernet.nl/huren/appartement-den-haag/bezuidenhoutseweg/appartement-1987211,"{'Woonkamer': ' Onbekend ', 'Keuken': ' Onbekend ', 'Badkamer': ' Onbekend ', 'Toilet': ' Onbekend ', 'Internet': ' Onbekend ', 'Energielabel': ' Onbekend ', 'Huisdieren': ' In overleg '}",appartement-1987211.html
Pietersbergweg,in Amsterdam,91 m,Totaal 3 kamers,â‚¬ 1729,p/m | excl. g/w/e,Onbekend,09-09-2021,3 weken geleden geplaatst,https://kamernet.nl/huren/appartement-amsterdam/pietersbergweg/appartement-1987152,"{'Woonkamer': ' Onbekend ', 'Keuken': ' Onbekend ', 'Badkamer': ' Onbekend ', 'Toilet': ' Onbekend ', 'Internet': ' Onbekend ', 'Energielabel': ' Onbekend ', 'Huisdieren': ' Nee '}",appartement-1987152.html
Wamelstraat,in Amsterdam,13 m,Totale oppervlakte: 104 m 2,â‚¬ 800,p/m | excl. g/w/e,Gemeubileerd,09-09-2021 tot 24-10-2021,3 weken geleden geplaatst,https://kamernet.nl/huren/kamer-amsterdam/wamelstraat/kamer-1987165,"{'Woonkamer': ' Gedeeld ', 'Keuken': ' Gedeeld ', 'Badkamer': ' Gedeeld ', 'Toilet': ' Gedeeld ', 'Internet': ' Ja ', 'Energielabel': ' Onbekend ', 'Huisgenoten': '  2 ', 'Geslacht': ' Gemengd ', 'Huisdieren': ' Nee '}",kamer-1987165.html
Vlietwaard,in Alkmaar,9 m,Totale oppervlakte: 150 m 2,â‚¬ 380,p/m | incl. g/w/e,Gestoffeerd,09-09-2021,3 weken geleden geplaatst,https://kamernet.nl/huren/kamer-alkmaar/vlietwaard/kamer-1987231,"{'Woonkamer': ' Gedeeld ', 'Keuken': ' Gedeeld ', 'Badkamer': ' Gedeeld ', 'Toilet': ' Gedeeld ', 'Internet': ' Ja ', 'Energielabel': ' B ', 'Huisgenoten': '  4  ', 'Geslacht': ' Gemengd ', 'Huisdieren': ' Nee '}",kamer-1987231.html
Parallelweg,in Sint Maartensvlotbrug,100 m,,â‚¬ 1750,p/m | excl. g/w/e,Gemeubileerd,23-10-2021,3 weken geleden geplaatst,https://kamernet.nl/huren/appartement-sint-maartensvlotbrug/parallelweg/appartement-1987145,"{'Woonkamer': ' Onbekend ', 'Keuken': ' Onbekend ', 'Badkamer': ' Onbekend ', 'Toilet': ' Onbekend ', 'Internet': ' Onbekend ', 'Energielabel': ' Onbekend ', 'Huisdieren': ' Nee '}",appartement-1987145.html
Boerhaavelaan,in Leiden,11 m,,â‚¬ 320,p/m | incl. g/w/e,Gestoffeerd,15-09-2021,3 weken geleden geplaatst,https://kamernet.nl/huren/kamer-leiden/boerhaavelaan/kamer-1987262,"{'Woonkamer': ' Gedeeld ', 'Keuken': ' Gedeeld ', 'Badkamer': ' Gedeeld ', 'Toilet': ' Gedeeld ', 'Internet': ' Ja ', 'Energielabel': ' Onbekend ', 'Huisgenoten': '  Meer dan 8 ', 'Geslacht': ' Gemengd ', 'Huisdieren': ' Nee '}",kamer-1987262.html
Pleinweg,in Rotterdam,35 m,Totaal 1 kamer (1 slaapkamer) ,â‚¬ 750,p/m | excl. g/w/e,Gestoffeerd,09-09-2021,3 weken geleden geplaatst,https://kamernet.nl/huren/studio-rotterdam/pleinweg/studio-1987232,"{'Woonkamer': ' Eigen ', 'Keuken': ' Gedeeld ', 'Badkamer': ' Eigen ', 'Toilet': ' Eigen ', 'Internet': ' Onbekend ', 'Energielabel': ' Onbekend ', 'Huisdieren': ' Ja '}",studio-1987232.html
Bezuidenhoutseweg,in Den Haag,150 m,Totaal 1 kamer,â‚¬ 3310,p/m | excl. g/w/e,Gemeubileerd,11-09-2021,3 weken geleden geplaatst,https://kamernet.nl/huren/appartement-den-haag/bezuidenhoutseweg/appartement-1987212,"{'Woonkamer': ' Onbekend ', 'Keuken': ' Onbekend ', 'Badkamer': ' Onbekend ', 'Toilet': ' Onbekend ', 'Internet': ' Onbekend ', 'Energielabel': ' Onbekend ', 'Huisdieren': ' In overleg '}",appartement-1987212.html
Straatweg,in Rotterdam,23 m,Totale oppervlakte: 105 m 2,â‚¬ 400,p/m | incl. g/w/e,Gemeubileerd,09-09-2021,3 weken geleden geplaatst,https://kamernet.nl/huren/kamer-rotterdam/straatweg/kamer-1987214,"{'Woonkamer': ' Gedeeld ', 'Keuken': ' Gedeeld ', 'Badkamer': ' Gedeeld ', 'Toilet': ' Gedeeld ', 'Internet': ' Ja ', 'Energielabel': ' Onbekend ', 'Huisgenoten': '  2 ', 'Geslacht': ' Man ', 'Huisdieren': ' Nee '}",kamer-1987214.html
Lingestraat,in Groningen,18 m,,â‚¬ 620,p/m | incl. g/w/e,Gemeubileerd,29-09-2021 tot 31-12-2021,3 weken geleden geplaatst,https://kamernet.nl/huren/kamer-groningen/lingestraat/kamer-1987331,"{'Woonkamer': ' Gedeeld ', 'Keuken': ' Gedeeld ', 'Badkamer': ' Gedeeld ', 'Toilet': ' Gedeeld ', 'Internet': ' Ja ', 'Energielabel': ' Onbekend ', 'Huisgenoten': '  1 ', 'Geslacht': ' Vrouw ', 'Huisdieren': ' Nee '}",kamer-1987331.html
Oude Delft,in Delft,16 m,,â‚¬ 340,p/m | incl. g/w/e,Gestoffeerd,09-10-2021,3 weken geleden geplaatst,https://kamernet.nl/huren/kamer-delft/oude-delft/kamer-1987302,"{'Woonkamer': ' Onbekend ', 'Keuken': ' Onbekend ', 'Badkamer': ' Onbekend ', 'Toilet': ' Onbekend ', 'Internet': ' Onbekend ', 'Energielabel': ' Onbekend ', 'Huisgenoten': '  Meer dan 8 ', 'Geslacht': ' Gemengd ', 'Huisdieren': ' In overleg '}",kamer-1987302.html
Fazantlaan,in Eindhoven,40 m,Totaal 1 kamer,â‚¬ 1200,p/m | excl. g/w/e,Gemeubileerd,01-01-2022,3 weken geleden geplaatst,https://kamernet.nl/huren/appartement-eindhoven/fazantlaan/appartement-1987138,"{'Woonkamer': ' Onbekend ', 'Keuken': ' Onbekend ', 'Badkamer': ' Onbekend ', 'Toilet': ' Onbekend ', 'Internet': ' Onbekend ', 'Energielabel': ' Onbekend ', 'Huisdieren': ' Nee '}",appartement-1987138.html
E. du Perronlaan,in Delft,20 m,,â‚¬ 342,p/m | incl. g/w/e,Gestoffeerd,25-09-2021,3 weken geleden geplaatst,https://kamernet.nl/huren/kamer-delft/e.-du-perronlaan/kamer-1987352,"{'Woonkamer': ' Gedeeld ', 'Keuken': ' Gedeeld ', 'Badkamer': ' Gedeeld ', 'Toilet': ' Gedeeld ', 'Internet': ' Ja ', 'Energielabel': ' Onbekend ', 'Huisgenoten': '  5 ', 'Geslacht': ' Gemengd ', 'Huisdieren': ' In overleg '}",kamer-1987352.html
Vlietweg,in Leiden,20 m,Totale oppervlakte: 10 m 2,â‚¬ 600,p/m | incl. g/w/e,Gestoffeerd,15-09-2021,3 weken geleden geplaatst,https://kamernet.nl/huren/kamer-leiden/vlietweg/kamer-1987199,"{'Woonkamer': ' Geen ', 'Keuken': ' Gedeeld ', 'Badkamer': ' Gedeeld ', 'Toilet': ' Gedeeld ', 'Internet': ' Ja ', 'Energielabel': ' F ', 'Huisgenoten': '  5 ', 'Geslacht': ' Gemengd ', 'Huisdieren': ' Nee '}",kamer-1987199.html
Westwagenstraat,in Gorinchem,35 m,Totaal 2 kamers (1 slaapkamer) ,â‚¬ 900,p/m | incl. g/w/e,Gemeubileerd,01-11-2021 tot 31-10-2022,3 weken geleden geplaatst,https://kamernet.nl/huren/studio-gorinchem/westwagenstraat/studio-1987106,"{'Woonkamer': ' Eigen ', 'Keuken': ' Eigen ', 'Badkamer': ' Eigen ', 'Toilet': ' Eigen ', 'Internet': ' Ja ', 'Energielabel': ' D ', 'Huisdieren': ' Nee '}",studio-1987106.html
Willem Dreespark,in Den Haag,20 m,,â‚¬ 500,p/m | incl. g/w/e,Gemeubileerd,11-09-2021,3 weken geleden geplaatst,https://kamernet.nl/huren/kamer-den-haag/willem-dreespark/kamer-1987370,"{'Woonkamer': ' Geen ', 'Keuken': ' Gedeeld ', 'Badkamer': ' Gedeeld ', 'Toilet': ' Gedeeld ', 'Internet': ' Ja ', 'Energielabel': ' Onbekend ', 'Huisgenoten': '  2 ', 'Geslacht': ' Gemengd ', 'Huisdieren': ' Nee '}",kamer-1987370.html
Rijn en Schiekade,in Leiden,16 m,Totale oppervlakte: 80 m 2,â‚¬ 312,p/m | incl. g/w/e,Kaal,20-09-2021,3 weken geleden geplaatst,https://kamernet.nl/huren/kamer-leiden/rijn-en-schiekade/kamer-1987312,"{'Woonkamer': ' Gedeeld ', 'Keuken': ' Gedeeld ', 'Badkamer': ' Gedeeld ', 'Toilet': ' Gedeeld ', 'Internet': ' Ja ', 'Energielabel': ' Onbekend ', 'Huisgenoten': '  Meer dan 8 ', 'Geslacht': ' Gemengd ', 'Huisdieren': ' Nee '}",kamer-1987312.html
Pietersbergweg,in Amsterdam,78 m,Totaal 3 kamers,â‚¬ 1540,p/m | excl. g/w/e,Onbekend,09-09-2021,3 weken geleden geplaatst,https://kamernet.nl/huren/appartement-amsterdam/pietersbergweg/appartement-1987157,"{'Woonkamer': ' Onbekend ', 'Keuken': ' Onbekend ', 'Badkamer': ' Onbekend ', 'Toilet': ' Onbekend ', 'Internet': ' Onbekend ', 'Energielabel': ' Onbekend ', 'Huisdieren': ' Nee '}",appartement-1987157.html
Herenstraat,in Nieuwegein,26 m,,â‚¬ 750,p/m | incl. g/w/e,Gemeubileerd,10-09-2021,3 weken geleden geplaatst,https://kamernet.nl/huren/kamer-nieuwegein/herenstraat/kamer-1987453,"{'Woonkamer': ' Geen ', 'Keuken': ' Gedeeld ', 'Badkamer': ' Gedeeld ', 'Toilet': ' Gedeeld ', 'Internet': ' Ja ', 'Energielabel': ' Onbekend ', 'Huisgenoten': '  2 ', 'Geslacht': ' Vrouw ', 'Huisdieren': ' Nee '}",kamer-1987453.html
Plaarstraat,in Heerlen,82 m,,â‚¬ 895,p/m | excl. g/w/e,Gemeubileerd,10-09-2021,3 weken geleden geplaatst,https://kamernet.nl/huren/appartement-heerlen/plaarstraat/appartement-1987408,"{'Woonkamer': ' Onbekend ', 'Keuken': ' Onbekend ', 'Badkamer': ' Onbekend ', 'Toilet': ' Onbekend ', 'Internet': ' Onbekend ', 'Energielabel': ' Onbekend ', 'Huisdieren': ' In overleg '}",appartement-1987408.html
Dr. Lelykade,in Den Haag,92 m,Totaal 3 kamers (2 slaapkamers) ,â‚¬ 1950,p/m | excl. g/w/e,Gestoffeerd,10-09-2021 tot 09-09-2023,3 weken geleden geplaatst,https://kamernet.nl/huren/appartement-den-haag/dr.-lelykade/appartement-1987430,"{'Woonkamer': ' Eigen ', 'Keuken': ' Eigen ', 'Badkamer': ' Eigen ', 'Toilet': ' Eigen ', 'Internet': ' Nee ', 'Energielabel': ' Onbekend ', 'Huisdieren': ' Nee '}",appartement-1987430.html
Camperstraat,in Amsterdam,16 m,,â‚¬ 900,p/m | incl. g/w/e,Gemeubileerd,30-09-2021,3 weken geleden geplaatst,https://kamernet.nl/huren/kamer-amsterdam/camperstraat/kamer-1987435,"{'Woonkamer': ' Gedeeld ', 'Keuken': ' Gedeeld ', 'Badkamer': ' Gedeeld ', 'Toilet': ' Gedeeld ', 'Internet': ' Ja ', 'Energielabel': ' Onbekend ', 'Huisgenoten': '  2 ', 'Geslacht': ' Vrouw ', 'Huisdieren': ' Nee '}",kamer-1987435.html
Van Oldenbarneveldtstraat,in Amsterdam,60 m,Totaal 4 kamers (2 slaapkamers) ,â‚¬ 1800,p/m | excl. g/w/e,Gemeubileerd,01-12-2021,3 weken geleden geplaatst,https://kamernet.nl/huren/appartement-amsterdam/van-oldenbarneveldtstraat/appartement-1987679,"{'Woonkamer': ' Eigen ', 'Keuken': ' Eigen ', 'Badkamer': ' Eigen ', 'Toilet': ' Eigen ', 'Internet': ' Nee ', 'Energielabel': ' Onbekend ', 'Huisdieren': ' Nee '}",appartement-1987679.html
Tusveldburg,in Enschede,15 m,,â‚¬ 210,p/m | incl. g/w/e,Gestoffeerd,01-11-2021,3 weken geleden geplaatst,https://kamernet.nl/huren/kamer-enschede/tusveldburg/kamer-1987330,"{'Woonkamer': ' Gedeeld ', 'Keuken': ' Gedeeld ', 'Badkamer': ' Gedeeld ', 'Toilet': ' Gedeeld ', 'Internet': ' Ja ', 'Energielabel': ' Onbekend ', 'Huisgenoten': '  4  ', 'Geslacht': ' Man ', 'Huisdieren': ' Nee '}",kamer-1987330.html
Hoofdweg,in Amsterdam,17 m,Totale oppervlakte: 57 m 2,â‚¬ 1000,p/m | incl. g/w/e,Gemeubileerd,10-09-2021,3 weken geleden geplaatst,https://kamernet.nl/huren/kamer-amsterdam/hoofdweg/kamer-1987426,"{'Woonkamer': ' Gedeeld ', 'Keuken': ' Gedeeld ', 'Badkamer': ' Gedeeld ', 'Toilet': ' Gedeeld ', 'Internet': ' Ja ', 'Energielabel': ' Onbekend ', 'Huisgenoten': '  1 ', 'Geslacht': ' Vrouw ', 'Huisdieren': ' Nee '}",kamer-1987426.html
E. du Perronlaan,in Delft,20 m,,â‚¬ 330,p/m | incl. g/w/e,Kaal,11-09-2021,3 weken geleden geplaatst,https://kamernet.nl/huren/kamer-delft/e.-du-perronlaan/kamer-1987683,"{'Woonkamer': ' Gedeeld ', 'Keuken': ' Gedeeld ', 'Badkamer': ' Gedeeld ', 'Toilet': ' Gedeeld ', 'Internet': ' Ja ', 'Energielabel': ' Onbekend ', 'Huisgenoten': '  5 ', 'Geslacht': ' Gemengd ', 'Huisdieren': ' In overleg '}",kamer-1987683.html
Pietersbergweg,in Amsterdam,54 m,Totaal 1 kamer,â‚¬ 1300,p/m | excl. g/w/e,Onbekend,09-09-2021,3 weken geleden geplaatst,https://kamernet.nl/huren/appartement-amsterdam/pietersbergweg/appartement-1987154,"{'Woonkamer': ' Onbekend ', 'Keuken': ' Onbekend ', 'Badkamer': ' Onbekend ', 'Toilet': ' Onbekend ', 'Internet': ' Onbekend ', 'Energielabel': ' Onbekend ', 'Huisdieren': ' Nee '}",appartement-1987154.html
Rijksweg Zuid,in Sittard,47 m,,â‚¬ 650,p/m | excl. g/w/e,Gestoffeerd,01-10-2021,3 weken geleden geplaatst,https://kamernet.nl/huren/appartement-sittard/rijksweg-zuid/appartement-1987409,"{'Woonkamer': ' Onbekend ', 'Keuken': ' Onbekend ', 'Badkamer': ' Onbekend ', 'Toilet': ' Onbekend ', 'Internet': ' Onbekend ', 'Energielabel': ' Onbekend ', 'Huisdieren': ' In overleg '}",appartement-1987409.html
De Heurne,in Enschede,18 m,,â‚¬ 315,p/m | incl. g/w/e,Gestoffeerd,01-10-2021,2 weken geleden geplaatst,https://kamernet.nl/huren/kamer-enschede/de-heurne/kamer-1987687,"{'Woonkamer': ' Gedeeld ', 'Keuken': ' Gedeeld ', 'Badkamer': ' Gedeeld ', 'Toilet': ' Gedeeld ', 'Internet': ' Ja ', 'Energielabel': ' Onbekend ', 'Huisgenoten': '  4  ', 'Geslacht': ' Gemengd ', 'Huisdieren': ' Nee '}",kamer-1987687.html
Gerard Doulaan,in Muiderberg,105 m,,â‚¬ 1450,p/m | excl. g/w/e,Gestoffeerd,01-11-2021,2 weken geleden geplaatst,https://kamernet.nl/huren/appartement-muiderberg/gerard-doulaan/appartement-1987714,"{'Woonkamer': ' Onbekend ', 'Keuken': ' Onbekend ', 'Badkamer': ' Onbekend ', 'Toilet': ' Onbekend ', 'Internet': ' Onbekend ', 'Energielabel': ' Onbekend ', 'Huisdieren': ' In overleg '}",appartement-1987714.html
Sluisstraat,in Geldrop,32 m,Totaal 1 kamer (1 slaapkamer) ,â‚¬ 395,p/m | incl. g/w/e,Gestoffeerd,12-09-2021,2 weken geleden geplaatst,https://kamernet.nl/huren/studio-geldrop/sluisstraat/studio-1987772,"{'Woonkamer': ' Eigen ', 'Keuken': ' Eigen ', 'Badkamer': ' Gedeeld ', 'Toilet': ' Gedeeld ', 'Internet': ' Ja ', 'Energielabel': ' Onbekend ', 'Huisdieren': ' Nee '}",studio-1987772.html
Menkemaborg,in Lelystad,25 m,Totale oppervlakte: 100 m 2,â‚¬ 595,p/m | excl. g/w/e,Gestoffeerd,15-10-2021,2 weken geleden geplaatst,https://kamernet.nl/huren/kamer-lelystad/menkemaborg/kamer-1987731,"{'Woonkamer': ' Onbekend ', 'Keuken': ' Gedeeld ', 'Badkamer': ' Gedeeld ', 'Toilet': ' Gedeeld ', 'Internet': ' Onbekend ', 'Energielabel': ' Onbekend ', 'Huisgenoten': '  2 ', 'Geslacht': ' Onbekend ', 'Huisdieren': ' In overleg '}",kamer-1987731.html
Schiestraat,in Enschede,12 m,,â‚¬ 500,p/m | incl. g/w/e,Gestoffeerd,12-09-2021,2 weken geleden geplaatst,https://kamernet.nl/huren/kamer-enschede/schiestraat/kamer-1987794,"{'Woonkamer': ' Gedeeld ', 'Keuken': ' Gedeeld ', 'Badkamer': ' Gedeeld ', 'Toilet': ' Gedeeld ', 'Internet': ' Ja ', 'Energielabel': ' Onbekend ', 'Huisgenoten': '  1 ', 'Geslacht': ' Man ', 'Huisdieren': ' Nee '}",kamer-1987794.html
Rembrandtlaan,in Papendrecht,25 m,Totale oppervlakte: 10 m 2,â‚¬ 475,p/m | incl. g/w/e,Gestoffeerd,15-09-2021 tot 16-09-2022,2 weken geleden geplaatst,https://kamernet.nl/huren/kamer-papendrecht/rembrandtlaan/kamer-1987756,"{'Woonkamer': ' Eigen ', 'Keuken': ' Geen ', 'Badkamer': ' Eigen ', 'Toilet': ' Eigen ', 'Internet': ' Ja ', 'Energielabel': ' Onbekend ', 'Huisgenoten': '  1 ', 'Geslacht': ' Vrouw ', 'Huisdieren': ' Nee '}",kamer-1987756.html
Verboomstraat,in Rotterdam,72 m,Totaal 3 kamers (2 slaapkamers) ,â‚¬ 1200,p/m | excl. g/w/e,Gemeubileerd,10-09-2021,3 weken geleden geplaatst,https://kamernet.nl/huren/appartement-rotterdam/verboomstraat/appartement-1987344,"{'Woonkamer': ' Eigen ', 'Keuken': ' Eigen ', 'Badkamer': ' Eigen ', 'Toilet': ' Eigen ', 'Internet': ' Ja ', 'Energielabel': ' A ', 'Huisdieren': ' Nee '}",appartement-1987344.html
Generaal Coenderslaan,in Eindhoven,40 m,,â‚¬ 690,p/m | incl. g/w/e,Gestoffeerd,01-10-2021,2 weken geleden geplaatst,https://kamernet.nl/huren/kamer-eindhoven/generaal-coenderslaan/kamer-1987817,"{'Woonkamer': ' Eigen ', 'Keuken': ' Gedeeld ', 'Badkamer': ' Eigen ', 'Toilet': ' Gedeeld ', 'Internet': ' Ja ', 'Energielabel': ' C ', 'Huisgenoten': '  1 ', 'Geslacht': ' Man ', 'Huisdieren': ' Nee '}",kamer-1987817.html
Ocelotplantsoen,in Almere,20 m,,â‚¬ 650,p/m | incl. g/w/e,Gemeubileerd,15-09-2021 tot 31-03-2022,2 weken geleden geplaatst,https://kamernet.nl/huren/kamer-almere/ocelotplantsoen/kamer-1987784,"{'Woonkamer': ' Gedeeld ', 'Keuken': ' Gedeeld ', 'Badkamer': ' Gedeeld ', 'Toilet': ' Gedeeld ', 'Internet': ' Ja ', 'Energielabel': ' Onbekend ', 'Huisgenoten': '  2 ', 'Geslacht': ' Onbekend ', 'Huisdieren': ' Nee '}",kamer-1987784.html
Dorpsweg,in Rotterdam,64 m,Totaal 3 kamers (2 slaapkamers) ,â‚¬ 1250,p/m | excl. g/w/e,Gemeubileerd,02-11-2021,2 weken geleden geplaatst,https://kamernet.nl/huren/appartement-rotterdam/dorpsweg/appartement-1987766,"{'Woonkamer': ' Eigen ', 'Keuken': ' Eigen ', 'Badkamer': ' Eigen ', 'Toilet': ' Eigen ', 'Internet': ' Ja ', 'Energielabel': ' A ', 'Huisdieren': ' Nee '}",appartement-1987766.html
1e Franklinstraat,in Eindhoven,15 m,,â‚¬ 500,p/m | incl. g/w/e,Gestoffeerd,01-10-2021,2 weken geleden geplaatst,https://kamernet.nl/huren/kamer-eindhoven/1e-franklinstraat/kamer-1987751,"{'Woonkamer': ' Gedeeld ', 'Keuken': ' Gedeeld ', 'Badkamer': ' Gedeeld ', 'Toilet': ' Gedeeld ', 'Internet': ' Ja ', 'Energielabel': ' Onbekend ', 'Huisgenoten': '  2 ', 'Geslacht': ' Man ', 'Huisdieren': ' Nee '}",kamer-1987751.html
Hofgeest,in Amsterdam,9 m,,â‚¬ 540,p/m | incl. g/w/e,Gemeubileerd,01-10-2021,3 weken geleden geplaatst,https://kamernet.nl/huren/kamer-amsterdam/hofgeest/kamer-1987571,"{'Woonkamer': ' Gedeeld ', 'Keuken': ' Gedeeld ', 'Badkamer': ' Gedeeld ', 'Toilet': ' Gedeeld ', 'Internet': ' Ja ', 'Energielabel': ' Onbekend ', 'Huisgenoten': '  4  ', 'Geslacht': ' Man ', 'Huisdieren': ' Nee '}",kamer-1987571.html
R. J. Schimmelpennincklaan,in Den Haag,74 m,Totaal 1 kamer,â‚¬ 2000,p/m | excl. g/w/e,Gemeubileerd,11-09-2021,3 weken geleden geplaatst,https://kamernet.nl/huren/appartement-den-haag/r.-j.-schimmelpennincklaan/appartement-1987213,"{'Woonkamer': ' Onbekend ', 'Keuken': ' Onbekend ', 'Badkamer': ' Onbekend ', 'Toilet': ' Onbekend ', 'Internet': ' Onbekend ', 'Energielabel': ' Onbekend ', 'Huisdieren': ' In overleg '}",appartement-1987213.html
Pietersbergweg,in Amsterdam,92 m,Totaal 3 kamers,â‚¬ 1843,p/m | excl. g/w/e,Onbekend,09-09-2021,3 weken geleden geplaatst,https://kamernet.nl/huren/appartement-amsterdam/pietersbergweg/appartement-1987151,"{'Woonkamer': ' Onbekend ', 'Keuken': ' Onbekend ', 'Badkamer': ' Onbekend ', 'Toilet': ' Onbekend ', 'Internet': ' Onbekend ', 'Energielabel': ' Onbekend ', 'Huisdieren': ' Nee '}",appartement-1987151.html
Van Vollenhovenstraat,in Rotterdam,62 m,,â‚¬ 1245,p/m | excl. g/w/e,Gemeubileerd,31-10-2021,2 weken geleden geplaatst,https://kamernet.nl/huren/appartement-rotterdam/van-vollenhovenstraat/appartement-1987809,"{'Woonkamer': ' Eigen ', 'Keuken': ' Eigen ', 'Badkamer': ' Eigen ', 'Toilet': ' Eigen ', 'Internet': ' Ja ', 'Energielabel': ' Onbekend ', 'Huisdieren': ' Nee '}",appartement-1987809.html
P.C. Hooftlaan,in Deventer,39 m,Totaal 3 kamers,â‚¬ 788,p/m | excl. g/w/e,Gestoffeerd,01-10-2021,3 weken geleden geplaatst,https://kamernet.nl/huren/appartement-deventer/p.c.-hooftlaan/appartement-1987590,"{'Woonkamer': ' Onbekend ', 'Keuken': ' Onbekend ', 'Badkamer': ' Onbekend ', 'Toilet': ' Onbekend ', 'Internet': ' Onbekend ', 'Energielabel': ' Onbekend ', 'Huisdieren': ' In overleg '}",appartement-1987590.html
Tiendstraat,in Utrecht,44 m,Totaal 2 kamers (1 slaapkamer) ,â‚¬ 975,p/m | incl. g/w/e,Gestoffeerd,15-10-2021,2 weken geleden geplaatst,https://kamernet.nl/huren/appartement-utrecht/tiendstraat/appartement-1987803,"{'Woonkamer': ' Eigen ', 'Keuken': ' Eigen ', 'Badkamer': ' Eigen ', 'Toilet': ' Eigen ', 'Internet': ' Ja ', 'Energielabel': ' Onbekend ', 'Huisdieren': ' Nee '}",appartement-1987803.html
Groenestraat,in Zwolle,45 m,,â‚¬ 650,p/m | incl. g/w/e,Gestoffeerd,12-09-2021 tot 11-09-2022,3 weken geleden geplaatst,https://kamernet.nl/huren/kamer-zwolle/groenestraat/kamer-1987615,"{'Woonkamer': ' Eigen ', 'Keuken': ' Eigen ', 'Badkamer': ' Gedeeld ', 'Toilet': ' Gedeeld ', 'Internet': ' Nee ', 'Energielabel': ' Onbekend ', 'Huisgenoten': '  2 ', 'Geslacht': ' Gemengd ', 'Huisdieren': ' Nee '}",kamer-1987615.html
Zeeburgerkade,in Amsterdam,14 m,Totale oppervlakte: 70 m 2,â‚¬ 750,p/m | excl. g/w/e,Gestoffeerd,01-10-2021,2 weken geleden geplaatst,https://kamernet.nl/huren/kamer-amsterdam/zeeburgerkade/kamer-1987788,"{'Woonkamer': ' Gedeeld ', 'Keuken': ' Gedeeld ', 'Badkamer': ' Gedeeld ', 'Toilet': ' Gedeeld ', 'Internet': ' Ja ', 'Energielabel': ' B ', 'Huisgenoten': '  1 ', 'Geslacht': ' Man ', 'Huisdieren': ' Nee '}",kamer-1987788.html
Queekhoven,in Amersfoort,17 m,,â‚¬ 550,p/m | incl. g/w/e,Gemeubileerd,27-12-2020,3 weken geleden geplaatst,https://kamernet.nl/huren/kamer-amersfoort/queekhoven/kamer-1987544,"{'Woonkamer': ' Geen ', 'Keuken': ' Gedeeld ', 'Badkamer': ' Gedeeld ', 'Toilet': ' Gedeeld ', 'Internet': ' Ja ', 'Energielabel': ' Onbekend ', 'Huisgenoten': '  1 ', 'Geslacht': ' Gemengd ', 'Huisdieren': ' Nee '}",kamer-1987544.html
Dr. Claas Noorduijnstraat,in Nijmegen,22 m,Totale oppervlakte: 60 m 2,â‚¬ 400,p/m | incl. g/w/e,Gestoffeerd,01-01-2022,3 weken geleden geplaatst,https://kamernet.nl/huren/kamer-nijmegen/dr.-claas-noorduijnstraat/kamer-1987602,"{'Woonkamer': ' Geen ', 'Keuken': ' Gedeeld ', 'Badkamer': ' Gedeeld ', 'Toilet': ' Gedeeld ', 'Internet': ' Ja ', 'Energielabel': ' Onbekend ', 'Huisgenoten': '  1 ', 'Geslacht': ' Vrouw ', 'Huisdieren': ' Nee '}",kamer-1987602.html
Spanderswoudstraat,in Amsterdam,90 m,Totaal 3 kamers (2 slaapkamers) ,â‚¬ 1500,p/m | excl. g/w/e,Gestoffeerd,26-09-2021 tot 30-09-2022,3 weken geleden geplaatst,https://kamernet.nl/huren/appartement-amsterdam/spanderswoudstraat/appartement-1987608,"{'Woonkamer': ' Eigen ', 'Keuken': ' Eigen ', 'Badkamer': ' Eigen ', 'Toilet': ' Eigen ', 'Internet': ' Nee ', 'Energielabel': ' D ', 'Huisdieren': ' Nee '}",appartement-1987608.html
2e Delistraat,in Utrecht,10 m,Totale oppervlakte: 90 m 2,â‚¬ 440,p/m | incl. g/w/e,Gestoffeerd,21-09-2021,3 weken geleden geplaatst,https://kamernet.nl/huren/kamer-utrecht/2e-delistraat/kamer-1987639,"{'Woonkamer': ' Gedeeld ', 'Keuken': ' Gedeeld ', 'Badkamer': ' Gedeeld ', 'Toilet': ' Gedeeld ', 'Internet': ' Ja ', 'Energielabel': ' Onbekend ', 'Huisgenoten': '  3 ', 'Geslacht': ' Man ', 'Huisdieren': ' Ja '}",kamer-1987639.html
Margrietstraat,in Terneuzen,11 m,Totale oppervlakte: 85 m 2,â‚¬ 600,p/m | incl. g/w/e,Gemeubileerd,13-09-2021,3 weken geleden geplaatst,https://kamernet.nl/huren/kamer-terneuzen/margrietstraat/kamer-1987647,"{'Woonkamer': ' Gedeeld ', 'Keuken': ' Gedeeld ', 'Badkamer': ' Gedeeld ', 'Toilet': ' Gedeeld ', 'Internet': ' Ja ', 'Energielabel': ' D ', 'Huisgenoten': '  Onbekend  ', 'Geslacht': ' Gemengd ', 'Huisdieren': ' Nee '}",kamer-1987647.html
Bosuilstraat,in Enschede,149 m,Totaal 5 kamers (4 slaapkamers) ,â‚¬ 1400,p/m | excl. g/w/e,Gemeubileerd,01-01-2022,3 weken geleden geplaatst,https://kamernet.nl/huren/anti-kraak-enschede/bosuilstraat/anti-kraak-1987663,"{'Woonkamer': ' Eigen ', 'Keuken': ' Eigen ', 'Badkamer': ' Eigen ', 'Toilet': ' Eigen ', 'Internet': ' Ja ', 'Energielabel': ' B ', 'Huisdieren': ' Nee '}",anti-kraak-1987663.html
Oude Delft,in Delft,15 m,,â‚¬ 400,p/m | incl. g/w/e,Gestoffeerd,11-09-2021,3 weken geleden geplaatst,https://kamernet.nl/huren/kamer-delft/oude-delft/kamer-1981925,"{'Woonkamer': ' Gedeeld ', 'Keuken': ' Gedeeld ', 'Badkamer': ' Gedeeld ', 'Toilet': ' Gedeeld ', 'Internet': ' Ja ', 'Energielabel': ' Onbekend ', 'Huisgenoten': '  Meer dan 8 ', 'Geslacht': ' Gemengd ', 'Huisdieren': ' Nee '}",kamer-1981925.html
Borggraaf,in Lelystad,25 m,,â‚¬ 795,p/m | excl. g/w/e,Gestoffeerd,30-10-2019,3 weken geleden geplaatst,https://kamernet.nl/huren/kamer-lelystad/borggraaf/kamer-1718678,"{'Woonkamer': ' Onbekend ', 'Keuken': ' Onbekend ', 'Badkamer': ' Onbekend ', 'Toilet': ' Onbekend ', 'Internet': ' Ja ', 'Energielabel': ' Onbekend ', 'Huisgenoten': '  2 ', 'Geslacht': ' Onbekend ', 'Huisdieren': ' Nee '}",kamer-1718678.html
Kortekade,in Rotterdam,26 m,Totale oppervlakte: 100 m 2,â‚¬ 520,p/m | incl. g/w/e,Kaal,01-11-2021,3 weken geleden geplaatst,https://kamernet.nl/huren/kamer-rotterdam/kortekade/kamer-1987665,"{'Woonkamer': ' Gedeeld ', 'Keuken': ' Gedeeld ', 'Badkamer': ' Gedeeld ', 'Toilet': ' Gedeeld ', 'Internet': ' Ja ', 'Energielabel': ' Onbekend ', 'Huisgenoten': '  3 ', 'Geslacht': ' Vrouw ', 'Huisdieren': ' Nee '}",kamer-1987665.html
G.J. van Heekstraat,in Enschede,10 m,Totale oppervlakte: 70 m 2,â‚¬ 278,p/m | incl. g/w/e,Gestoffeerd,12-09-2021,2 weken geleden geplaatst,https://kamernet.nl/huren/kamer-enschede/g.j.-van-heekstraat/kamer-1987871,"{'Woonkamer': ' Gedeeld ', 'Keuken': ' Gedeeld ', 'Badkamer': ' Gedeeld ', 'Toilet': ' Gedeeld ', 'Internet': ' Ja ', 'Energielabel': ' Onbekend ', 'Huisgenoten': '  4  ', 'Geslacht': ' Man ', 'Huisdieren': ' Nee '}",kamer-1987871.html
Wibautstraat,in Amsterdam,75 m,Totaal 2 kamers (1 slaapkamer) ,â‚¬ 1580,p/m | excl. g/w/e,Gestoffeerd,01-11-2021,2 weken geleden geplaatst,https://kamernet.nl/huren/appartement-amsterdam/wibautstraat/appartement-1987832,"{'Woonkamer': ' Eigen ', 'Keuken': ' Eigen ', 'Badkamer': ' Eigen ', 'Toilet': ' Eigen ', 'Internet': ' Ja ', 'Energielabel': ' A ', 'Huisdieren': ' Ja '}",appartement-1987832.html
Prins Willem-Alexanderlaan,in Apeldoorn,45 m,Totaal 2 kamers,â‚¬ 610,p/m | excl. g/w/e,Gestoffeerd,01-10-2021,3 weken geleden geplaatst,https://kamernet.nl/huren/appartement-apeldoorn/prins-willem-alexanderlaan/appartement-1987583,"{'Woonkamer': ' Onbekend ', 'Keuken': ' Onbekend ', 'Badkamer': ' Onbekend ', 'Toilet': ' Onbekend ', 'Internet': ' Onbekend ', 'Energielabel': ' Onbekend ', 'Huisdieren': ' In overleg '}",appartement-1987583.html
Noordzee,in Zaandam,25 m,,â‚¬ 290,p/m | incl. g/w/e,Kaal,01-09-2021 tot 31-03-2022,3 weken geleden geplaatst,https://kamernet.nl/huren/kamer-zaandam/noordzee/kamer-1987642,"{'Woonkamer': ' Gedeeld ', 'Keuken': ' Gedeeld ', 'Badkamer': ' Gedeeld ', 'Toilet': ' Gedeeld ', 'Internet': ' Ja ', 'Energielabel': ' Onbekend ', 'Huisgenoten': '  1 ', 'Geslacht': ' Gemengd ', 'Huisdieren': ' In overleg '}",kamer-1987642.html
Vinkenstraat,in Zaandam,18 m,,â‚¬ 750,p/m | incl. g/w/e,Gemeubileerd,11-09-2021,2 weken geleden geplaatst,https://kamernet.nl/huren/kamer-zaandam/vinkenstraat/kamer-1987887,"{'Woonkamer': ' Geen ', 'Keuken': ' Gedeeld ', 'Badkamer': ' Gedeeld ', 'Toilet': ' Gedeeld ', 'Internet': ' Ja ', 'Energielabel': ' Onbekend ', 'Huisgenoten': '  Geen ', 'Geslacht': ' Gemengd ', 'Huisdieren': ' Nee '}",kamer-1987887.html
Vouerweg,in Sittard,40 m,,â‚¬ 400,p/m | excl. g/w/e,Gemeubileerd,01-09-2021,2 weken geleden geplaatst,https://kamernet.nl/huren/kamer-sittard/vouerweg/kamer-1987875,"{'Woonkamer': ' Geen ', 'Keuken': ' Gedeeld ', 'Badkamer': ' Gedeeld ', 'Toilet': ' Gedeeld ', 'Internet': ' Ja ', 'Energielabel': ' Onbekend ', 'Huisgenoten': '  1 ', 'Geslacht': ' Vrouw ', 'Huisdieren': ' Nee '}",kamer-1987875.html
James Cookstraat,in Amsterdam,51 m,Totaal 2 kamers (1 slaapkamer) ,â‚¬ 1250,p/m | incl. g/w/e,Gemeubileerd,16-10-2021 tot 15-10-2022,2 weken geleden geplaatst,https://kamernet.nl/huren/appartement-amsterdam/james-cookstraat/appartement-1987910,"{'Woonkamer': ' Eigen ', 'Keuken': ' Eigen ', 'Badkamer': ' Eigen ', 'Toilet': ' Eigen ', 'Internet': ' Ja ', 'Energielabel': ' Onbekend ', 'Huisdieren': ' Nee '}",appartement-1987910.html
Berkenlaan,in Sint-Michielsgestel,28 m,,â‚¬ 472,p/m | incl. g/w/e,Gemeubileerd,01-10-2021 tot 30-09-2023,2 weken geleden geplaatst,https://kamernet.nl/huren/studio-sint-michielsgestel/berkenlaan/studio-1987919,"{'Woonkamer': ' Eigen ', 'Keuken': ' Eigen ', 'Badkamer': ' Eigen ', 'Toilet': ' Eigen ', 'Internet': ' Ja ', 'Energielabel': ' B ', 'Huisdieren': ' Nee '}",studio-1987919.html
Slotermeerlaan,in Amsterdam,16 m,,â‚¬ 925,p/m | incl. g/w/e,Gemeubileerd,13-09-2021,2 weken geleden geplaatst,https://kamernet.nl/huren/kamer-amsterdam/slotermeerlaan/kamer-1987923,"{'Woonkamer': ' Geen ', 'Keuken': ' Gedeeld ', 'Badkamer': ' Eigen ', 'Toilet': ' Eigen ', 'Internet': ' Ja ', 'Energielabel': ' Onbekend ', 'Huisgenoten': '  1 ', 'Geslacht': ' Vrouw ', 'Huisdieren': ' Nee '}",kamer-1987923.html
Marnixstraat,in Amsterdam,70 m,Totaal 3 kamers (2 slaapkamers) ,â‚¬ 1500,p/m | excl. g/w/e,Gemeubileerd,01-01-2022 tot 15-05-2022,2 weken geleden geplaatst,https://kamernet.nl/huren/appartement-amsterdam/marnixstraat/appartement-1987921,"{'Woonkamer': ' Eigen ', 'Keuken': ' Eigen ', 'Badkamer': ' Eigen ', 'Toilet': ' Eigen ', 'Internet': ' Ja ', 'Energielabel': ' B ', 'Huisdieren': ' Nee '}",appartement-1987921.html
Deventerstraat,in Apeldoorn,60 m,Totaal 3 kamers,â‚¬ 795,p/m | excl. g/w/e,Gestoffeerd,01-10-2021,3 weken geleden geplaatst,https://kamernet.nl/huren/appartement-apeldoorn/deventerstraat/appartement-1987588,"{'Woonkamer': ' Onbekend ', 'Keuken': ' Onbekend ', 'Badkamer': ' Onbekend ', 'Toilet': ' Onbekend ', 'Internet': ' Onbekend ', 'Energielabel': ' Onbekend ', 'Huisdieren': ' In overleg '}",appartement-1987588.html
Koggestraat,in Rotterdam,25 m,,â‚¬ 550,p/m | excl. g/w/e,Gestoffeerd,13-09-2021,2 weken geleden geplaatst,https://kamernet.nl/huren/kamer-rotterdam/koggestraat/kamer-1987931,"{'Woonkamer': ' Eigen ', 'Keuken': ' Gedeeld ', 'Badkamer': ' Gedeeld ', 'Toilet': ' Gedeeld ', 'Internet': ' Onbekend ', 'Energielabel': ' Onbekend ', 'Huisgenoten': '  2 ', 'Geslacht': ' Onbekend ', 'Huisdieren': ' Nee '}",kamer-1987931.html
Koggestraat,in Rotterdam,40 m,,â‚¬ 620,p/m | excl. g/w/e,Gestoffeerd,13-09-2021,2 weken geleden geplaatst,https://kamernet.nl/huren/kamer-rotterdam/koggestraat/kamer-1987930,"{'Woonkamer': ' Eigen ', 'Keuken': ' Gedeeld ', 'Badkamer': ' Gedeeld ', 'Toilet': ' Gedeeld ', 'Internet': ' Onbekend ', 'Energielabel': ' Onbekend ', 'Huisgenoten': '  2 ', 'Geslacht': ' Onbekend ', 'Huisdieren': ' Nee '}",kamer-1987930.html
Bergstraat,in Rotterdam,8 m,Totale oppervlakte: 95 m 2,â‚¬ 560,p/m | excl. g/w/e,Kaal,01-10-2021 tot 01-02-2022,2 weken geleden geplaatst,https://kamernet.nl/huren/kamer-rotterdam/bergstraat/kamer-1987925,"{'Woonkamer': ' Gedeeld ', 'Keuken': ' Gedeeld ', 'Badkamer': ' Gedeeld ', 'Toilet': ' Gedeeld ', 'Internet': ' Ja ', 'Energielabel': ' Onbekend ', 'Huisgenoten': '  4  ', 'Geslacht': ' Man ', 'Huisdieren': ' Nee '}",kamer-1987925.html
Jacoba van Beierenlaan,in Delft,12 m,Totale oppervlakte: 60 m 2,â‚¬ 320,p/m | incl. g/w/e,Kaal,10-10-2021,2 weken geleden geplaatst,https://kamernet.nl/huren/kamer-delft/jacoba-van-beierenlaan/kamer-1987933,"{'Woonkamer': ' Gedeeld ', 'Keuken': ' Gedeeld ', 'Badkamer': ' Gedeeld ', 'Toilet': ' Gedeeld ', 'Internet': ' Ja ', 'Energielabel': ' Onbekend ', 'Huisgenoten': '  Meer dan 8 ', 'Geslacht': ' Gemengd ', 'Huisdieren': ' Nee '}",kamer-1987933.html
Statenweg,in Rotterdam,10 m,Totale oppervlakte: 50 m 2,â‚¬ 580,p/m | incl. g/w/e,Kaal,01-10-2021,3 weken geleden geplaatst,https://kamernet.nl/huren/kamer-rotterdam/statenweg/kamer-1987667,"{'Woonkamer': ' Gedeeld ', 'Keuken': ' Gedeeld ', 'Badkamer': ' Gedeeld ', 'Toilet': ' Gedeeld ', 'Internet': ' Ja ', 'Energielabel': ' Onbekend ', 'Huisgenoten': '  4  ', 'Geslacht': ' Man ', 'Huisdieren': ' Nee '}",kamer-1987667.html
Burgemeester Hogguerstraat,in Amsterdam,15 m,Totale oppervlakte: 100 m 2,â‚¬ 850,p/m | incl. g/w/e,Gemeubileerd,12-09-2021,2 weken geleden geplaatst,https://kamernet.nl/huren/kamer-amsterdam/burgemeester-hogguerstraat/kamer-1987827,"{'Woonkamer': ' Gedeeld ', 'Keuken': ' Gedeeld ', 'Badkamer': ' Gedeeld ', 'Toilet': ' Gedeeld ', 'Internet': ' Ja ', 'Energielabel': ' A ', 'Huisgenoten': '  2 ', 'Geslacht': ' Gemengd ', 'Huisdieren': ' Nee '}",kamer-1987827.html
P.C. Hooftlaan,in Deventer,63 m,Totaal 3 kamers,â‚¬ 677,p/m | excl. g/w/e,Gestoffeerd,01-10-2021,3 weken geleden geplaatst,https://kamernet.nl/huren/appartement-deventer/p.c.-hooftlaan/appartement-1987584,"{'Woonkamer': ' Onbekend ', 'Keuken': ' Onbekend ', 'Badkamer': ' Onbekend ', 'Toilet': ' Onbekend ', 'Internet': ' Onbekend ', 'Energielabel': ' Onbekend ', 'Huisdieren': ' In overleg '}",appartement-1987584.html
Provincialeweg,in Heiligerlee,20 m,Totale oppervlakte: 100 m 2,â‚¬ 450,p/m | incl. g/w/e,Gestoffeerd,01-10-2021,2 weken geleden geplaatst,https://kamernet.nl/huren/kamer-heiligerlee/provincialeweg/kamer-1987574,"{'Woonkamer': ' Geen ', 'Keuken': ' Gedeeld ', 'Badkamer': ' Gedeeld ', 'Toilet': ' Gedeeld ', 'Internet': ' Ja ', 'Energielabel': ' A ', 'Huisgenoten': '  8  ', 'Geslacht': ' Gemengd ', 'Huisdieren': ' Nee '}",kamer-1987574.html
Friesestraatweg,in Groningen,25 m,,â‚¬ 438,p/m | incl. g/w/e,Kaal,30-09-2021,2 weken geleden geplaatst,https://kamernet.nl/huren/kamer-groningen/friesestraatweg/kamer-1987972,"{'Woonkamer': ' Gedeeld ', 'Keuken': ' Gedeeld ', 'Badkamer': ' Gedeeld ', 'Toilet': ' Gedeeld ', 'Internet': ' Ja ', 'Energielabel': ' Onbekend ', 'Huisgenoten': '  2 ', 'Geslacht': ' Vrouw ', 'Huisdieren': ' Nee '}",kamer-1987972.html
Koningsweg,in Utrecht,35 m,,â‚¬ 730,p/m | incl. g/w/e,Gemeubileerd,01-11-2021 tot 01-07-2022,2 weken geleden geplaatst,https://kamernet.nl/huren/kamer-utrecht/koningsweg/kamer-1987975,"{'Woonkamer': ' Eigen ', 'Keuken': ' Eigen ', 'Badkamer': ' Eigen ', 'Toilet': ' Eigen ', 'Internet': ' Ja ', 'Energielabel': ' B ', 'Huisgenoten': '  4  ', 'Geslacht': ' Gemengd ', 'Huisdieren': ' Nee '}",kamer-1987975.html
Krommedijk,in Dordrecht,9 m,Totale oppervlakte: 110 m 2,â‚¬ 510,p/m | incl. g/w/e,Gemeubileerd,13-09-2021 tot 01-09-2022,2 weken geleden geplaatst,https://kamernet.nl/huren/kamer-dordrecht/krommedijk/kamer-1988011,"{'Woonkamer': ' Gedeeld ', 'Keuken': ' Gedeeld ', 'Badkamer': ' Gedeeld ', 'Toilet': ' Gedeeld ', 'Internet': ' Ja ', 'Energielabel': ' E ', 'Huisgenoten': '  3 ', 'Geslacht': ' Man ', 'Huisdieren': ' Nee '}",kamer-1988011.html
Bedumerschans,in Nieuwegein,35 m,,â‚¬ 400,p/m | excl. g/w/e,Gestoffeerd,17-10-2021,2 weken geleden geplaatst,https://kamernet.nl/huren/kamer-nieuwegein/bedumerschans/kamer-1924957,"{'Woonkamer': ' Gedeeld ', 'Keuken': ' Gedeeld ', 'Badkamer': ' Gedeeld ', 'Toilet': ' Gedeeld ', 'Internet': ' Ja ', 'Energielabel': ' Onbekend ', 'Huisgenoten': '  Onbekend  ', 'Geslacht': ' Onbekend ', 'Huisdieren': ' Nee '}",kamer-1924957.html
Josef Haydnlaan,in Hengelo,10 m,Totale oppervlakte: 50 m 2,â‚¬ 420,p/m | incl. g/w/e,Gestoffeerd,01-12-2021,2 weken geleden geplaatst,https://kamernet.nl/huren/kamer-hengelo/josef-haydnlaan/kamer-1988057,"{'Woonkamer': ' Gedeeld ', 'Keuken': ' Gedeeld ', 'Badkamer': ' Gedeeld ', 'Toilet': ' Gedeeld ', 'Internet': ' Ja ', 'Energielabel': ' Onbekend ', 'Huisgenoten': '  2 ', 'Geslacht': ' Man ', 'Huisdieren': ' Nee '}",kamer-1988057.html
Dunantlaan,in Pijnacker,20 m,,â‚¬ 290,p/m | incl. g/w/e,Gemeubileerd,13-09-2021,2 weken geleden geplaatst,https://kamernet.nl/huren/kamer-pijnacker/dunantlaan/kamer-1987882,"{'Woonkamer': ' Gedeeld ', 'Keuken': ' Eigen ', 'Badkamer': ' Gedeeld ', 'Toilet': ' Gedeeld ', 'Internet': ' Ja ', 'Energielabel': ' Onbekend ', 'Huisgenoten': '  1 ', 'Geslacht': ' Vrouw ', 'Huisdieren': ' Nee '}",kamer-1987882.html
Winterjanstraat,in Eindhoven,54 m,Totaal 1 kamer (1 slaapkamer) ,â‚¬ 650,p/m | incl. g/w/e,Gestoffeerd,13-09-2021,2 weken geleden geplaatst,https://kamernet.nl/huren/studio-eindhoven/winterjanstraat/studio-1988036,"{'Woonkamer': ' Eigen ', 'Keuken': ' Eigen ', 'Badkamer': ' Eigen ', 'Toilet': ' Eigen ', 'Internet': ' Ja ', 'Energielabel': ' Onbekend ', 'Huisdieren': ' Nee '}",studio-1988036.html
Roskamstraat,in Alkmaar,36 m,Totaal 2 kamers (1 slaapkamer) ,â‚¬ 770,p/m | incl. g/w/e,Kaal,01-10-2021,2 weken geleden geplaatst,https://kamernet.nl/huren/studio-alkmaar/roskamstraat/studio-1987951,"{'Woonkamer': ' Eigen ', 'Keuken': ' Eigen ', 'Badkamer': ' Eigen ', 'Toilet': ' Gedeeld ', 'Internet': ' Ja ', 'Energielabel': ' C ', 'Huisdieren': ' Nee '}",studio-1987951.html
Balthasar van der Polweg,in Delft,19 m,,â‚¬ 450,p/m | incl. g/w/e,Gestoffeerd,08-10-2021,2 weken geleden geplaatst,https://kamernet.nl/huren/kamer-delft/balthasar-van-der-polweg/kamer-1988059,"{'Woonkamer': ' Gedeeld ', 'Keuken': ' Gedeeld ', 'Badkamer': ' Gedeeld ', 'Toilet': ' Gedeeld ', 'Internet': ' Ja ', 'Energielabel': ' Onbekend ', 'Huisgenoten': '  4  ', 'Geslacht': ' Man ', 'Huisdieren': ' Nee '}",kamer-1988059.html
Gantellaan,in Pijnacker,34 m,,â‚¬ 395,p/m | incl. g/w/e,Gemeubileerd,06-11-2019,2 weken geleden geplaatst,https://kamernet.nl/huren/kamer-pijnacker/gantellaan/kamer-1721554,"{'Woonkamer': ' Eigen ', 'Keuken': ' Gedeeld ', 'Badkamer': ' Gedeeld ', 'Toilet': ' Gedeeld ', 'Internet': ' Ja ', 'Energielabel': ' Onbekend ', 'Huisgenoten': '  1 ', 'Geslacht': ' Man ', 'Huisdieren': ' Nee '}",kamer-1721554.html
Laarderweg,in Bussum,12 m,Totale oppervlakte: 70 m 2,â‚¬ 620,p/m | incl. g/w/e,Gestoffeerd,01-11-2021,2 weken geleden geplaatst,https://kamernet.nl/huren/kamer-bussum/laarderweg/kamer-1988058,"{'Woonkamer': ' Gedeeld ', 'Keuken': ' Gedeeld ', 'Badkamer': ' Gedeeld ', 'Toilet': ' Gedeeld ', 'Internet': ' Ja ', 'Energielabel': ' Onbekend ', 'Huisgenoten': '  1 ', 'Geslacht': ' Vrouw ', 'Huisdieren': ' Nee '}",kamer-1988058.html
Verkuijl Quakkelaarstraat,in Vlissingen,20 m,Totale oppervlakte: 70 m 2,â‚¬ 540,p/m | excl. g/w/e,Gestoffeerd,15-09-2021,2 weken geleden geplaatst,https://kamernet.nl/huren/kamer-vlissingen/verkuijl-quakkelaarstraat/kamer-1988084,"{'Woonkamer': ' Gedeeld ', 'Keuken': ' Gedeeld ', 'Badkamer': ' Gedeeld ', 'Toilet': ' Gedeeld ', 'Internet': ' Ja ', 'Energielabel': ' Onbekend ', 'Huisgenoten': '  1 ', 'Geslacht': ' Vrouw ', 'Huisdieren': ' Nee '}",kamer-1988084.html
Tenerifestraat,in Amsterdam,30 m,,â‚¬ 825,p/m | excl. g/w/e,Gestoffeerd,13-09-2021,2 weken geleden geplaatst,https://kamernet.nl/huren/kamer-amsterdam/tenerifestraat/kamer-1987937,"{'Woonkamer': ' Gedeeld ', 'Keuken': ' Gedeeld ', 'Badkamer': ' Gedeeld ', 'Toilet': ' Gedeeld ', 'Internet': ' Ja ', 'Energielabel': ' B ', 'Huisgenoten': '  3 ', 'Geslacht': ' Gemengd ', 'Huisdieren': ' Nee '}",kamer-1987937.html
Matenweg,in Enschede,16 m,,â‚¬ 320,p/m | incl. g/w/e,Gestoffeerd,15-09-2021,2 weken geleden geplaatst,https://kamernet.nl/huren/kamer-enschede/matenweg/kamer-1988041,"{'Woonkamer': ' Gedeeld ', 'Keuken': ' Gedeeld ', 'Badkamer': ' Eigen ', 'Toilet': ' Eigen ', 'Internet': ' Ja ', 'Energielabel': ' F ', 'Huisgenoten': '  8  ', 'Geslacht': ' Gemengd ', 'Huisdieren': ' Nee '}",kamer-1988041.html
L.J.M. Beelstraat,in Amsterdam,24 m,,â‚¬ 500,p/m | incl. g/w/e,Gestoffeerd,01-10-2021,2 weken geleden geplaatst,https://kamernet.nl/huren/kamer-amsterdam/l.j.m.-beelstraat/kamer-1942513,"{'Woonkamer': ' Gedeeld ', 'Keuken': ' Gedeeld ', 'Badkamer': ' Gedeeld ', 'Toilet': ' Gedeeld ', 'Internet': ' Ja ', 'Energielabel': ' Onbekend ', 'Huisgenoten': '  2 ', 'Geslacht': ' Man ', 'Huisdieren': ' Nee '}",kamer-1942513.html
Blauwvoetstraat,in Amsterdam,16 m,,â‚¬ 750,p/m | incl. g/w/e,Gemeubileerd,13-09-2021,2 weken geleden geplaatst,https://kamernet.nl/huren/kamer-amsterdam/blauwvoetstraat/kamer-1988077,"{'Woonkamer': ' Geen ', 'Keuken': ' Gedeeld ', 'Badkamer': ' Gedeeld ', 'Toilet': ' Gedeeld ', 'Internet': ' Ja ', 'Energielabel': ' Onbekend ', 'Huisgenoten': '  2 ', 'Geslacht': ' Gemengd ', 'Huisdieren': ' Nee '}",kamer-1988077.html
Charlotte de Bourbonstraat,in Amsterdam,60 m,Totaal 2 kamers (1 slaapkamer) ,â‚¬ 1450,p/m | excl. g/w/e,Gemeubileerd,04-01-2022,2 weken geleden geplaatst,https://kamernet.nl/huren/appartement-amsterdam/charlotte-de-bourbonstraat/appartement-1987960,"{'Woonkamer': ' Eigen ', 'Keuken': ' Eigen ', 'Badkamer': ' Eigen ', 'Toilet': ' Eigen ', 'Internet': ' Ja ', 'Energielabel': ' Onbekend ', 'Huisdieren': ' Nee '}",appartement-1987960.html
Oldenburgerstraat,in Utrecht,22 m,Totale oppervlakte: 30 m 2,â‚¬ 750,p/m | excl. g/w/e,Gemeubileerd,04-10-2021 tot 31-01-2022,3 weken geleden geplaatst,https://kamernet.nl/huren/kamer-utrecht/oldenburgerstraat/kamer-1987716,"{'Woonkamer': ' Eigen ', 'Keuken': ' Eigen ', 'Badkamer': ' Gedeeld ', 'Toilet': ' Gedeeld ', 'Internet': ' Ja ', 'Energielabel': ' Onbekend ', 'Huisgenoten': '  1 ', 'Geslacht': ' Vrouw ', 'Huisdieren': ' Nee '}",kamer-1987716.html
Jan van der Neuthof,in Amsterdam,16 m,,â‚¬ 500,p/m | incl. g/w/e,Gemeubileerd,05-09-2021,3 weken geleden geplaatst,https://kamernet.nl/huren/kamer-amsterdam/jan-van-der-neuthof/kamer-1985384,"{'Woonkamer': ' Onbekend ', 'Keuken': ' Gedeeld ', 'Badkamer': ' Gedeeld ', 'Toilet': ' Gedeeld ', 'Internet': ' Ja ', 'Energielabel': ' Onbekend ', 'Huisgenoten': '  2 ', 'Geslacht': ' Gemengd ', 'Huisdieren': ' Nee '}",kamer-1985384.html
Klaroenlaan,in Utrecht,15 m,,â‚¬ 700,p/m | incl. g/w/e,Gemeubileerd,02-10-2021 tot 31-08-2022,3 weken geleden geplaatst,https://kamernet.nl/huren/kamer-utrecht/klaroenlaan/kamer-1985348,"{'Woonkamer': ' Geen ', 'Keuken': ' Gedeeld ', 'Badkamer': ' Gedeeld ', 'Toilet': ' Gedeeld ', 'Internet': ' Nee ', 'Energielabel': ' Onbekend ', 'Huisgenoten': '  1 ', 'Geslacht': ' Vrouw ', 'Huisdieren': ' Nee '}",kamer-1985348.html
Gorechtkade,in Groningen,11 m,,â‚¬ 389,p/m | excl. g/w/e,Kaal,05-09-2021,3 weken geleden geplaatst,https://kamernet.nl/huren/kamer-groningen/gorechtkade/kamer-1985368,"{'Woonkamer': ' Gedeeld ', 'Keuken': ' Gedeeld ', 'Badkamer': ' Gedeeld ', 'Toilet': ' Gedeeld ', 'Internet': ' Ja ', 'Energielabel': ' Onbekend ', 'Huisgenoten': '  2 ', 'Geslacht': ' Gemengd ', 'Huisdieren': ' In overleg '}",kamer-1985368.html
Belgielaan,in Enschede,12 m,Totale oppervlakte: 70 m 2,â‚¬ 350,p/m | incl. g/w/e,Gestoffeerd,15-10-2021,2 weken geleden geplaatst,https://kamernet.nl/huren/kamer-enschede/belgielaan/kamer-1986832,"{'Woonkamer': ' Gedeeld ', 'Keuken': ' Gedeeld ', 'Badkamer': ' Gedeeld ', 'Toilet': ' Gedeeld ', 'Internet': ' Ja ', 'Energielabel': ' Onbekend ', 'Huisgenoten': '  1 ', 'Geslacht': ' Vrouw ', 'Huisdieren': ' Nee '}",kamer-1986832.html
Karperstraat,in Tilburg,50 m,Totaal 2 kamers,â‚¬ 870,p/m | excl. g/w/e,Onbekend,14-09-2021,2 weken geleden geplaatst,https://kamernet.nl/huren/appartement-tilburg/karperstraat/appartement-1988103,"{'Woonkamer': ' Onbekend ', 'Keuken': ' Onbekend ', 'Badkamer': ' Onbekend ', 'Toilet': ' Onbekend ', 'Internet': ' Onbekend ', 'Energielabel': ' Onbekend ', 'Huisdieren': ' Nee '}",appartement-1988103.html
Zomerkade,in Huizen,96 m,Totaal 4 kamers,â‚¬ 1450,p/m | excl. g/w/e,Gestoffeerd,27-09-2021,2 weken geleden geplaatst,https://kamernet.nl/huren/appartement-huizen/zomerkade/appartement-1987942,"{'Woonkamer': ' Onbekend ', 'Keuken': ' Onbekend ', 'Badkamer': ' Onbekend ', 'Toilet': ' Onbekend ', 'Internet': ' Onbekend ', 'Energielabel': ' Onbekend ', 'Huisdieren': ' In overleg '}",appartement-1987942.html
Vrouwestraat,in Vlissingen,18 m,,â‚¬ 290,p/m | incl. g/w/e,Gestoffeerd,03-09-2021,4 weken geleden geplaatst,https://kamernet.nl/huren/kamer-vlissingen/vrouwestraat/kamer-1985150,"{'Woonkamer': ' Gedeeld ', 'Keuken': ' Gedeeld ', 'Badkamer': ' Gedeeld ', 'Toilet': ' Gedeeld ', 'Internet': ' Ja ', 'Energielabel': ' Onbekend ', 'Huisgenoten': '  Meer dan 8 ', 'Geslacht': ' Gemengd ', 'Huisdieren': ' Nee '}",kamer-1985150.html
Keizer Karelweg,in Amstelveen,85 m,Totaal 3 kamers (2 slaapkamers) ,â‚¬ 1500,p/m | excl. g/w/e,Gestoffeerd,02-09-2021,4 weken geleden geplaatst,https://kamernet.nl/huren/appartement-amstelveen/keizer-karelweg/appartement-1984880,"{'Woonkamer': ' Eigen ', 'Keuken': ' Eigen ', 'Badkamer': ' Eigen ', 'Toilet': ' Eigen ', 'Internet': ' Ja ', 'Energielabel': ' Onbekend ', 'Huisdieren': ' Nee '}",appartement-1984880.html
Arie Kempkesweg,in Waddinxveen,13 m,,â‚¬ 490,p/m | incl. g/w/e,Gemeubileerd,30-09-2021,3 weken geleden geplaatst,https://kamernet.nl/huren/kamer-waddinxveen/arie-kempkesweg/kamer-1978962,"{'Woonkamer': ' Gedeeld ', 'Keuken': ' Gedeeld ', 'Badkamer': ' Eigen ', 'Toilet': ' Eigen ', 'Internet': ' Ja ', 'Energielabel': ' A ', 'Huisgenoten': '  1 ', 'Geslacht': ' Man ', 'Huisdieren': ' Nee '}",kamer-1978962.html
Willem Klooslaan,in Eindhoven,10 m,,â‚¬ 450,p/m | incl. g/w/e,Gemeubileerd,01-01-2022,3 weken geleden geplaatst,https://kamernet.nl/huren/kamer-eindhoven/willem-klooslaan/kamer-1985396,"{'Woonkamer': ' Geen ', 'Keuken': ' Gedeeld ', 'Badkamer': ' Gedeeld ', 'Toilet': ' Gedeeld ', 'Internet': ' Ja ', 'Energielabel': ' Onbekend ', 'Huisgenoten': '  1 ', 'Geslacht': ' Man ', 'Huisdieren': ' Nee '}",kamer-1985396.html
Graan voor Visch,in Hoofddorp,18 m,Totale oppervlakte: 122 m 2,â‚¬ 415,p/m | excl. g/w/e,Gestoffeerd,01-11-2021 tot 29-09-2022,4 weken geleden geplaatst,https://kamernet.nl/huren/kamer-hoofddorp/graan-voor-visch/kamer-1984769,"{'Woonkamer': ' Gedeeld ', 'Keuken': ' Gedeeld ', 'Badkamer': ' Gedeeld ', 'Toilet': ' Gedeeld ', 'Internet': ' Nee ', 'Energielabel': ' Onbekend ', 'Huisgenoten': '  3 ', 'Geslacht': ' Vrouw ', 'Huisdieren': ' Nee '}",kamer-1984769.html
Lyonnetstraat,in Den Haag,70 m,Totaal 4 kamers (2 slaapkamers) ,â‚¬ 1200,p/m | excl. g/w/e,Gestoffeerd,01-10-2021,4 weken geleden geplaatst,https://kamernet.nl/huren/appartement-den-haag/lyonnetstraat/appartement-1984804,"{'Woonkamer': ' Eigen ', 'Keuken': ' Eigen ', 'Badkamer': ' Eigen ', 'Toilet': ' Eigen ', 'Internet': ' Ja ', 'Energielabel': ' Onbekend ', 'Huisdieren': ' Nee '}",appartement-1984804.html
Nassaulaan,in Delft,15 m,,â‚¬ 350,p/m | incl. g/w/e,Gestoffeerd,16-09-2021,4 weken geleden geplaatst,https://kamernet.nl/huren/kamer-delft/nassaulaan/kamer-1984820,"{'Woonkamer': ' Geen ', 'Keuken': ' Gedeeld ', 'Badkamer': ' Gedeeld ', 'Toilet': ' Gedeeld ', 'Internet': ' Ja ', 'Energielabel': ' Onbekend ', 'Huisgenoten': '  5 ', 'Geslacht': ' Man ', 'Huisdieren': ' Nee '}",kamer-1984820.html
Graan voor Visch,in Hoofddorp,18 m,Totale oppervlakte: 122 m 2,â‚¬ 415,p/m | excl. g/w/e,Gestoffeerd,01-11-2021 tot 31-12-2022,4 weken geleden geplaatst,https://kamernet.nl/huren/kamer-hoofddorp/graan-voor-visch/kamer-1984788,"{'Woonkamer': ' Gedeeld ', 'Keuken': ' Gedeeld ', 'Badkamer': ' Gedeeld ', 'Toilet': ' Gedeeld ', 'Internet': ' Nee ', 'Energielabel': ' Onbekend ', 'Huisgenoten': '  3 ', 'Geslacht': ' Vrouw ', 'Huisdieren': ' Nee '}",kamer-1984788.html
Schieweg,in Rotterdam,18 m,Totale oppervlakte: 65 m 2,â‚¬ 650,p/m | incl. g/w/e,Gestoffeerd,02-09-2021,4 weken geleden geplaatst,https://kamernet.nl/huren/kamer-rotterdam/schieweg/kamer-1984816,"{'Woonkamer': ' Gedeeld ', 'Keuken': ' Gedeeld ', 'Badkamer': ' Eigen ', 'Toilet': ' Eigen ', 'Internet': ' Ja ', 'Energielabel': ' Onbekend ', 'Huisgenoten': '  1 ', 'Geslacht': ' Man ', 'Huisdieren': ' Nee '}",kamer-1984816.html
Durgerdammergouw,in Amsterdam,140 m,Totaal 2 kamers,â‚¬ 3500,p/m | excl. g/w/e,Gemeubileerd,27-09-2021,4 weken geleden geplaatst,https://kamernet.nl/huren/appartement-amsterdam/durgerdammergouw/appartement-1984793,"{'Woonkamer': ' Onbekend ', 'Keuken': ' Onbekend ', 'Badkamer': ' Onbekend ', 'Toilet': ' Onbekend ', 'Internet': ' Onbekend ', 'Energielabel': ' Onbekend ', 'Huisdieren': ' In overleg '}",appartement-1984793.html
Oud-Loosdrechtsedijk,in Loosdrecht,30 m,Totaal 1 kamer,â‚¬ 2750,p/m | excl. g/w/e,Gemeubileerd,02-09-2021,4 weken geleden geplaatst,https://kamernet.nl/huren/appartement-loosdrecht/oud-loosdrechtsedijk/appartement-1984792,"{'Woonkamer': ' Onbekend ', 'Keuken': ' Onbekend ', 'Badkamer': ' Onbekend ', 'Toilet': ' Onbekend ', 'Internet': ' Onbekend ', 'Energielabel': ' Onbekend ', 'Huisdieren': ' Nee '}",appartement-1984792.html
Vogelzangsterweg,in Scheemda,90 m,Totaal 4 kamers (2 slaapkamers) ,â‚¬ 850,p/m | excl. g/w/e,Gemeubileerd,25-10-2021 tot 10-04-2022,4 weken geleden geplaatst,https://kamernet.nl/huren/appartement-scheemda/vogelzangsterweg/appartement-1985168,"{'Woonkamer': ' Eigen ', 'Keuken': ' Eigen ', 'Badkamer': ' Eigen ', 'Toilet': ' Eigen ', 'Internet': ' Ja ', 'Energielabel': ' C ', 'Huisdieren': ' Nee '}",appartement-1985168.html
Michiel de Ruyterstraat,in Waalre,120 m,Totaal 4 kamers,â‚¬ 1795,p/m | excl. g/w/e,Gemeubileerd,01-10-2021,4 weken geleden geplaatst,https://kamernet.nl/huren/appartement-waalre/michiel-de-ruyterstraat/appartement-1985179,"{'Woonkamer': ' Onbekend ', 'Keuken': ' Onbekend ', 'Badkamer': ' Onbekend ', 'Toilet': ' Onbekend ', 'Internet': ' Onbekend ', 'Energielabel': ' Onbekend ', 'Huisdieren': ' Nee '}",appartement-1985179.html
Hargerweg,in Schoorl,60 m,Totaal 2 kamers (1 slaapkamer) ,â‚¬ 999,p/m | incl. g/w/e,Gemeubileerd,19-09-2021,4 weken geleden geplaatst,https://kamernet.nl/huren/appartement-schoorl/hargerweg/appartement-1985147,"{'Woonkamer': ' Eigen ', 'Keuken': ' Eigen ', 'Badkamer': ' Eigen ', 'Toilet': ' Eigen ', 'Internet': ' Ja ', 'Energielabel': ' Onbekend ', 'Huisdieren': ' Nee '}",appartement-1985147.html
Jan van Scorelstraat,in Utrecht,50 m,Totaal 1 kamer (1 slaapkamer) ,â‚¬ 1200,p/m | incl. g/w/e,Gemeubileerd,16-11-2021 tot 01-08-2022,4 weken geleden geplaatst,https://kamernet.nl/huren/studio-utrecht/jan-van-scorelstraat/studio-1985266,"{'Woonkamer': ' Eigen ', 'Keuken': ' Eigen ', 'Badkamer': ' Eigen ', 'Toilet': ' Eigen ', 'Internet': ' Ja ', 'Energielabel': ' C ', 'Huisdieren': ' Nee '}",studio-1985266.html
Groen van Prinstererstraat,in Amsterdam,13 m,Totale oppervlakte: 75 m 2,â‚¬ 950,p/m | excl. g/w/e,Gemeubileerd,01-10-2021,4 weken geleden geplaatst,https://kamernet.nl/huren/kamer-amsterdam/groen-van-prinstererstraat/kamer-1985270,"{'Woonkamer': ' Gedeeld ', 'Keuken': ' Gedeeld ', 'Badkamer': ' Gedeeld ', 'Toilet': ' Gedeeld ', 'Internet': ' Ja ', 'Energielabel': ' Onbekend ', 'Huisgenoten': '  1 ', 'Geslacht': ' Man ', 'Huisdieren': ' Nee '}",kamer-1985270.html
Vrouwestraat,in Vlissingen,15 m,,â‚¬ 290,p/m | incl. g/w/e,Gestoffeerd,03-09-2021,4 weken geleden geplaatst,https://kamernet.nl/huren/kamer-vlissingen/vrouwestraat/kamer-1985149,"{'Woonkamer': ' Gedeeld ', 'Keuken': ' Gedeeld ', 'Badkamer': ' Gedeeld ', 'Toilet': ' Gedeeld ', 'Internet': ' Ja ', 'Energielabel': ' Onbekend ', 'Huisgenoten': '  Meer dan 8 ', 'Geslacht': ' Gemengd ', 'Huisdieren': ' Nee '}",kamer-1985149.html
Hendrik Veenemanstraat,in Son en Breugel,13 m,Totale oppervlakte: 120 m 2,â‚¬ 450,p/m | incl. g/w/e,Gemeubileerd,01-12-2021,4 weken geleden geplaatst,https://kamernet.nl/huren/kamer-son-en-breugel/hendrik-veenemanstraat/kamer-1985302,"{'Woonkamer': ' Gedeeld ', 'Keuken': ' Gedeeld ', 'Badkamer': ' Gedeeld ', 'Toilet': ' Gedeeld ', 'Internet': ' Ja ', 'Energielabel': ' C ', 'Huisgenoten': '  3 ', 'Geslacht': ' Man ', 'Huisdieren': ' In overleg '}",kamer-1985302.html
De Savornin Lohmanstraat,in Amsterdam,45 m,Totaal 2 kamers (1 slaapkamer) ,â‚¬ 1280,p/m | incl. g/w/e,Kaal,01-10-2021 tot 01-10-2022,4 weken geleden geplaatst,https://kamernet.nl/huren/appartement-amsterdam/de-savornin-lohmanstraat/appartement-1985317,"{'Woonkamer': ' Eigen ', 'Keuken': ' Eigen ', 'Badkamer': ' Eigen ', 'Toilet': ' Eigen ', 'Internet': ' Ja ', 'Energielabel': ' Onbekend ', 'Huisdieren': ' Nee '}",appartement-1985317.html
Jan van Galenstraat,in Amsterdam,70 m,Totaal 3 kamers,â‚¬ 1450,p/m | excl. g/w/e,Gestoffeerd,04-09-2021,4 weken geleden geplaatst,https://kamernet.nl/huren/appartement-amsterdam/jan-van-galenstraat/appartement-1985210,"{'Woonkamer': ' Onbekend ', 'Keuken': ' Onbekend ', 'Badkamer': ' Onbekend ', 'Toilet': ' Onbekend ', 'Internet': ' Onbekend ', 'Energielabel': ' Onbekend ', 'Huisdieren': ' In overleg '}",appartement-1985210.html
Duinweg,in Noordwijk,80 m,,â‚¬ 1350,p/m | excl. g/w/e,Gemeubileerd,01-11-2021,4 weken geleden geplaatst,https://kamernet.nl/huren/appartement-noordwijk/duinweg/appartement-1985337,"{'Woonkamer': ' Onbekend ', 'Keuken': ' Onbekend ', 'Badkamer': ' Onbekend ', 'Toilet': ' Onbekend ', 'Internet': ' Onbekend ', 'Energielabel': ' Onbekend ', 'Huisdieren': ' Nee '}",appartement-1985337.html
Klikspaanweg,in Leiden,11 m,,â‚¬ 280,p/m | incl. g/w/e,Gestoffeerd,05-10-2021,3 weken geleden geplaatst,https://kamernet.nl/huren/kamer-leiden/klikspaanweg/kamer-1985344,"{'Woonkamer': ' Gedeeld ', 'Keuken': ' Gedeeld ', 'Badkamer': ' Gedeeld ', 'Toilet': ' Gedeeld ', 'Internet': ' Nee ', 'Energielabel': ' Onbekend ', 'Huisgenoten': '  Meer dan 8 ', 'Geslacht': ' Gemengd ', 'Huisdieren': ' Nee '}",kamer-1985344.html
Gorechtkade,in Groningen,11 m,,â‚¬ 389,p/m | excl. g/w/e,Gemeubileerd,05-09-2021,3 weken geleden geplaatst,https://kamernet.nl/huren/kamer-groningen/gorechtkade/kamer-1985375,"{'Woonkamer': ' Gedeeld ', 'Keuken': ' Gedeeld ', 'Badkamer': ' Gedeeld ', 'Toilet': ' Gedeeld ', 'Internet': ' Ja ', 'Energielabel': ' Onbekend ', 'Huisgenoten': '  2 ', 'Geslacht': ' Gemengd ', 'Huisdieren': ' Nee '}",kamer-1985375.html
Prins Frederikplein,in Rotterdam,12 m,Totale oppervlakte: 90 m 2,â‚¬ 750,p/m | incl. g/w/e,Gemeubileerd,01-10-2021,4 weken geleden geplaatst,https://kamernet.nl/huren/kamer-rotterdam/prins-frederikplein/kamer-1985342,"{'Woonkamer': ' Gedeeld ', 'Keuken': ' Gedeeld ', 'Badkamer': ' Gedeeld ', 'Toilet': ' Gedeeld ', 'Internet': ' Ja ', 'Energielabel': ' Onbekend ', 'Huisgenoten': '  1 ', 'Geslacht': ' Vrouw ', 'Huisdieren': ' Nee '}",kamer-1985342.html
Duinweg,in Noordwijk,80 m,,â‚¬ 1295,p/m | excl. g/w/e,Gemeubileerd,01-11-2021,4 weken geleden geplaatst,https://kamernet.nl/huren/appartement-noordwijk/duinweg/appartement-1985336,"{'Woonkamer': ' Onbekend ', 'Keuken': ' Onbekend ', 'Badkamer': ' Onbekend ', 'Toilet': ' Onbekend ', 'Internet': ' Onbekend ', 'Energielabel': ' Onbekend ', 'Huisdieren': ' Nee '}",appartement-1985336.html
Raadhuisstraat,in Terheijden,140 m,Totaal 5 kamers (2 slaapkamers) ,â‚¬ 1100,p/m | excl. g/w/e,Gestoffeerd,01-10-2021,4 weken geleden geplaatst,https://kamernet.nl/huren/appartement-terheijden/raadhuisstraat/appartement-1985228,"{'Woonkamer': ' Eigen ', 'Keuken': ' Eigen ', 'Badkamer': ' Eigen ', 'Toilet': ' Eigen ', 'Internet': ' Nee ', 'Energielabel': ' Onbekend ', 'Huisdieren': ' In overleg '}",appartement-1985228.html
Jupiterstraat,in Hoofddorp,36 m,,â‚¬ 1100,p/m | incl. g/w/e,Gemeubileerd,04-09-2021,4 weken geleden geplaatst,https://kamernet.nl/huren/studio-hoofddorp/jupiterstraat/studio-1985224,"{'Woonkamer': ' Eigen ', 'Keuken': ' Eigen ', 'Badkamer': ' Eigen ', 'Toilet': ' Eigen ', 'Internet': ' Ja ', 'Energielabel': ' Onbekend ', 'Huisdieren': ' Nee '}",studio-1985224.html
De Herenwei,in Maasland,10 m,Totale oppervlakte: 195 m 2,â‚¬ 525,p/m | incl. g/w/e,Kaal,02-09-2021 tot 02-09-2022,4 weken geleden geplaatst,https://kamernet.nl/huren/kamer-maasland/de-herenwei/kamer-1984901,"{'Woonkamer': ' Gedeeld ', 'Keuken': ' Gedeeld ', 'Badkamer': ' Gedeeld ', 'Toilet': ' Gedeeld ', 'Internet': ' Ja ', 'Energielabel': ' A ', 'Huisgenoten': '  3 ', 'Geslacht': ' Man ', 'Huisdieren': ' Nee '}",kamer-1984901.html
Jacob Catsstraat,in Rotterdam,50 m,Totaal 1 kamer (1 slaapkamer) ,â‚¬ 850,p/m | excl. g/w/e,Gestoffeerd,02-09-2021,4 weken geleden geplaatst,https://kamernet.nl/huren/appartement-rotterdam/jacob-catsstraat/appartement-1984920,"{'Woonkamer': ' Eigen ', 'Keuken': ' Eigen ', 'Badkamer': ' Eigen ', 'Toilet': ' Eigen ', 'Internet': ' Ja ', 'Energielabel': ' Onbekend ', 'Huisdieren': ' Nee '}",appartement-1984920.html
Eikstraat,in Enschede,18 m,,â‚¬ 330,p/m | incl. g/w/e,Gestoffeerd,04-09-2021,4 weken geleden geplaatst,https://kamernet.nl/huren/kamer-enschede/eikstraat/kamer-1985292,"{'Woonkamer': ' Gedeeld ', 'Keuken': ' Gedeeld ', 'Badkamer': ' Gedeeld ', 'Toilet': ' Gedeeld ', 'Internet': ' Ja ', 'Energielabel': ' Onbekend ', 'Huisgenoten': '  Meer dan 8 ', 'Geslacht': ' Man ', 'Huisdieren': ' Ja '}",kamer-1985292.html
Hanenberglanden,in Enschede,10 m,Totale oppervlakte: 75 m 2,â‚¬ 310,p/m | incl. g/w/e,Kaal,06-09-2021,4 weken geleden geplaatst,https://kamernet.nl/huren/kamer-enschede/hanenberglanden/kamer-1984990,"{'Woonkamer': ' Gedeeld ', 'Keuken': ' Gedeeld ', 'Badkamer': ' Gedeeld ', 'Toilet': ' Gedeeld ', 'Internet': ' Ja ', 'Energielabel': ' Onbekend ', 'Huisgenoten': '  3 ', 'Geslacht': ' Man ', 'Huisdieren': ' Nee '}",kamer-1984990.html
Hondsrug,in Utrecht,10 m,,â‚¬ 360,p/m | incl. g/w/e,Kaal,01-10-2021,4 weken geleden geplaatst,https://kamernet.nl/huren/kamer-utrecht/hondsrug/kamer-1984910,"{'Woonkamer': ' Geen ', 'Keuken': ' Gedeeld ', 'Badkamer': ' Gedeeld ', 'Toilet': ' Gedeeld ', 'Internet': ' Ja ', 'Energielabel': ' Onbekend ', 'Huisgenoten': '  3 ', 'Geslacht': ' Gemengd ', 'Huisdieren': ' Nee '}",kamer-1984910.html
Veestraat,in Sittard,70 m,,â‚¬ 752,p/m | excl. g/w/e,Gestoffeerd,03-09-2021,4 weken geleden geplaatst,https://kamernet.nl/huren/appartement-sittard/veestraat/appartement-1984984,"{'Woonkamer': ' Onbekend ', 'Keuken': ' Onbekend ', 'Badkamer': ' Onbekend ', 'Toilet': ' Onbekend ', 'Internet': ' Onbekend ', 'Energielabel': ' Onbekend ', 'Huisdieren': ' Nee '}",appartement-1984984.html
Bosweg,in Anloo,70 m,Totaal 4 kamers (2 slaapkamers) ,â‚¬ 875,p/m | excl. g/w/e,Gemeubileerd,03-10-2021 tot 31-03-2022,4 weken geleden geplaatst,https://kamernet.nl/huren/appartement-anloo/bosweg/appartement-1985048,"{'Woonkamer': ' Eigen ', 'Keuken': ' Eigen ', 'Badkamer': ' Eigen ', 'Toilet': ' Eigen ', 'Internet': ' Ja ', 'Energielabel': ' Onbekend ', 'Huisdieren': ' Nee '}",appartement-1985048.html
Meent,in Rotterdam,70 m,,â‚¬ 1430,p/m | excl. g/w/e,Gemeubileerd,01-12-2021,4 weken geleden geplaatst,https://kamernet.nl/huren/appartement-rotterdam/meent/appartement-1985096,"{'Woonkamer': ' Eigen ', 'Keuken': ' Eigen ', 'Badkamer': ' Eigen ', 'Toilet': ' Eigen ', 'Internet': ' Ja ', 'Energielabel': ' Onbekend ', 'Huisdieren': ' Nee '}",appartement-1985096.html
Ouwenberg,in Eindhoven,12 m,,â‚¬ 400,p/m | excl. g/w/e,Gemeubileerd,03-09-2021,4 weken geleden geplaatst,https://kamernet.nl/huren/kamer-eindhoven/ouwenberg/kamer-1985116,"{'Woonkamer': ' Onbekend ', 'Keuken': ' Gedeeld ', 'Badkamer': ' Gedeeld ', 'Toilet': ' Gedeeld ', 'Internet': ' Ja ', 'Energielabel': ' Onbekend ', 'Huisgenoten': '  2 ', 'Geslacht': ' Gemengd ', 'Huisdieren': ' Nee '}",kamer-1985116.html
Laanstraat,in Baarn,20 m,,â‚¬ 500,p/m | excl. g/w/e,Gemeubileerd,18-08-2021,4 weken geleden geplaatst,https://kamernet.nl/huren/kamer-baarn/laanstraat/kamer-1985117,"{'Woonkamer': ' Gedeeld ', 'Keuken': ' Gedeeld ', 'Badkamer': ' Gedeeld ', 'Toilet': ' Gedeeld ', 'Internet': ' Ja ', 'Energielabel': ' Onbekend ', 'Huisgenoten': '  3 ', 'Geslacht': ' Gemengd ', 'Huisdieren': ' Ja '}",kamer-1985117.html
Bastiaansplein,in Delft,14 m,,â‚¬ 410,p/m | incl. g/w/e,Gestoffeerd,04-10-2021,4 weken geleden geplaatst,https://kamernet.nl/huren/kamer-delft/bastiaansplein/kamer-1985125,"{'Woonkamer': ' Gedeeld ', 'Keuken': ' Gedeeld ', 'Badkamer': ' Gedeeld ', 'Toilet': ' Gedeeld ', 'Internet': ' Ja ', 'Energielabel': ' Onbekend ', 'Huisgenoten': '  5 ', 'Geslacht': ' Man ', 'Huisdieren': ' Nee '}",kamer-1985125.html
Vrouwestraat,in Vlissingen,18 m,,â‚¬ 290,p/m | incl. g/w/e,Gestoffeerd,03-09-2021,4 weken geleden geplaatst,https://kamernet.nl/huren/kamer-vlissingen/vrouwestraat/kamer-1985148,"{'Woonkamer': ' Gedeeld ', 'Keuken': ' Gedeeld ', 'Badkamer': ' Gedeeld ', 'Toilet': ' Gedeeld ', 'Internet': ' Ja ', 'Energielabel': ' Onbekend ', 'Huisgenoten': '  Meer dan 8 ', 'Geslacht': ' Gemengd ', 'Huisdieren': ' Nee '}",kamer-1985148.html
Parkstraat,in Venlo,35 m,,â‚¬ 590,p/m | excl. g/w/e,Gestoffeerd,03-09-2021,4 weken geleden geplaatst,https://kamernet.nl/huren/kamer-venlo/parkstraat/kamer-1984982,"{'Woonkamer': ' Onbekend ', 'Keuken': ' Onbekend ', 'Badkamer': ' Onbekend ', 'Toilet': ' Onbekend ', 'Internet': ' Onbekend ', 'Energielabel': ' Onbekend ', 'Huisgenoten': '  Onbekend  ', 'Geslacht': ' Onbekend ', 'Huisdieren': ' Nee '}",kamer-1984982.html
Korvezeestraat,in Delft,30 m,,â‚¬ 350,p/m | incl. g/w/e,Kaal,02-09-2021,3 weken geleden geplaatst,https://kamernet.nl/huren/kamer-delft/korvezeestraat/kamer-1984824,"{'Woonkamer': ' Gedeeld ', 'Keuken': ' Gedeeld ', 'Badkamer': ' Eigen ', 'Toilet': ' Eigen ', 'Internet': ' Ja ', 'Energielabel': ' Onbekend ', 'Huisgenoten': '  8  ', 'Geslacht': ' Gemengd ', 'Huisdieren': ' Nee '}",kamer-1984824.html
Laan der V.O.C.,in Almere,12 m,Totale oppervlakte: 35 m 2,â‚¬ 435,p/m | incl. g/w/e,Gestoffeerd,13-09-2021,3 weken geleden geplaatst,https://kamernet.nl/huren/kamer-almere/laan-der-v.o.c./kamer-1985415,"{'Woonkamer': ' Geen ', 'Keuken': ' Gedeeld ', 'Badkamer': ' Gedeeld ', 'Toilet': ' Gedeeld ', 'Internet': ' Ja ', 'Energielabel': ' A ', 'Huisgenoten': '  5 ', 'Geslacht': ' Gemengd ', 'Huisdieren': ' Nee '}",kamer-1985415.html
Pleinweg,in Rotterdam,60 m,,â‚¬ 975,p/m | excl. g/w/e,Gestoffeerd,02-09-2021 tot 03-09-2023,4 weken geleden geplaatst,https://kamernet.nl/huren/appartement-rotterdam/pleinweg/appartement-1984925,"{'Woonkamer': ' Eigen ', 'Keuken': ' Eigen ', 'Badkamer': ' Eigen ', 'Toilet': ' Eigen ', 'Internet': ' Nee ', 'Energielabel': ' Onbekend ', 'Huisdieren': ' Nee '}",appartement-1984925.html
Maimonideslaan,in Amstelveen,73 m,,â‚¬ 980,p/m | excl. g/w/e,Gemeubileerd,14-09-2021,3 weken geleden geplaatst,https://kamernet.nl/huren/kamer-amstelveen/maimonideslaan/kamer-1985452,"{'Woonkamer': ' Gedeeld ', 'Keuken': ' Gedeeld ', 'Badkamer': ' Gedeeld ', 'Toilet': ' Eigen ', 'Internet': ' Ja ', 'Energielabel': ' Onbekend ', 'Huisgenoten': '  1 ', 'Geslacht': ' Gemengd ', 'Huisdieren': ' Nee '}",kamer-1985452.html
Azielaan,in Delft,16 m,Totale oppervlakte: 70 m 2,â‚¬ 500,p/m | incl. g/w/e,Gestoffeerd,03-09-2021,4 weken geleden geplaatst,https://kamernet.nl/huren/kamer-delft/azielaan/kamer-1985097,"{'Woonkamer': ' Eigen ', 'Keuken': ' Gedeeld ', 'Badkamer': ' Gedeeld ', 'Toilet': ' Gedeeld ', 'Internet': ' Ja ', 'Energielabel': ' Onbekend ', 'Huisgenoten': '  Onbekend  ', 'Geslacht': ' Onbekend ', 'Huisdieren': ' Nee '}",kamer-1985097.html
Bestevaerstraat,in Alkmaar,25 m,,â‚¬ 635,p/m | incl. g/w/e,Gestoffeerd,06-09-2021,3 weken geleden geplaatst,https://kamernet.nl/huren/kamer-alkmaar/bestevaerstraat/kamer-1985493,"{'Woonkamer': ' Eigen ', 'Keuken': ' Eigen ', 'Badkamer': ' Eigen ', 'Toilet': ' Gedeeld ', 'Internet': ' Ja ', 'Energielabel': ' Onbekend ', 'Huisgenoten': '  Onbekend  ', 'Geslacht': ' Onbekend ', 'Huisdieren': ' Nee '}",kamer-1985493.html
Veldmaarschalk Montgomerylaan,in Eindhoven,12 m,Totale oppervlakte: 70 m 2,â‚¬ 410,p/m | incl. g/w/e,Gestoffeerd,02-10-2021,3 weken geleden geplaatst,https://kamernet.nl/huren/kamer-eindhoven/veldmaarschalk-montgomerylaan/kamer-1985495,"{'Woonkamer': ' Gedeeld ', 'Keuken': ' Gedeeld ', 'Badkamer': ' Gedeeld ', 'Toilet': ' Gedeeld ', 'Internet': ' Ja ', 'Energielabel': ' Onbekend ', 'Huisgenoten': '  2 ', 'Geslacht': ' Man ', 'Huisdieren': ' Nee '}",kamer-1985495.html
Bulgersteyn,in Rotterdam,15 m,Totale oppervlakte: 97 m 2,â‚¬ 825,p/m | incl. g/w/e,Gemeubileerd,04-09-2021,3 weken geleden geplaatst,https://kamernet.nl/huren/kamer-rotterdam/bulgersteyn/kamer-1985276,"{'Woonkamer': ' Gedeeld ', 'Keuken': ' Gedeeld ', 'Badkamer': ' Gedeeld ', 'Toilet': ' Gedeeld ', 'Internet': ' Ja ', 'Energielabel': ' C ', 'Huisgenoten': '  2 ', 'Geslacht': ' Man ', 'Huisdieren': ' In overleg '}",kamer-1985276.html
Korte Kerkstraat,in Goes,85 m,Totaal 3 kamers (2 slaapkamers) ,â‚¬ 1250,p/m | excl. g/w/e,Gestoffeerd,06-09-2021,3 weken geleden geplaatst,https://kamernet.nl/huren/appartement-goes/korte-kerkstraat/appartement-1985488,"{'Woonkamer': ' Eigen ', 'Keuken': ' Eigen ', 'Badkamer': ' Eigen ', 'Toilet': ' Eigen ', 'Internet': ' Nee ', 'Energielabel': ' A ', 'Huisdieren': ' Nee '}",appartement-1985488.html
Bordeslaan,in Den Bosch,35 m,Totaal 2 kamers,â‚¬ 1150,p/m | excl. g/w/e,Gestoffeerd,15-10-2021,4 weken geleden geplaatst,https://kamernet.nl/huren/appartement-den-bosch/bordeslaan/appartement-1984979,"{'Woonkamer': ' Onbekend ', 'Keuken': ' Onbekend ', 'Badkamer': ' Onbekend ', 'Toilet': ' Onbekend ', 'Internet': ' Onbekend ', 'Energielabel': ' Onbekend ', 'Huisdieren': ' Nee '}",appartement-1984979.html
Oude Singel,in Leiden,12 m,,â‚¬ 300,p/m | incl. g/w/e,Kaal,04-10-2021,3 weken geleden geplaatst,https://kamernet.nl/huren/kamer-leiden/oude-singel/kamer-1930216,"{'Woonkamer': ' Onbekend ', 'Keuken': ' Onbekend ', 'Badkamer': ' Onbekend ', 'Toilet': ' Onbekend ', 'Internet': ' Onbekend ', 'Energielabel': ' Onbekend ', 'Huisgenoten': '  Meer dan 8 ', 'Geslacht': ' Gemengd ', 'Huisdieren': ' Nee '}",kamer-1930216.html
Gasthuisring,in Tilburg,15 m,,â‚¬ 320,p/m | incl. g/w/e,Gestoffeerd,06-09-2021,3 weken geleden geplaatst,https://kamernet.nl/huren/kamer-tilburg/gasthuisring/kamer-1985548,"{'Woonkamer': ' Geen ', 'Keuken': ' Gedeeld ', 'Badkamer': ' Gedeeld ', 'Toilet': ' Gedeeld ', 'Internet': ' Ja ', 'Energielabel': ' Onbekend ', 'Huisgenoten': '  Meer dan 8 ', 'Geslacht': ' Man ', 'Huisdieren': ' Nee '}",kamer-1985548.html
Maastrichtseweg,in Den Bosch,10 m,Totale oppervlakte: 10 m 2,â‚¬ 275,p/m | incl. g/w/e,Gemeubileerd,06-09-2021,3 weken geleden geplaatst,https://kamernet.nl/huren/kamer-den-bosch/maastrichtseweg/kamer-1985428,"{'Woonkamer': ' Geen ', 'Keuken': ' Gedeeld ', 'Badkamer': ' Gedeeld ', 'Toilet': ' Gedeeld ', 'Internet': ' Ja ', 'Energielabel': ' Onbekend ', 'Huisgenoten': '  3 ', 'Geslacht': ' Gemengd ', 'Huisdieren': ' Nee '}",kamer-1985428.html
de Mahonie,in Boxmeer,36 m,,â‚¬ 500,p/m | incl. g/w/e,Gemeubileerd,15-09-2021 tot 30-06-2022,3 weken geleden geplaatst,https://kamernet.nl/huren/kamer-boxmeer/de-mahonie/kamer-1985503,"{'Woonkamer': ' Eigen ', 'Keuken': ' Geen ', 'Badkamer': ' Eigen ', 'Toilet': ' Eigen ', 'Internet': ' Ja ', 'Energielabel': ' Onbekend ', 'Huisgenoten': '  Onbekend  ', 'Geslacht': ' Onbekend ', 'Huisdieren': ' Nee '}",kamer-1985503.html
Gedempte Schalk Burgergracht,in Haarlem,12 m,Totale oppervlakte: 105 m 2,â‚¬ 450,p/m | incl. g/w/e,Gestoffeerd,13-10-2021 tot 13-01-2022,3 weken geleden geplaatst,https://kamernet.nl/huren/kamer-haarlem/gedempte-schalk-burgergracht/kamer-1985526,"{'Woonkamer': ' Eigen ', 'Keuken': ' Gedeeld ', 'Badkamer': ' Gedeeld ', 'Toilet': ' Gedeeld ', 'Internet': ' Ja ', 'Energielabel': ' Onbekend ', 'Huisgenoten': '  4  ', 'Geslacht': ' Gemengd ', 'Huisdieren': ' Nee '}",kamer-1985526.html
Arent Janszoon Ernststraat,in Amsterdam,12 m,Totale oppervlakte: 64 m 2,â‚¬ 655,p/m | incl. g/w/e,Gestoffeerd,06-09-2021,3 weken geleden geplaatst,https://kamernet.nl/huren/kamer-amsterdam/arent-janszoon-ernststraat/kamer-1985480,"{'Woonkamer': ' Gedeeld ', 'Keuken': ' Gedeeld ', 'Badkamer': ' Gedeeld ', 'Toilet': ' Gedeeld ', 'Internet': ' Ja ', 'Energielabel': ' Onbekend ', 'Huisgenoten': '  2 ', 'Geslacht': ' Man ', 'Huisdieren': ' Nee '}",kamer-1985480.html
Rotterdamseweg,in Delft,22 m,,â‚¬ 595,p/m | incl. g/w/e,Gestoffeerd,01-10-2021,,https://kamernet.nl/huren/kamer-delft/rotterdamseweg/kamer-1991216,"{'Woonkamer': ' Eigen ', 'Keuken': ' Geen ', 'Badkamer': ' Gedeeld ', 'Toilet': ' Gedeeld ', 'Internet': ' Ja ', 'Energielabel': ' Onbekend ', 'Huisgenoten': '  2 ', 'Geslacht': ' Man ', 'Huisdieren': ' Nee '}",kamer-1991216.html
Groenhovenstraat,in Leiden,14 m,Totale oppervlakte: 300 m 2,â‚¬ 350,p/m | incl. g/w/e,Gestoffeerd,22-09-2021,4 weken geleden geplaatst,https://kamernet.nl/huren/kamer-leiden/groenhovenstraat/kamer-1984922,"{'Woonkamer': ' Gedeeld ', 'Keuken': ' Gedeeld ', 'Badkamer': ' Gedeeld ', 'Toilet': ' Gedeeld ', 'Internet': ' Ja ', 'Energielabel': ' Onbekend ', 'Huisgenoten': '  Meer dan 8 ', 'Geslacht': ' Gemengd ', 'Huisdieren': ' Nee '}",kamer-1984922.html
Paxlaan,in Delft,17 m,Totale oppervlakte: 90 m 2,â‚¬ 330,p/m | incl. g/w/e,Gestoffeerd,01-10-2021,4 weken geleden geplaatst,https://kamernet.nl/huren/kamer-delft/paxlaan/kamer-1984905,"{'Woonkamer': ' Gedeeld ', 'Keuken': ' Gedeeld ', 'Badkamer': ' Gedeeld ', 'Toilet': ' Gedeeld ', 'Internet': ' Ja ', 'Energielabel': ' Onbekend ', 'Huisgenoten': '  3 ', 'Geslacht': ' Man ', 'Huisdieren': ' Nee '}",kamer-1984905.html
Schumanstraat,in Heerlen,124 m,,â‚¬ 1100,p/m | excl. g/w/e,Gestoffeerd,03-09-2021,6 uur geleden geplaatst,https://kamernet.nl/huren/appartement-heerlen/schumanstraat/appartement-1984985,"{'Woonkamer': ' Onbekend ', 'Keuken': ' Onbekend ', 'Badkamer': ' Onbekend ', 'Toilet': ' Onbekend ', 'Internet': ' Onbekend ', 'Energielabel': ' Onbekend ', 'Huisdieren': ' Nee '}",
Koeriersterweg,in Groningen,13 m,,â‚¬ 440,p/m | incl. g/w/e,Kaal,01-10-2021,20 uur geleden geplaatst,https://kamernet.nl/huren/kamer-groningen/koeriersterweg/kamer-1984906,"{'Woonkamer': ' Gedeeld ', 'Keuken': ' Gedeeld ', 'Badkamer': ' Gedeeld ', 'Toilet': ' Gedeeld ', 'Internet': ' Ja ', 'Energielabel': ' Onbekend ', 'Huisgenoten': '  5 ', 'Geslacht': ' Man ', 'Huisdieren': ' Nee '}",
Jan Lelimanhof,in Amsterdam,11 m,,â‚¬ 600,p/m | incl. g/w/e,Gestoffeerd,01-10-2021,20 uur geleden geplaatst,https://kamernet.nl/huren/kamer-amsterdam/jan-lelimanhof/kamer-1983908,"{'Woonkamer': ' Gedeeld ', 'Keuken': ' Gedeeld ', 'Badkamer': ' Gedeeld ', 'Toilet': ' Gedeeld ', 'Internet': ' Ja ', 'Energielabel': ' Onbekend ', 'Huisgenoten': '  4  ', 'Geslacht': ' Man ', 'Huisdieren': ' In overleg '}",
Oosteinde,in Delft,11 m,,â‚¬ 410,p/m | incl. g/w/e,Gestoffeerd,02-10-2021,20 uur geleden geplaatst,https://kamernet.nl/huren/kamer-delft/oosteinde/kamer-1984881,"{'Woonkamer': ' Gedeeld ', 'Keuken': ' Gedeeld ', 'Badkamer': ' Gedeeld ', 'Toilet': ' Gedeeld ', 'Internet': ' Ja ', 'Energielabel': ' Onbekend ', 'Huisgenoten': '  8  ', 'Geslacht': ' Man ', 'Huisdieren': ' Nee '}",
Keucheniusstraat,in Rotterdam,20 m,,â‚¬ 800,p/m | incl. g/w/e,Gestoffeerd,01-11-2021,3 uur geleden geplaatst,https://kamernet.nl/huren/studio-rotterdam/keucheniusstraat/studio-1985052,"{'Woonkamer': ' Geen ', 'Keuken': ' Eigen ', 'Badkamer': ' Eigen ', 'Toilet': ' Eigen ', 'Internet': ' Ja ', 'Energielabel': ' Onbekend ', 'Huisdieren': ' Nee '}",
H.M. Kraaijvangerstraat,in Amsterdam,25 m,,â‚¬ 1295,p/m | incl. g/w/e,Gemeubileerd,01-10-2021,5 uur geleden geplaatst,https://kamernet.nl/huren/studio-amsterdam/h.m.-kraaijvangerstraat/studio-1985021,"{'Woonkamer': ' Eigen ', 'Keuken': ' Eigen ', 'Badkamer': ' Eigen ', 'Toilet': ' Eigen ', 'Internet': ' Ja ', 'Energielabel': ' Onbekend ', 'Huisdieren': ' Nee '}",
Jagersdreef,in Driebergen-Rijsenburg,25 m,,â‚¬ 325,p/m | incl. g/w/e,Gestoffeerd,23-09-2021,5 uur geleden geplaatst,https://kamernet.nl/huren/kamer-driebergen-rijsenburg/jagersdreef/kamer-1985022,"{'Woonkamer': ' Eigen ', 'Keuken': ' Eigen ', 'Badkamer': ' Gedeeld ', 'Toilet': ' Gedeeld ', 'Internet': ' Ja ', 'Energielabel': ' Onbekend ', 'Huisgenoten': '  1 ', 'Geslacht': ' Gemengd ', 'Huisdieren': ' Nee '}",
Parkstraat,in Haarlem,16 m,Totale oppervlakte: 8 m 2,â‚¬ 495,p/m | incl. g/w/e,Gestoffeerd,01-10-2021,Gisteren geplaatst,https://kamernet.nl/huren/kamer-haarlem/parkstraat/kamer-1984786,"{'Woonkamer': ' Eigen ', 'Keuken': ' Gedeeld ', 'Badkamer': ' Gedeeld ', 'Toilet': ' Gedeeld ', 'Internet': ' Ja ', 'Energielabel': ' Onbekend ', 'Huisgenoten': '  5 ', 'Geslacht': ' Gemengd ', 'Huisdieren': ' Nee '}",
Laan van Borgele,in Deventer,20 m,,â‚¬ 400,p/m | incl. g/w/e,Gestoffeerd,01-10-2021,Gisteren geplaatst,https://kamernet.nl/huren/kamer-deventer/laan-van-borgele/kamer-1984781,"{'Woonkamer': ' Geen ', 'Keuken': ' Gedeeld ', 'Badkamer': ' Gedeeld ', 'Toilet': ' Gedeeld ', 'Internet': ' Ja ', 'Energielabel': ' Onbekend ', 'Huisgenoten': '  7 ', 'Geslacht': ' Man ', 'Huisdieren': ' Nee '}",
Stadionweg,in Amsterdam,18 m,,â‚¬ 650,p/m | incl. g/w/e,Gestoffeerd,01-10-2021,,https://kamernet.nl/huren/kamer-amsterdam/stadionweg/kamer-1984597,"{'Woonkamer': ' Eigen ', 'Keuken': ' Gedeeld ', 'Badkamer': ' Gedeeld ', 'Toilet': ' Gedeeld ', 'Internet': ' Ja ', 'Energielabel': ' Onbekend ', 'Huisgenoten': '  2 ', 'Geslacht': ' Gemengd ', 'Huisdieren': ' Nee '}",
Jacoba van Beierenlaan,in Delft,12 m,,â‚¬ 320,p/m | incl. g/w/e,Kaal,28-09-2021,Gisteren geplaatst,https://kamernet.nl/huren/kamer-delft/jacoba-van-beierenlaan/kamer-1984784,"{'Woonkamer': ' Gedeeld ', 'Keuken': ' Gedeeld ', 'Badkamer': ' Gedeeld ', 'Toilet': ' Gedeeld ', 'Internet': ' Ja ', 'Energielabel': ' Onbekend ', 'Huisgenoten': '  Meer dan 8 ', 'Geslacht': ' Gemengd ', 'Huisdieren': ' Nee '}",
A.C.W. Staringstraat,in Dordrecht,85 m,Totaal 4 kamers,â‚¬ 1200,p/m | excl. g/w/e,Gestoffeerd,02-09-2021,Gisteren geplaatst,https://kamernet.nl/huren/appartement-dordrecht/a.c.w.-staringstraat/appartement-1984789,"{'Woonkamer': ' Onbekend ', 'Keuken': ' Onbekend ', 'Badkamer': ' Onbekend ', 'Toilet': ' Onbekend ', 'Internet': ' Onbekend ', 'Energielabel': ' Onbekend ', 'Huisdieren': ' Nee '}",
Nieuwe Doelenstraat,in Hilversum,95 m,Totaal 4 kamers,â‚¬ 3500,p/m | excl. g/w/e,Gemeubileerd,14-09-2021 tot 29-09-2021,Gisteren geplaatst,https://kamernet.nl/huren/appartement-hilversum/nieuwe-doelenstraat/appartement-1984790,"{'Woonkamer': ' Onbekend ', 'Keuken': ' Onbekend ', 'Badkamer': ' Onbekend ', 'Toilet': ' Onbekend ', 'Internet': ' Onbekend ', 'Energielabel': ' Onbekend ', 'Huisdieren': ' Nee '}",
Geuzenweg,in Hilversum,45 m,Totaal 2 kamers,â‚¬ 1150,p/m | excl. g/w/e,Gemeubileerd,02-09-2021,Gisteren geplaatst,https://kamernet.nl/huren/appartement-hilversum/geuzenweg/appartement-1984791,"{'Woonkamer': ' Onbekend ', 'Keuken': ' Onbekend ', 'Badkamer': ' Onbekend ', 'Toilet': ' Onbekend ', 'Internet': ' Onbekend ', 'Energielabel': ' Onbekend ', 'Huisdieren': ' Nee '}",
Lange Bogaardstraat,in Haarlem,18 m,Totale oppervlakte: 10 m 2,â‚¬ 695,p/m | incl. g/w/e,Gestoffeerd,01-10-2021,Gisteren geplaatst,https://kamernet.nl/huren/kamer-haarlem/lange-bogaardstraat/kamer-1984796,"{'Woonkamer': ' Eigen ', 'Keuken': ' Eigen ', 'Badkamer': ' Gedeeld ', 'Toilet': ' Gedeeld ', 'Internet': ' Ja ', 'Energielabel': ' Onbekend ', 'Huisgenoten': '  3 ', 'Geslacht': ' Vrouw ', 'Huisdieren': ' Nee '}",
Poortenaarlaan,in Nieuwegein,20 m,,â‚¬ 800,p/m | incl. g/w/e,Gemeubileerd,01-09-2020,Gisteren geplaatst,https://kamernet.nl/huren/studio-nieuwegein/poortenaarlaan/studio-1984798,"{'Woonkamer': ' Geen ', 'Keuken': ' Eigen ', 'Badkamer': ' Eigen ', 'Toilet': ' Eigen ', 'Internet': ' Ja ', 'Energielabel': ' Onbekend ', 'Huisdieren': ' Nee '}",
Rijksstraatweg,in Duivendrecht,95 m,,â‚¬ 1750,p/m | excl. g/w/e,Gestoffeerd,02-09-2021,Gisteren geplaatst,https://kamernet.nl/huren/appartement-duivendrecht/rijksstraatweg/appartement-1984823,"{'Woonkamer': ' Gedeeld ', 'Keuken': ' Gedeeld ', 'Badkamer': ' Gedeeld ', 'Toilet': ' Gedeeld ', 'Internet': ' Nee ', 'Energielabel': ' Onbekend ', 'Huisdieren': ' Ja '}",
Taj Mahalplaats,in Delft,12 m,Totale oppervlakte: 45 m 2,â‚¬ 285,p/m | incl. g/w/e,Gestoffeerd,01-10-2021,Gisteren geplaatst,https://kamernet.nl/huren/kamer-delft/taj-mahalplaats/kamer-1984822,"{'Woonkamer': ' Gedeeld ', 'Keuken': ' Gedeeld ', 'Badkamer': ' Gedeeld ', 'Toilet': ' Gedeeld ', 'Internet': ' Ja ', 'Energielabel': ' Onbekend ', 'Huisgenoten': '  5 ', 'Geslacht': ' Gemengd ', 'Huisdieren': ' Nee '}",
Heeghtakker,in Eindhoven,14 m,,â‚¬ 400,p/m | incl. g/w/e,Kaal,02-09-2021,Gisteren geplaatst,https://kamernet.nl/huren/kamer-eindhoven/heeghtakker/kamer-1984826,"{'Woonkamer': ' Geen ', 'Keuken': ' Gedeeld ', 'Badkamer': ' Gedeeld ', 'Toilet': ' Gedeeld ', 'Internet': ' Ja ', 'Energielabel': ' Onbekend ', 'Huisgenoten': '  3 ', 'Geslacht': ' Vrouw ', 'Huisdieren': ' Nee '}",
Bedumerweg,in Groningen,12 m,,â‚¬ 320,p/m | incl. g/w/e,Kaal,01-10-2021,Gisteren geplaatst,https://kamernet.nl/huren/kamer-groningen/bedumerweg/kamer-1984821,"{'Woonkamer': ' Gedeeld ', 'Keuken': ' Gedeeld ', 'Badkamer': ' Gedeeld ', 'Toilet': ' Gedeeld ', 'Internet': ' Ja ', 'Energielabel': ' Onbekend ', 'Huisgenoten': '  4  ', 'Geslacht': ' Man ', 'Huisdieren': ' Nee '}",
Bos en Lommerplantsoen,in Amsterdam,30 m,Totaal 1 kamer (1 slaapkamer) ,â‚¬ 1300,p/m | incl. g/w/e,Gemeubileerd,01-10-2021 tot 01-01-2022,5 uur geleden geplaatst,https://kamernet.nl/huren/studio-amsterdam/bos-en-lommerplantsoen/studio-1985024,"{'Woonkamer': ' Eigen ', 'Keuken': ' Eigen ', 'Badkamer': ' Eigen ', 'Toilet': ' Eigen ', 'Internet': ' Ja ', 'Energielabel': ' A ', 'Huisdieren': ' Nee '}",
Wilnisse Zuwe,in Wilnis,40 m,Totaal 2 kamers,â‚¬ 1000,p/m | excl. g/w/e,Gemeubileerd,30-09-2021 tot 30-03-2022,5 uur geleden geplaatst,https://kamernet.nl/huren/appartement-wilnis/wilnisse-zuwe/appartement-1985029,"{'Woonkamer': ' Onbekend ', 'Keuken': ' Onbekend ', 'Badkamer': ' Onbekend ', 'Toilet': ' Onbekend ', 'Internet': ' Onbekend ', 'Energielabel': ' Onbekend ', 'Huisdieren': ' Nee '}",
Frankenstraat,in Maastricht,23 m,Totale oppervlakte: 50 m 2,â‚¬ 452,p/m | incl. g/w/e,Kaal,16-09-2021,5 uur geleden geplaatst,https://kamernet.nl/huren/kamer-maastricht/frankenstraat/kamer-1985026,"{'Woonkamer': ' Eigen ', 'Keuken': ' Eigen ', 'Badkamer': ' Gedeeld ', 'Toilet': ' Gedeeld ', 'Internet': ' Ja ', 'Energielabel': ' Onbekend ', 'Huisgenoten': '  4  ', 'Geslacht': ' Vrouw ', 'Huisdieren': ' Nee '}",
Van Swindenstraat,in Utrecht,34 m,Totale oppervlakte: 30 m 2,â‚¬ 500,p/m | incl. g/w/e,Kaal,01-10-2021,4 uur geleden geplaatst,https://kamernet.nl/huren/kamer-utrecht/van-swindenstraat/kamer-1985045,"{'Woonkamer': ' Eigen ', 'Keuken': ' Gedeeld ', 'Badkamer': ' Gedeeld ', 'Toilet': ' Gedeeld ', 'Internet': ' Onbekend ', 'Energielabel': ' Onbekend ', 'Huisgenoten': '  2 ', 'Geslacht': ' Vrouw ', 'Huisdieren': ' Nee '}",
Krommenieerweg,in Wormerveer,30 m,Totaal 1 kamer (1 slaapkamer) ,â‚¬ 650,p/m | incl. g/w/e,Gestoffeerd,03-09-2021,3 uur geleden geplaatst,https://kamernet.nl/huren/studio-wormerveer/krommenieerweg/studio-1985041,"{'Woonkamer': ' Eigen ', 'Keuken': ' Eigen ', 'Badkamer': ' Eigen ', 'Toilet': ' Eigen ', 'Internet': ' Ja ', 'Energielabel': ' Onbekend ', 'Huisdieren': ' Nee '}",
Heemraadweg,in Weesp,100 m,Totaal 4 kamers,â‚¬ 1995,p/m | excl. g/w/e,Gemeubileerd,03-09-2021,5 uur geleden geplaatst,https://kamernet.nl/huren/appartement-weesp/heemraadweg/appartement-1985028,"{'Woonkamer': ' Onbekend ', 'Keuken': ' Onbekend ', 'Badkamer': ' Onbekend ', 'Toilet': ' Onbekend ', 'Internet': ' Onbekend ', 'Energielabel': ' Onbekend ', 'Huisdieren': ' Nee '}",
Nieuwstraat,in Zwolle,12 m,Totale oppervlakte: 40 m 2,â‚¬ 512,p/m | incl. g/w/e,Gestoffeerd,03-09-2021,3 uur geleden geplaatst,https://kamernet.nl/huren/kamer-zwolle/nieuwstraat/kamer-1985050,"{'Woonkamer': ' Gedeeld ', 'Keuken': ' Gedeeld ', 'Badkamer': ' Gedeeld ', 'Toilet': ' Gedeeld ', 'Internet': ' Ja ', 'Energielabel': ' Onbekend ', 'Huisgenoten': '  1 ', 'Geslacht': ' Vrouw ', 'Huisdieren': ' Nee '}",
Nieuwe Plein,in Arnhem,25 m,,â‚¬ 578,p/m | incl. g/w/e,Gestoffeerd,03-09-2021,3 uur geleden geplaatst,https://kamernet.nl/huren/kamer-arnhem/nieuwe-plein/kamer-1985055,"{'Woonkamer': ' Eigen ', 'Keuken': ' Eigen ', 'Badkamer': ' Gedeeld ', 'Toilet': ' Gedeeld ', 'Internet': ' Nee ', 'Energielabel': ' Onbekend ', 'Huisgenoten': '  4  ', 'Geslacht': ' Gemengd ', 'Huisdieren': ' Nee '}",
Heemskerkstraat,in Rotterdam,63 m,Totaal 3 kamers (2 slaapkamers) ,â‚¬ 995,p/m | excl. g/w/e,Gestoffeerd,21-09-2021,3 uur geleden geplaatst,https://kamernet.nl/huren/appartement-rotterdam/heemskerkstraat/appartement-1985051,"{'Woonkamer': ' Eigen ', 'Keuken': ' Eigen ', 'Badkamer': ' Eigen ', 'Toilet': ' Eigen ', 'Internet': ' Nee ', 'Energielabel': ' E ', 'Huisdieren': ' Nee '}",
Swammerdampad,in Leiden,14 m,,â‚¬ 550,p/m | incl. g/w/e,Gemeubileerd,01-10-2021,3 uur geleden geplaatst,https://kamernet.nl/huren/kamer-leiden/swammerdampad/kamer-1985056,"{'Woonkamer': ' Gedeeld ', 'Keuken': ' Gedeeld ', 'Badkamer': ' Gedeeld ', 'Toilet': ' Gedeeld ', 'Internet': ' Ja ', 'Energielabel': ' Onbekend ', 'Huisgenoten': '  2 ', 'Geslacht': ' Gemengd ', 'Huisdieren': ' Nee '}",
Statenlaan,in Arnhem,27 m,,â‚¬ 450,p/m | incl. g/w/e,Gestoffeerd,03-09-2021,2 uur geleden geplaatst,https://kamernet.nl/huren/kamer-arnhem/statenlaan/kamer-1985062,"{'Woonkamer': ' Eigen ', 'Keuken': ' Eigen ', 'Badkamer': ' Gedeeld ', 'Toilet': ' Gedeeld ', 'Internet': ' Ja ', 'Energielabel': ' B ', 'Huisgenoten': '  2 ', 'Geslacht': ' Man ', 'Huisdieren': ' Nee '}",
Oude Ebbingestraat,in Groningen,16 m,,â‚¬ 352,p/m | incl. g/w/e,Gestoffeerd,10-09-2021,2 uur geleden geplaatst,https://kamernet.nl/huren/kamer-groningen/oude-ebbingestraat/kamer-1985069,"{'Woonkamer': ' Geen ', 'Keuken': ' Gedeeld ', 'Badkamer': ' Gedeeld ', 'Toilet': ' Gedeeld ', 'Internet': ' Ja ', 'Energielabel': ' Onbekend ', 'Huisgenoten': '  Meer dan 8 ', 'Geslacht': ' Onbekend ', 'Huisdieren': ' Nee '}",
Meent,in Rotterdam,10 m,,â‚¬ 400,p/m | incl. g/w/e,Kaal,01-10-2021,4 uur geleden geplaatst,https://kamernet.nl/huren/kamer-rotterdam/meent/kamer-1985042,"{'Woonkamer': ' Gedeeld ', 'Keuken': ' Gedeeld ', 'Badkamer': ' Gedeeld ', 'Toilet': ' Gedeeld ', 'Internet': ' Ja ', 'Energielabel': ' Onbekend ', 'Huisgenoten': '  3 ', 'Geslacht': ' Vrouw ', 'Huisdieren': ' Nee '}",
Briljantstraat,in Groningen,25 m,Totale oppervlakte: 130 m 2,â‚¬ 650,p/m | incl. g/w/e,Gemeubileerd,01-10-2021,3 uur geleden geplaatst,https://kamernet.nl/huren/kamer-groningen/briljantstraat/kamer-1985044,"{'Woonkamer': ' Eigen ', 'Keuken': ' Eigen ', 'Badkamer': ' Gedeeld ', 'Toilet': ' Gedeeld ', 'Internet': ' Ja ', 'Energielabel': ' Onbekend ', 'Huisgenoten': '  5 ', 'Geslacht': ' Gemengd ', 'Huisdieren': ' Nee '}",
Zijlstraat,in Haarlem,12 m,Totale oppervlakte: 160 m 2,â‚¬ 620,p/m | incl. g/w/e,Gestoffeerd,02-09-2021,Gisteren geplaatst,https://kamernet.nl/huren/kamer-haarlem/zijlstraat/kamer-1984774,"{'Woonkamer': ' Gedeeld ', 'Keuken': ' Gedeeld ', 'Badkamer': ' Gedeeld ', 'Toilet': ' Gedeeld ', 'Internet': ' Ja ', 'Energielabel': ' Onbekend ', 'Huisgenoten': '  2 ', 'Geslacht': ' Man ', 'Huisdieren': ' Nee '}",
Nieuwe Ebbingestraat,in Groningen,20 m,,â‚¬ 395,p/m | incl. g/w/e,Gestoffeerd,01-10-2021,20 uur geleden geplaatst,https://kamernet.nl/huren/kamer-groningen/nieuwe-ebbingestraat/kamer-1984875,"{'Woonkamer': ' Geen ', 'Keuken': ' Gedeeld ', 'Badkamer': ' Gedeeld ', 'Toilet': ' Gedeeld ', 'Internet': ' Ja ', 'Energielabel': ' Onbekend ', 'Huisgenoten': '  3 ', 'Geslacht': ' Gemengd ', 'Huisdieren': ' Nee '}",
Hoofddorpweg,in Amsterdam,16 m,Totale oppervlakte: 50 m 2,â‚¬ 800,p/m | incl. g/w/e,Gestoffeerd,02-09-2021,20 uur geleden geplaatst,https://kamernet.nl/huren/kamer-amsterdam/hoofddorpweg/kamer-1984908,"{'Woonkamer': ' Geen ', 'Keuken': ' Gedeeld ', 'Badkamer': ' Gedeeld ', 'Toilet': ' Gedeeld ', 'Internet': ' Ja ', 'Energielabel': ' Onbekend ', 'Huisgenoten': '  1 ', 'Geslacht': ' Man ', 'Huisdieren': ' Nee '}",
Julianastraat,in Leende,75 m,,â‚¬ 875,p/m | excl. g/w/e,Kaal,02-09-2021,20 uur geleden geplaatst,https://kamernet.nl/huren/kamer-leende/julianastraat/kamer-1984859,"{'Woonkamer': ' Eigen ', 'Keuken': ' Eigen ', 'Badkamer': ' Eigen ', 'Toilet': ' Eigen ', 'Internet': ' Onbekend ', 'Energielabel': ' Onbekend ', 'Huisgenoten': '  Onbekend  ', 'Geslacht': ' Vrouw ', 'Huisdieren': ' Nee '}",
Gouden Leeuw,in Amsterdam,106 m,Totaal 7 kamers (4 slaapkamers) ,â‚¬ 2200,p/m | incl. g/w/e,Gemeubileerd,10-09-2021,20 uur geleden geplaatst,https://kamernet.nl/huren/appartement-amsterdam/gouden-leeuw/appartement-1984851,"{'Woonkamer': ' Gedeeld ', 'Keuken': ' Gedeeld ', 'Badkamer': ' Gedeeld ', 'Toilet': ' Gedeeld ', 'Internet': ' Ja ', 'Energielabel': ' C ', 'Huisdieren': ' Nee '}",
Cortezlaan,in Utrecht,52 m,,â‚¬ 1050,p/m | incl. g/w/e,Gestoffeerd,12-09-2021 tot 12-09-2023,20 uur geleden geplaatst,https://kamernet.nl/huren/kamer-utrecht/cortezlaan/kamer-1984895,"{'Woonkamer': ' Eigen ', 'Keuken': ' Eigen ', 'Badkamer': ' Eigen ', 'Toilet': ' Eigen ', 'Internet': ' Ja ', 'Energielabel': ' Onbekend ', 'Huisgenoten': '  1 ', 'Geslacht': ' Gemengd ', 'Huisdieren': ' Nee '}",
Galjoenstraat,in Utrecht,10 m,Totale oppervlakte: 30 m 2,â‚¬ 650,p/m | incl. g/w/e,Gestoffeerd,03-09-2021,20 uur geleden geplaatst,https://kamernet.nl/huren/kamer-utrecht/galjoenstraat/kamer-1984848,"{'Woonkamer': ' Geen ', 'Keuken': ' Gedeeld ', 'Badkamer': ' Gedeeld ', 'Toilet': ' Gedeeld ', 'Internet': ' Ja ', 'Energielabel': ' Onbekend ', 'Huisgenoten': '  5 ', 'Geslacht': ' Gemengd ', 'Huisdieren': ' Nee '}",
Frans Bekkerstraat,in Rotterdam,28 m,,â‚¬ 700,p/m | excl. g/w/e,Gestoffeerd,15-09-2021,20 uur geleden geplaatst,https://kamernet.nl/huren/studio-rotterdam/frans-bekkerstraat/studio-1984873,"{'Woonkamer': ' Eigen ', 'Keuken': ' Eigen ', 'Badkamer': ' Eigen ', 'Toilet': ' Eigen ', 'Internet': ' Nee ', 'Energielabel': ' Onbekend ', 'Huisdieren': ' Nee '}",
Korte Vleerstraat,in Den Haag,20 m,Totale oppervlakte: 30 m 2,â‚¬ 350,p/m | incl. g/w/e,Kaal,01-10-2021,20 uur geleden geplaatst,https://kamernet.nl/huren/kamer-den-haag/korte-vleerstraat/kamer-1984872,"{'Woonkamer': ' Gedeeld ', 'Keuken': ' Gedeeld ', 'Badkamer': ' Gedeeld ', 'Toilet': ' Gedeeld ', 'Internet': ' Ja ', 'Energielabel': ' Onbekend ', 'Huisgenoten': '  Meer dan 8 ', 'Geslacht': ' Gemengd ', 'Huisdieren': ' Nee '}",
Gerard Doustraat,in Amsterdam,30 m,Totaal 2 kamers (1 slaapkamer) ,â‚¬ 1050,p/m | excl. g/w/e,Gemeubileerd,01-10-2021 tot 30-09-2023,20 uur geleden geplaatst,https://kamernet.nl/huren/appartement-amsterdam/gerard-doustraat/appartement-1984896,"{'Woonkamer': ' Eigen ', 'Keuken': ' Eigen ', 'Badkamer': ' Eigen ', 'Toilet': ' Eigen ', 'Internet': ' Nee ', 'Energielabel': ' D ', 'Huisdieren': ' Nee '}",
Gazellestraat,in Utrecht,80 m,Totaal 3 kamers (2 slaapkamers) ,â‚¬ 1350,p/m | incl. g/w/e,Gemeubileerd,01-10-2021 tot 30-11-2021,20 uur geleden geplaatst,https://kamernet.nl/huren/appartement-utrecht/gazellestraat/appartement-1984907,"{'Woonkamer': ' Eigen ', 'Keuken': ' Eigen ', 'Badkamer': ' Eigen ', 'Toilet': ' Eigen ', 'Internet': ' Nee ', 'Energielabel': ' C ', 'Huisdieren': ' Nee '}",
Groeneweg,in Utrecht,28 m,Totaal 1 kamer (1 slaapkamer) ,â‚¬ 850,p/m | incl. g/w/e,Gestoffeerd,01-11-2021,Gisteren geplaatst,https://kamernet.nl/huren/studio-utrecht/groeneweg/studio-1984806,"{'Woonkamer': ' Eigen ', 'Keuken': ' Eigen ', 'Badkamer': ' Eigen ', 'Toilet': ' Eigen ', 'Internet': ' Ja ', 'Energielabel': ' Onbekend ', 'Huisdieren': ' Nee '}",
Touwbaan,in Lekkerkerk,10 m,Totale oppervlakte: 150 m 2,â‚¬ 500,p/m | incl. g/w/e,Gemeubileerd,02-09-2021,20 uur geleden geplaatst,https://kamernet.nl/huren/kamer-lekkerkerk/touwbaan/kamer-1984856,"{'Woonkamer': ' Gedeeld ', 'Keuken': ' Gedeeld ', 'Badkamer': ' Gedeeld ', 'Toilet': ' Gedeeld ', 'Internet': ' Ja ', 'Energielabel': ' Onbekend ', 'Huisgenoten': '  1 ', 'Geslacht': ' Man ', 'Huisdieren': ' Nee '}",
Kastelenplein,in Eindhoven,55 m,Totaal 2 kamers (1 slaapkamer) ,â‚¬ 975,p/m | excl. g/w/e,Gestoffeerd,01-10-2021,Gisteren geplaatst,https://kamernet.nl/huren/appartement-eindhoven/kastelenplein/appartement-1984847,"{'Woonkamer': ' Eigen ', 'Keuken': ' Eigen ', 'Badkamer': ' Eigen ', 'Toilet': ' Eigen ', 'Internet': ' Ja ', 'Energielabel': ' B ', 'Huisdieren': ' Ja '}",
Schipbeek,in Lelystad,16 m,,â‚¬ 595,p/m | incl. g/w/e,Gemeubileerd,01-10-2021,Gisteren geplaatst,https://kamernet.nl/huren/kamer-lelystad/schipbeek/kamer-1984835,"{'Woonkamer': ' Gedeeld ', 'Keuken': ' Gedeeld ', 'Badkamer': ' Gedeeld ', 'Toilet': ' Gedeeld ', 'Internet': ' Ja ', 'Energielabel': ' Onbekend ', 'Huisgenoten': '  3 ', 'Geslacht': ' Gemengd ', 'Huisdieren': ' Nee '}",
Rustenburgerstraat,in Amsterdam,60 m,,â‚¬ 1850,p/m | incl. g/w/e,Gemeubileerd,21-09-2021,Gisteren geplaatst,https://kamernet.nl/huren/studio-amsterdam/rustenburgerstraat/studio-1984838,"{'Woonkamer': ' Eigen ', 'Keuken': ' Eigen ', 'Badkamer': ' Eigen ', 'Toilet': ' Eigen ', 'Internet': ' Ja ', 'Energielabel': ' Onbekend ', 'Huisdieren': ' Nee '}",
Twekkelerweg,in Hengelo,50 m,,â‚¬ 950,p/m | incl. g/w/e,Kaal,02-09-2021,Gisteren geplaatst,https://kamernet.nl/huren/appartement-hengelo/twekkelerweg/appartement-1984844,"{'Woonkamer': ' Gedeeld ', 'Keuken': ' Gedeeld ', 'Badkamer': ' Gedeeld ', 'Toilet': ' Gedeeld ', 'Internet': ' Nee ', 'Energielabel': ' Onbekend ', 'Huisdieren': ' Nee '}",
Gelkingestraat,in Groningen,16 m,,â‚¬ 246,p/m | excl. g/w/e,Gestoffeerd,01-10-2021,Gisteren geplaatst,https://kamernet.nl/huren/kamer-groningen/gelkingestraat/kamer-1984849,"{'Woonkamer': ' Geen ', 'Keuken': ' Gedeeld ', 'Badkamer': ' Gedeeld ', 'Toilet': ' Gedeeld ', 'Internet': ' Ja ', 'Energielabel': ' Onbekend ', 'Huisgenoten': '  3 ', 'Geslacht': ' Gemengd ', 'Huisdieren': ' Nee '}",
Westerstraat,in Enschede,30 m,Totale oppervlakte: 30 m 2,â‚¬ 350,p/m | excl. g/w/e,Gestoffeerd,01-10-2021,Gisteren geplaatst,https://kamernet.nl/huren/kamer-enschede/westerstraat/kamer-1984866,"{'Woonkamer': ' Eigen ', 'Keuken': ' Gedeeld ', 'Badkamer': ' Gedeeld ', 'Toilet': ' Gedeeld ', 'Internet': ' Ja ', 'Energielabel': ' Onbekend ', 'Huisgenoten': '  1 ', 'Geslacht': ' Vrouw ', 'Huisdieren': ' Nee '}",
Jan Ligthartstraat,in Heemskerk,10 m,Totale oppervlakte: 50 m 2,â‚¬ 395,p/m | incl. g/w/e,Gemeubileerd,15-09-2021,20 uur geleden geplaatst,https://kamernet.nl/huren/kamer-heemskerk/jan-ligthartstraat/kamer-1984879,"{'Woonkamer': ' Geen ', 'Keuken': ' Gedeeld ', 'Badkamer': ' Gedeeld ', 'Toilet': ' Gedeeld ', 'Internet': ' Ja ', 'Energielabel': ' Onbekend ', 'Huisgenoten': '  4  ', 'Geslacht': ' Gemengd ', 'Huisdieren': ' Nee '}",
Marktweg,in Den Haag,17 m,,â‚¬ 450,p/m | incl. g/w/e,Gemeubileerd,06-09-2021,21 uur geleden geplaatst,https://kamernet.nl/huren/kamer-den-haag/marktweg/kamer-1984899,"{'Woonkamer': ' Geen ', 'Keuken': ' Gedeeld ', 'Badkamer': ' Gedeeld ', 'Toilet': ' Gedeeld ', 'Internet': ' Ja ', 'Energielabel': ' Onbekend ', 'Huisgenoten': '  3 ', 'Geslacht': ' Gemengd ', 'Huisdieren': ' Nee '}",
Van Hallstraat,in Amsterdam,10 m,Totale oppervlakte: 20 m 2,â‚¬ 650,p/m | incl. g/w/e,Gemeubileerd,23-09-2021,20 uur geleden geplaatst,https://kamernet.nl/huren/kamer-amsterdam/van-hallstraat/kamer-1984893,"{'Woonkamer': ' Geen ', 'Keuken': ' Gedeeld ', 'Badkamer': ' Gedeeld ', 'Toilet': ' Gedeeld ', 'Internet': ' Ja ', 'Energielabel': ' Onbekend ', 'Huisgenoten': '  Onbekend  ', 'Geslacht': ' Onbekend ', 'Huisdieren': ' In overleg '}",
Frederik Hendriklaan,in Den Haag,32 m,,â‚¬ 610,p/m | incl. g/w/e,Gestoffeerd,02-09-2021,20 uur geleden geplaatst,https://kamernet.nl/huren/kamer-den-haag/frederik-hendriklaan/kamer-1984871,"{'Woonkamer': ' Eigen ', 'Keuken': ' Gedeeld ', 'Badkamer': ' Gedeeld ', 'Toilet': ' Gedeeld ', 'Internet': ' Ja ', 'Energielabel': ' Onbekend ', 'Huisgenoten': '  6 ', 'Geslacht': ' Gemengd ', 'Huisdieren': ' Nee '}",
Jan Pieterszoon Coenstraat,in Utrecht,13 m,,â‚¬ 600,p/m | incl. g/w/e,Kaal,01-10-2021,20 uur geleden geplaatst,https://kamernet.nl/huren/kamer-utrecht/jan-pieterszoon-coenstraat/kamer-1984863,"{'Woonkamer': ' Gedeeld ', 'Keuken': ' Gedeeld ', 'Badkamer': ' Gedeeld ', 'Toilet': ' Gedeeld ', 'Internet': ' Ja ', 'Energielabel': ' E ', 'Huisgenoten': '  1 ', 'Geslacht': ' Man ', 'Huisdieren': ' Nee '}",
Heemraadssingel,in Rotterdam,36 m,,â‚¬ 615,p/m | incl. g/w/e,Gestoffeerd,06-09-2021,20 uur geleden geplaatst,https://kamernet.nl/huren/kamer-rotterdam/heemraadssingel/kamer-1984912,"{'Woonkamer': ' Eigen ', 'Keuken': ' Gedeeld ', 'Badkamer': ' Gedeeld ', 'Toilet': ' Gedeeld ', 'Internet': ' Nee ', 'Energielabel': ' Onbekend ', 'Huisgenoten': '  Geen ', 'Geslacht': ' Onbekend ', 'Huisdieren': ' Nee '}",
Markelerbergpad,in Amsterdam,15 m,Totale oppervlakte: 73 m 2,â‚¬ 875,p/m | incl. g/w/e,Gemeubileerd,15-09-2021,20 uur geleden geplaatst,https://kamernet.nl/huren/kamer-amsterdam/markelerbergpad/kamer-1984857,"{'Woonkamer': ' Gedeeld ', 'Keuken': ' Gedeeld ', 'Badkamer': ' Eigen ', 'Toilet': ' Eigen ', 'Internet': ' Ja ', 'Energielabel': ' Onbekend ', 'Huisgenoten': '  1 ', 'Geslacht': ' Man ', 'Huisdieren': ' Nee '}",
van Zegwaardstraat,in Voorburg,11 m,Totale oppervlakte: 50 m 2,â‚¬ 450,p/m | incl. g/w/e,Gemeubileerd,01-10-2021 tot 30-09-2022,19 uur geleden geplaatst,https://kamernet.nl/huren/kamer-voorburg/van-zegwaardstraat/kamer-1984921,"{'Woonkamer': ' Geen ', 'Keuken': ' Gedeeld ', 'Badkamer': ' Eigen ', 'Toilet': ' Eigen ', 'Internet': ' Ja ', 'Energielabel': ' D ', 'Huisgenoten': '  2 ', 'Geslacht': ' Gemengd ', 'Huisdieren': ' Nee '}",
Hildebranddreef,in Utrecht,15 m,,â‚¬ 500,p/m | incl. g/w/e,Gestoffeerd,24-08-2021,21 uur geleden geplaatst,https://kamernet.nl/huren/kamer-utrecht/hildebranddreef/kamer-1984898,"{'Woonkamer': ' Geen ', 'Keuken': ' Gedeeld ', 'Badkamer': ' Gedeeld ', 'Toilet': ' Gedeeld ', 'Internet': ' Ja ', 'Energielabel': ' Onbekend ', 'Huisgenoten': '  1 ', 'Geslacht': ' Onbekend ', 'Huisdieren': ' Nee '}",
Kerkstraat,in Mook,20 m,,â‚¬ 500,p/m | incl. g/w/e,Gemeubileerd,02-09-2021 tot 24-12-2021,19 uur geleden geplaatst,https://kamernet.nl/huren/studio-mook/kerkstraat/studio-1984924,"{'Woonkamer': ' Geen ', 'Keuken': ' Eigen ', 'Badkamer': ' Eigen ', 'Toilet': ' Eigen ', 'Internet': ' Nee ', 'Energielabel': ' Onbekend ', 'Huisdieren': ' Nee '}",
Sliedrechtpad,in Almere,10 m,,â‚¬ 425,p/m | incl. g/w/e,Gemeubileerd,01-09-2021,Gisteren geplaatst,https://kamernet.nl/huren/kamer-almere/sliedrechtpad/kamer-1984841,"{'Woonkamer': ' Gedeeld ', 'Keuken': ' Gedeeld ', 'Badkamer': ' Gedeeld ', 'Toilet': ' Gedeeld ', 'Internet': ' Ja ', 'Energielabel': ' Onbekend ', 'Huisgenoten': '  3 ', 'Geslacht': ' Gemengd ', 'Huisdieren': ' Nee '}",
Klaverweg,in Zaandam,15 m,,â‚¬ 600,p/m | incl. g/w/e,Gemeubileerd,08-09-2021,20 uur geleden geplaatst,https://kamernet.nl/huren/kamer-zaandam/klaverweg/kamer-1984914,"{'Woonkamer': ' Geen ', 'Keuken': ' Gedeeld ', 'Badkamer': ' Gedeeld ', 'Toilet': ' Gedeeld ', 'Internet': ' Ja ', 'Energielabel': ' Onbekend ', 'Huisgenoten': '  5 ', 'Geslacht': ' Gemengd ', 'Huisdieren': ' Nee '}",
Lambertus Zijlplein,in Amsterdam,11 m,,â‚¬ 500,p/m | incl. g/w/e,Gemeubileerd,30-03-2021,7 uur geleden geplaatst,https://kamernet.nl/huren/kamer-amsterdam/lambertus-zijlplein/kamer-1984929,"{'Woonkamer': ' Gedeeld ', 'Keuken': ' Gedeeld ', 'Badkamer': ' Gedeeld ', 'Toilet': ' Gedeeld ', 'Internet': ' Ja ', 'Energielabel': ' Onbekend ', 'Huisgenoten': '  1 ', 'Geslacht': ' Onbekend ', 'Huisdieren': ' Nee '}",
Ceramstraat,in Groningen,12 m,,â‚¬ 275,p/m | incl. g/w/e,Gestoffeerd,12-09-2021,Gisteren geplaatst,https://kamernet.nl/huren/kamer-groningen/ceramstraat/kamer-1984830,"{'Woonkamer': ' Geen ', 'Keuken': ' Gedeeld ', 'Badkamer': ' Gedeeld ', 'Toilet': ' Gedeeld ', 'Internet': ' Ja ', 'Energielabel': ' Onbekend ', 'Huisgenoten': '  5 ', 'Geslacht': ' Gemengd ', 'Huisdieren': ' Nee '}",
Heeghtakker,in Eindhoven,13 m,Totale oppervlakte: 30 m 2,â‚¬ 455,p/m | incl. g/w/e,Kaal,02-09-2021,7 uur geleden geplaatst,https://kamernet.nl/huren/kamer-eindhoven/heeghtakker/kamer-1984911,"{'Woonkamer': ' Gedeeld ', 'Keuken': ' Gedeeld ', 'Badkamer': ' Gedeeld ', 'Toilet': ' Gedeeld ', 'Internet': ' Ja ', 'Energielabel': ' C ', 'Huisgenoten': '  Onbekend  ', 'Geslacht': ' Onbekend ', 'Huisdieren': ' Nee '}",
Havenstraat,in Hilversum,40 m,,â‚¬ 1100,p/m | incl. g/w/e,Gestoffeerd,01-10-2021 tot 01-10-2022,7 uur geleden geplaatst,https://kamernet.nl/huren/appartement-hilversum/havenstraat/appartement-1984937,"{'Woonkamer': ' Eigen ', 'Keuken': ' Eigen ', 'Badkamer': ' Eigen ', 'Toilet': ' Eigen ', 'Internet': ' Ja ', 'Energielabel': ' Onbekend ', 'Huisdieren': ' Nee '}",
Oostelijke Handelskade,in Amsterdam,92 m,Totaal 2 kamers (2 slaapkamers) ,â‚¬ 2000,p/m | incl. g/w/e,Gemeubileerd,25-09-2021 tot 11-11-2021,7 uur geleden geplaatst,https://kamernet.nl/huren/appartement-amsterdam/oostelijke-handelskade/appartement-1984942,"{'Woonkamer': ' Eigen ', 'Keuken': ' Eigen ', 'Badkamer': ' Eigen ', 'Toilet': ' Eigen ', 'Internet': ' Ja ', 'Energielabel': ' Onbekend ', 'Huisdieren': ' Nee '}",
Wilbertoord,in Rotterdam,14 m,Totale oppervlakte: 80 m 2,â‚¬ 600,p/m | incl. g/w/e,Gemeubileerd,01-11-2021,18 uur geleden geplaatst,https://kamernet.nl/huren/kamer-rotterdam/wilbertoord/kamer-1984945,"{'Woonkamer': ' Eigen ', 'Keuken': ' Gedeeld ', 'Badkamer': ' Gedeeld ', 'Toilet': ' Gedeeld ', 'Internet': ' Ja ', 'Energielabel': ' Onbekend ', 'Huisgenoten': '  1 ', 'Geslacht': ' Man ', 'Huisdieren': ' Nee '}",
Ebrodreef,in Utrecht,16 m,,â‚¬ 650,p/m | incl. g/w/e,Gemeubileerd,01-10-2021,2 uur geleden geplaatst,https://kamernet.nl/huren/kamer-utrecht/ebrodreef/kamer-1985065,"{'Woonkamer': ' Geen ', 'Keuken': ' Geen ', 'Badkamer': ' Gedeeld ', 'Toilet': ' Gedeeld ', 'Internet': ' Ja ', 'Energielabel': ' Onbekend ', 'Huisgenoten': '  1 ', 'Geslacht': ' Vrouw ', 'Huisdieren': ' Nee '}",
Hoofdweg,in Amsterdam,42 m,Totale oppervlakte: 80 m 2,â‚¬ 850,p/m | incl. g/w/e,Gemeubileerd,16-09-2021 tot 02-10-2021,2 uur geleden geplaatst,https://kamernet.nl/huren/kamer-amsterdam/hoofdweg/kamer-1985070,"{'Woonkamer': ' Eigen ', 'Keuken': ' Eigen ', 'Badkamer': ' Gedeeld ', 'Toilet': ' Gedeeld ', 'Internet': ' Ja ', 'Energielabel': ' Onbekend ', 'Huisgenoten': '  2 ', 'Geslacht': ' Gemengd ', 'Huisdieren': ' Nee '}",
Keldermansstraat,in Tilburg,24 m,Totale oppervlakte: 24 m 2,â‚¬ 450,p/m | incl. g/w/e,Gestoffeerd,03-09-2021,2 uur geleden geplaatst,https://kamernet.nl/huren/kamer-tilburg/keldermansstraat/kamer-1985066,"{'Woonkamer': ' Eigen ', 'Keuken': ' Eigen ', 'Badkamer': ' Gedeeld ', 'Toilet': ' Gedeeld ', 'Internet': ' Ja ', 'Energielabel': ' Onbekend ', 'Huisgenoten': '  2 ', 'Geslacht': ' Man ', 'Huisdieren': ' Nee '}",
Superior de Beerstraat,in Tilburg,16 m,,â‚¬ 340,p/m | incl. g/w/e,Gestoffeerd,03-09-2021,8 uur geleden geplaatst,https://kamernet.nl/huren/kamer-tilburg/superior-de-beerstraat/kamer-1984967,"{'Woonkamer': ' Geen ', 'Keuken': ' Gedeeld ', 'Badkamer': ' Gedeeld ', 'Toilet': ' Gedeeld ', 'Internet': ' Ja ', 'Energielabel': ' A ', 'Huisgenoten': '  4  ', 'Geslacht': ' Man ', 'Huisdieren': ' Nee '}",
Aalmansteeg,in Woerden,16 m,Totaal 1 kamer (1 slaapkamer) ,â‚¬ 610,p/m | incl. g/w/e,Gemeubileerd,03-09-2021,1 uur geleden geplaatst,https://kamernet.nl/huren/studio-woerden/aalmansteeg/studio-1985067,"{'Woonkamer': ' Eigen ', 'Keuken': ' Eigen ', 'Badkamer': ' Eigen ', 'Toilet': ' Eigen ', 'Internet': ' Ja ', 'Energielabel': ' C ', 'Huisdieren': ' Nee '}",
Sportlaan,in Den Haag,65 m,Totaal 2 kamers (1 slaapkamer) ,â‚¬ 1350,p/m | incl. g/w/e,Gemeubileerd,06-09-2021,2 uur geleden geplaatst,https://kamernet.nl/huren/appartement-den-haag/sportlaan/appartement-1985072,"{'Woonkamer': ' Eigen ', 'Keuken': ' Eigen ', 'Badkamer': ' Eigen ', 'Toilet': ' Eigen ', 'Internet': ' Onbekend ', 'Energielabel': ' Onbekend ', 'Huisdieren': ' Nee '}",
Euterpeplein,in Amersfoort,15 m,,â‚¬ 500,p/m | incl. g/w/e,Kaal,06-09-2021,1 uur geleden geplaatst,https://kamernet.nl/huren/kamer-amersfoort/euterpeplein/kamer-1985076,"{'Woonkamer': ' Geen ', 'Keuken': ' Eigen ', 'Badkamer': ' Gedeeld ', 'Toilet': ' Gedeeld ', 'Internet': ' Ja ', 'Energielabel': ' Onbekend ', 'Huisgenoten': '  3 ', 'Geslacht': ' Vrouw ', 'Huisdieren': ' Nee '}",
Haarweg,in Wageningen,18 m,,â‚¬ 375,p/m | incl. g/w/e,Kaal,18-09-2021,2 uur geleden geplaatst,https://kamernet.nl/huren/kamer-wageningen/haarweg/kamer-1985073,"{'Woonkamer': ' Gedeeld ', 'Keuken': ' Gedeeld ', 'Badkamer': ' Gedeeld ', 'Toilet': ' Gedeeld ', 'Internet': ' Ja ', 'Energielabel': ' Onbekend ', 'Huisgenoten': '  4  ', 'Geslacht': ' Gemengd ', 'Huisdieren': ' Nee '}",
Haaksbergerstraat,in Enschede,82 m,Totaal 3 kamers (2 slaapkamers) ,â‚¬ 1500,p/m | incl. g/w/e,Gestoffeerd,01-10-2021,1 uur geleden geplaatst,https://kamernet.nl/huren/appartement-enschede/haaksbergerstraat/appartement-1985077,"{'Woonkamer': ' Eigen ', 'Keuken': ' Eigen ', 'Badkamer': ' Eigen ', 'Toilet': ' Eigen ', 'Internet': ' Ja ', 'Energielabel': ' Onbekend ', 'Huisdieren': ' Nee '}",
Lepelstraat,in Amsterdam,13 m,Totale oppervlakte: 75 m 2,â‚¬ 1000,p/m | incl. g/w/e,Gestoffeerd,01-10-2021,0 uur geleden geplaatst,https://kamernet.nl/huren/kamer-amsterdam/lepelstraat/kamer-1985081,"{'Woonkamer': ' Gedeeld ', 'Keuken': ' Gedeeld ', 'Badkamer': ' Gedeeld ', 'Toilet': ' Gedeeld ', 'Internet': ' Ja ', 'Energielabel': ' Onbekend ', 'Huisgenoten': '  Onbekend  ', 'Geslacht': ' Onbekend ', 'Huisdieren': ' Nee '}",
Deurningerstraat,in Enschede,16 m,,â‚¬ 400,p/m | incl. g/w/e,Gemeubileerd,18-09-2021,1 uur geleden geplaatst,https://kamernet.nl/huren/kamer-enschede/deurningerstraat/kamer-1985079,"{'Woonkamer': ' Gedeeld ', 'Keuken': ' Gedeeld ', 'Badkamer': ' Gedeeld ', 'Toilet': ' Gedeeld ', 'Internet': ' Ja ', 'Energielabel': ' Onbekend ', 'Huisgenoten': '  1 ', 'Geslacht': ' Man ', 'Huisdieren': ' Nee '}",
Eerste Goudsbloemdwarsstraat,in Amsterdam,25 m,Totaal 1 kamer (1 slaapkamer) ,â‚¬ 950,p/m | incl. g/w/e,Gemeubileerd,15-09-2021,1 uur geleden geplaatst,https://kamernet.nl/huren/studio-amsterdam/eerste-goudsbloemdwarsstraat/studio-1985078,"{'Woonkamer': ' Eigen ', 'Keuken': ' Eigen ', 'Badkamer': ' Eigen ', 'Toilet': ' Eigen ', 'Internet': ' Ja ', 'Energielabel': ' B ', 'Huisdieren': ' Nee '}",
Stadsgravenstraat,in Enschede,15 m,,â‚¬ 345,p/m | incl. g/w/e,Gestoffeerd,01-10-2021,0 uur geleden geplaatst,https://kamernet.nl/huren/kamer-enschede/stadsgravenstraat/kamer-1985063,"{'Woonkamer': ' Gedeeld ', 'Keuken': ' Gedeeld ', 'Badkamer': ' Gedeeld ', 'Toilet': ' Gedeeld ', 'Internet': ' Ja ', 'Energielabel': ' Onbekend ', 'Huisgenoten': '  4  ', 'Geslacht': ' Gemengd ', 'Huisdieren': ' Nee '}",
Amstelveenstraat,in Almere,22 m,,â‚¬ 450,p/m | incl. g/w/e,Gemeubileerd,02-09-2021,7 uur geleden geplaatst,https://kamernet.nl/huren/kamer-almere/amstelveenstraat/kamer-1984950,"{'Woonkamer': ' Geen ', 'Keuken': ' Gedeeld ', 'Badkamer': ' Gedeeld ', 'Toilet': ' Gedeeld ', 'Internet': ' Ja ', 'Energielabel': ' Onbekend ', 'Huisgenoten': '  2 ', 'Geslacht': ' Gemengd ', 'Huisdieren': ' Nee '}",
Van Speykstraat,in Groningen,16 m,,â‚¬ 310,p/m | excl. g/w/e,Gestoffeerd,01-10-2021,Gisteren geplaatst,https://kamernet.nl/huren/kamer-groningen/van-speykstraat/kamer-1984853,"{'Woonkamer': ' Geen ', 'Keuken': ' Gedeeld ', 'Badkamer': ' Gedeeld ', 'Toilet': ' Gedeeld ', 'Internet': ' Ja ', 'Energielabel': ' Onbekend ', 'Huisgenoten': '  2 ', 'Geslacht': ' Vrouw ', 'Huisdieren': ' Nee '}",
Oudedijk,in Rotterdam,20 m,,â‚¬ 565,p/m | incl. g/w/e,Gemeubileerd,03-09-2021,7 uur geleden geplaatst,https://kamernet.nl/huren/kamer-rotterdam/oudedijk/kamer-1984965,"{'Woonkamer': ' Geen ', 'Keuken': ' Gedeeld ', 'Badkamer': ' Gedeeld ', 'Toilet': ' Gedeeld ', 'Internet': ' Ja ', 'Energielabel': ' Onbekend ', 'Huisgenoten': '  1 ', 'Geslacht': ' Vrouw ', 'Huisdieren': ' Nee '}",
Willem de Zwijgerlaan,in Amsterdam,50 m,Totaal 3 kamers (2 slaapkamers) ,â‚¬ 1500,p/m | incl. g/w/e,Gemeubileerd,28-09-2021 tot 01-12-2021,23 uur geleden geplaatst,https://kamernet.nl/huren/appartement-amsterdam/willem-de-zwijgerlaan/appartement-1984878,"{'Woonkamer': ' Eigen ', 'Keuken': ' Eigen ', 'Badkamer': ' Eigen ', 'Toilet': ' Eigen ', 'Internet': ' Ja ', 'Energielabel': ' Onbekend ', 'Huisdieren': ' Nee '}",
Juliana van Stolberglaan,in Den Haag,55 m,,â‚¬ 1100,p/m | excl. g/w/e,Gemeubileerd,03-09-2021,7 uur geleden geplaatst,https://kamernet.nl/huren/studio-den-haag/juliana-van-stolberglaan/studio-1984966,"{'Woonkamer': ' Eigen ', 'Keuken': ' Eigen ', 'Badkamer': ' Eigen ', 'Toilet': ' Eigen ', 'Internet': ' Nee ', 'Energielabel': ' Onbekend ', 'Huisdieren': ' Nee '}",
Tolbrugstraat,in Breda,40 m,Totaal 1 kamer,â‚¬ 895,p/m | excl. g/w/e,Gestoffeerd,10-10-2021,6 uur geleden geplaatst,https://kamernet.nl/huren/appartement-breda/tolbrugstraat/appartement-1984971,"{'Woonkamer': ' Onbekend ', 'Keuken': ' Onbekend ', 'Badkamer': ' Onbekend ', 'Toilet': ' Onbekend ', 'Internet': ' Onbekend ', 'Energielabel': ' Onbekend ', 'Huisdieren': ' Nee '}",
Pieter Vreedeplein,in Tilburg,55 m,Totaal 1 kamer,â‚¬ 1299,p/m | excl. g/w/e,Gemeubileerd,01-10-2021,6 uur geleden geplaatst,https://kamernet.nl/huren/appartement-tilburg/pieter-vreedeplein/appartement-1984975,"{'Woonkamer': ' Onbekend ', 'Keuken': ' Onbekend ', 'Badkamer': ' Onbekend ', 'Toilet': ' Onbekend ', 'Internet': ' Onbekend ', 'Energielabel': ' Onbekend ', 'Huisdieren': ' Nee '}",
Transvaalstraat,in Tilburg,25 m,,â‚¬ 545,p/m | excl. g/w/e,Gestoffeerd,01-10-2021,6 uur geleden geplaatst,https://kamernet.nl/huren/studio-tilburg/transvaalstraat/studio-1984976,"{'Woonkamer': ' Onbekend ', 'Keuken': ' Onbekend ', 'Badkamer': ' Onbekend ', 'Toilet': ' Onbekend ', 'Internet': ' Onbekend ', 'Energielabel': ' Onbekend ', 'Huisdieren': ' Nee '}",
Mijnsherenlaan,in Rotterdam,26 m,,â‚¬ 650,p/m | incl. g/w/e,Gemeubileerd,05-09-2021,7 uur geleden geplaatst,https://kamernet.nl/huren/kamer-rotterdam/mijnsherenlaan/kamer-1984955,"{'Woonkamer': ' Geen ', 'Keuken': ' Gedeeld ', 'Badkamer': ' Gedeeld ', 'Toilet': ' Gedeeld ', 'Internet': ' Ja ', 'Energielabel': ' Onbekend ', 'Huisgenoten': '  4  ', 'Geslacht': ' Onbekend ', 'Huisdieren': ' Nee '}",
Wit Hollandven,in Goirle,120 m,Totaal 4 kamers,â‚¬ 1350,p/m | excl. g/w/e,Gestoffeerd,03-09-2021,6 uur geleden geplaatst,https://kamernet.nl/huren/appartement-goirle/wit-hollandven/appartement-1984978,"{'Woonkamer': ' Onbekend ', 'Keuken': ' Onbekend ', 'Badkamer': ' Onbekend ', 'Toilet': ' Onbekend ', 'Internet': ' Onbekend ', 'Energielabel': ' Onbekend ', 'Huisdieren': ' Nee '}",
Van Heemskerckstraat,in Amsterdam,60 m,,â‚¬ 1450,p/m | excl. g/w/e,Gestoffeerd,03-09-2021,6 uur geleden geplaatst,https://kamernet.nl/huren/appartement-amsterdam/van-heemskerckstraat/appartement-1984980,"{'Woonkamer': ' Onbekend ', 'Keuken': ' Onbekend ', 'Badkamer': ' Onbekend ', 'Toilet': ' Onbekend ', 'Internet': ' Onbekend ', 'Energielabel': ' Onbekend ', 'Huisdieren': ' Nee '}",
Schoenerstraat,in Tilburg,56 m,Totaal 1 kamer,â‚¬ 1200,p/m | excl. g/w/e,Gestoffeerd,15-09-2021,6 uur geleden geplaatst,https://kamernet.nl/huren/appartement-tilburg/schoenerstraat/appartement-1984977,"{'Woonkamer': ' Onbekend ', 'Keuken': ' Onbekend ', 'Badkamer': ' Onbekend ', 'Toilet': ' Onbekend ', 'Internet': ' Onbekend ', 'Energielabel': ' Onbekend ', 'Huisdieren': ' Nee '}",
Ridderstraat,in Breda,88 m,,â‚¬ 1350,p/m | excl. g/w/e,Gestoffeerd,01-10-2021,6 uur geleden geplaatst,https://kamernet.nl/huren/kamer-breda/ridderstraat/kamer-1984969,"{'Woonkamer': ' Onbekend ', 'Keuken': ' Onbekend ', 'Badkamer': ' Onbekend ', 'Toilet': ' Onbekend ', 'Internet': ' Onbekend ', 'Energielabel': ' Onbekend ', 'Huisgenoten': '  Onbekend  ', 'Geslacht': ' Onbekend ', 'Huisdieren': ' Nee '}",
Weverstedehof,in Nieuwegein,59 m,Totaal 1 kamer,â‚¬ 875,p/m | excl. g/w/e,Gestoffeerd,01-11-2021,6 uur geleden geplaatst,https://kamernet.nl/huren/appartement-nieuwegein/weverstedehof/appartement-1984970,"{'Woonkamer': ' Onbekend ', 'Keuken': ' Onbekend ', 'Badkamer': ' Onbekend ', 'Toilet': ' Onbekend ', 'Internet': ' Onbekend ', 'Energielabel': ' Onbekend ', 'Huisdieren': ' Nee '}",
Jacques Veltmanstraat,in Amsterdam,130 m,,â‚¬ 2250,p/m | excl. g/w/e,Gestoffeerd,03-09-2021,6 uur geleden geplaatst,https://kamernet.nl/huren/appartement-amsterdam/jacques-veltmanstraat/appartement-1984981,"{'Woonkamer': ' Onbekend ', 'Keuken': ' Onbekend ', 'Badkamer': ' Onbekend ', 'Toilet': ' Onbekend ', 'Internet': ' Ja ', 'Energielabel': ' Onbekend ', 'Huisdieren': ' Nee '}",
Bangkokdreef,in Utrecht,10 m,Totale oppervlakte: 10 m 2,â‚¬ 350,p/m | incl. g/w/e,Gemeubileerd,30-09-2021,6 uur geleden geplaatst,https://kamernet.nl/huren/kamer-utrecht/bangkokdreef/kamer-1984988,"{'Woonkamer': ' Gedeeld ', 'Keuken': ' Gedeeld ', 'Badkamer': ' Gedeeld ', 'Toilet': ' Gedeeld ', 'Internet': ' Ja ', 'Energielabel': ' Onbekend ', 'Huisgenoten': '  3 ', 'Geslacht': ' Vrouw ', 'Huisdieren': ' Nee '}",
Trompkade,in Groningen,45 m,Totaal 1 kamer (1 slaapkamer) ,â‚¬ 925,p/m | incl. g/w/e,Gestoffeerd,01-10-2021,6 uur geleden geplaatst,https://kamernet.nl/huren/studio-groningen/trompkade/studio-1984991,"{'Woonkamer': ' Eigen ', 'Keuken': ' Eigen ', 'Badkamer': ' Eigen ', 'Toilet': ' Eigen ', 'Internet': ' Ja ', 'Energielabel': ' Onbekend ', 'Huisdieren': ' Nee '}",
Baak van Katwijk,in Amersfoort,66 m,Totaal 3 kamers,â‚¬ 1195,p/m | excl. g/w/e,Gestoffeerd,01-10-2021,6 uur geleden geplaatst,https://kamernet.nl/huren/appartement-amersfoort/baak-van-katwijk/appartement-1984987,"{'Woonkamer': ' Onbekend ', 'Keuken': ' Onbekend ', 'Badkamer': ' Onbekend ', 'Toilet': ' Onbekend ', 'Internet': ' Onbekend ', 'Energielabel': ' Onbekend ', 'Huisdieren': ' Nee '}",
Amerikalaan,in Utrecht,17 m,,â‚¬ 575,p/m | incl. g/w/e,Gestoffeerd,03-09-2021,6 uur geleden geplaatst,https://kamernet.nl/huren/kamer-utrecht/amerikalaan/kamer-1985001,"{'Woonkamer': ' Onbekend ', 'Keuken': ' Gedeeld ', 'Badkamer': ' Gedeeld ', 'Toilet': ' Gedeeld ', 'Internet': ' Ja ', 'Energielabel': ' Onbekend ', 'Huisgenoten': '  2 ', 'Geslacht': ' Man ', 'Huisdieren': ' Nee '}",
Amerikalaan,in Utrecht,20 m,,â‚¬ 575,p/m | incl. g/w/e,Gestoffeerd,03-09-2021,6 uur geleden geplaatst,https://kamernet.nl/huren/kamer-utrecht/amerikalaan/kamer-1985000,"{'Woonkamer': ' Eigen ', 'Keuken': ' Gedeeld ', 'Badkamer': ' Gedeeld ', 'Toilet': ' Gedeeld ', 'Internet': ' Ja ', 'Energielabel': ' Onbekend ', 'Huisgenoten': '  2 ', 'Geslacht': ' Man ', 'Huisdieren': ' Nee '}",
Bernoulliplein,in Groningen,90 m,Totaal 4 kamers (2 slaapkamers) ,â‚¬ 1600,p/m | excl. g/w/e,Gemeubileerd,01-10-2021,6 uur geleden geplaatst,https://kamernet.nl/huren/appartement-groningen/bernoulliplein/appartement-1984968,"{'Woonkamer': ' Eigen ', 'Keuken': ' Eigen ', 'Badkamer': ' Eigen ', 'Toilet': ' Eigen ', 'Internet': ' Ja ', 'Energielabel': ' Onbekend ', 'Huisdieren': ' Nee '}",
Flanorpad,in Leiden,14 m,,â‚¬ 320,p/m | incl. g/w/e,Gestoffeerd,04-10-2021,6 uur geleden geplaatst,https://kamernet.nl/huren/kamer-leiden/flanorpad/kamer-1984993,"{'Woonkamer': ' Gedeeld ', 'Keuken': ' Gedeeld ', 'Badkamer': ' Gedeeld ', 'Toilet': ' Gedeeld ', 'Internet': ' Ja ', 'Energielabel': ' Onbekend ', 'Huisgenoten': '  Meer dan 8 ', 'Geslacht': ' Gemengd ', 'Huisdieren': ' Nee '}",
van Sytzamastraat,in Leeuwarden,16 m,,â‚¬ 300,p/m | incl. g/w/e,Kaal,03-09-2021,6 uur geleden geplaatst,https://kamernet.nl/huren/kamer-leeuwarden/van-sytzamastraat/kamer-1985015,"{'Woonkamer': ' Geen ', 'Keuken': ' Gedeeld ', 'Badkamer': ' Gedeeld ', 'Toilet': ' Gedeeld ', 'Internet': ' Ja ', 'Energielabel': ' Onbekend ', 'Huisgenoten': '  3 ', 'Geslacht': ' Gemengd ', 'Huisdieren': ' Nee '}",
De Sitterlaan,in Leiden,12 m,,â‚¬ 460,p/m | incl. g/w/e,Gestoffeerd,15-09-2021,5 uur geleden geplaatst,https://kamernet.nl/huren/kamer-leiden/de-sitterlaan/kamer-1985008,"{'Woonkamer': ' Geen ', 'Keuken': ' Gedeeld ', 'Badkamer': ' Gedeeld ', 'Toilet': ' Gedeeld ', 'Internet': ' Ja ', 'Energielabel': ' Onbekend ', 'Huisgenoten': '  2 ', 'Geslacht': ' Man ', 'Huisdieren': ' Nee '}",
Graskopstraat,in Den Haag,18 m,,â‚¬ 750,p/m | incl. g/w/e,Gemeubileerd,03-09-2021,5 uur geleden geplaatst,https://kamernet.nl/huren/kamer-den-haag/graskopstraat/kamer-1985010,"{'Woonkamer': ' Gedeeld ', 'Keuken': ' Gedeeld ', 'Badkamer': ' Gedeeld ', 'Toilet': ' Gedeeld ', 'Internet': ' Ja ', 'Energielabel': ' Onbekend ', 'Huisgenoten': '  2 ', 'Geslacht': ' Man ', 'Huisdieren': ' Nee '}",
Royaardsplein,in Schiedam,11 m,,â‚¬ 700,p/m | incl. g/w/e,Gemeubileerd,03-09-2021 tot 30-11-2021,1 uur geleden geplaatst,https://kamernet.nl/huren/kamer-schiedam/royaardsplein/kamer-1985071,"{'Woonkamer': ' Gedeeld ', 'Keuken': ' Gedeeld ', 'Badkamer': ' Gedeeld ', 'Toilet': ' Eigen ', 'Internet': ' Ja ', 'Energielabel': ' Onbekend ', 'Huisgenoten': '  1 ', 'Geslacht': ' Gemengd ', 'Huisdieren': ' Nee '}",
Zuringstraat,in Arnhem,13 m,,â‚¬ 395,p/m | incl. g/w/e,Gestoffeerd,05-09-2021,5 uur geleden geplaatst,https://kamernet.nl/huren/kamer-arnhem/zuringstraat/kamer-1985019,"{'Woonkamer': ' Geen ', 'Keuken': ' Gedeeld ', 'Badkamer': ' Gedeeld ', 'Toilet': ' Gedeeld ', 'Internet': ' Ja ', 'Energielabel': ' Onbekend ', 'Huisgenoten': '  Onbekend  ', 'Geslacht': ' Onbekend ', 'Huisdieren': ' Nee '}",
Van Mandersloostraat,in Alphen aan den Rijn,19 m,Totale oppervlakte: 40 m 2,â‚¬ 575,p/m | incl. g/w/e,Kaal,06-09-2021 tot 01-09-2023,6 uur geleden geplaatst,https://kamernet.nl/huren/kamer-alphen-aan-den-rijn/van-mandersloostraat/kamer-1985002,"{'Woonkamer': ' Geen ', 'Keuken': ' Gedeeld ', 'Badkamer': ' Gedeeld ', 'Toilet': ' Gedeeld ', 'Internet': ' Nee ', 'Energielabel': ' Onbekend ', 'Huisgenoten': '  3 ', 'Geslacht': ' Gemengd ', 'Huisdieren': ' Nee '}",
Heymanslaan,in Groningen,7 m,Totale oppervlakte: 40 m 2,â‚¬ 325,p/m | incl. g/w/e,Gestoffeerd,03-09-2021,6 uur geleden geplaatst,https://kamernet.nl/huren/kamer-groningen/heymanslaan/kamer-1985004,"{'Woonkamer': ' Gedeeld ', 'Keuken': ' Gedeeld ', 'Badkamer': ' Gedeeld ', 'Toilet': ' Gedeeld ', 'Internet': ' Ja ', 'Energielabel': ' Onbekend ', 'Huisgenoten': '  Onbekend  ', 'Geslacht': ' Onbekend ', 'Huisdieren': ' Nee '}",
Genemuidengracht,in Amersfoort,65 m,Totaal 3 kamers,â‚¬ 1195,p/m | excl. g/w/e,Gestoffeerd,01-10-2021,6 uur geleden geplaatst,https://kamernet.nl/huren/appartement-amersfoort/genemuidengracht/appartement-1984986,"{'Woonkamer': ' Onbekend ', 'Keuken': ' Onbekend ', 'Badkamer': ' Onbekend ', 'Toilet': ' Onbekend ', 'Internet': ' Onbekend ', 'Energielabel': ' Onbekend ', 'Huisdieren': ' Nee '}",
Van Mandersloostraat,in Alphen aan den Rijn,12 m,Totale oppervlakte: 40 m 2,â‚¬ 525,p/m | incl. g/w/e,Kaal,06-09-2021 tot 01-09-2023,6 uur geleden geplaatst,https://kamernet.nl/huren/kamer-alphen-aan-den-rijn/van-mandersloostraat/kamer-1985005,"{'Woonkamer': ' Geen ', 'Keuken': ' Gedeeld ', 'Badkamer': ' Gedeeld ', 'Toilet': ' Gedeeld ', 'Internet': ' Ja ', 'Energielabel': ' Onbekend ', 'Huisgenoten': '  3 ', 'Geslacht': ' Gemengd ', 'Huisdieren': ' In overleg '}",
Parkstraat,in Venlo,28 m,,â‚¬ 590,p/m | excl. g/w/e,Gestoffeerd,03-09-2021,6 uur geleden geplaatst,https://kamernet.nl/huren/kamer-venlo/parkstraat/kamer-1984983,"{'Woonkamer': ' Onbekend ', 'Keuken': ' Onbekend ', 'Badkamer': ' Onbekend ', 'Toilet': ' Onbekend ', 'Internet': ' Onbekend ', 'Energielabel': ' Onbekend ', 'Huisgenoten': '  Onbekend  ', 'Geslacht': ' Onbekend ', 'Huisdieren': ' Nee '}",
Coenderstraat,in Delft,24 m,Totale oppervlakte: 60 m 2,â‚¬ 420,p/m | incl. g/w/e,Gemeubileerd,01-10-2021 tot 01-01-2022,5 uur geleden geplaatst,https://kamernet.nl/huren/kamer-delft/coenderstraat/kamer-1985013,"{'Woonkamer': ' Gedeeld ', 'Keuken': ' Gedeeld ', 'Badkamer': ' Gedeeld ', 'Toilet': ' Gedeeld ', 'Internet': ' Ja ', 'Energielabel': ' Onbekend ', 'Huisgenoten': '  3 ', 'Geslacht': ' Man ', 'Huisdieren': ' Nee '}",
Spakenburglaan,in Lelystad,36 m,,â‚¬ 800,p/m | incl. g/w/e,Gestoffeerd,30-09-2021,7 uur geleden geplaatst,https://kamernet.nl/huren/studio-lelystad/spakenburglaan/studio-1984961,"{'Woonkamer': ' Eigen ', 'Keuken': ' Eigen ', 'Badkamer': ' Eigen ', 'Toilet': ' Eigen ', 'Internet': ' Ja ', 'Energielabel': ' Onbekend ', 'Huisdieren': ' Nee '}",
Sumatrastraat,in Oegstgeest,22 m,Totale oppervlakte: 40 m 2,â‚¬ 950,p/m | incl. g/w/e,Gemeubileerd,01-11-2021 tot 31-07-2022,Gisteren geplaatst,https://kamernet.nl/huren/kamer-oegstgeest/sumatrastraat/kamer-1991900,"{'Woonkamer': ' Eigen ', 'Keuken': ' Eigen ', 'Badkamer': ' Gedeeld ', 'Toilet': ' Gedeeld ', 'Internet': ' Ja ', 'Energielabel': ' Onbekend ', 'Huisgenoten': '  2 ', 'Geslacht': ' Gemengd ', 'Huisdieren': ' Nee '}",kamer-1991900.html
Pracanalaan,in Amsterdam,25 m,Totaal 1 kamer (1 slaapkamer) ,â‚¬ 595,p/m | incl. g/w/e,Gemeubileerd,01-11-2021,Gisteren geplaatst,https://kamernet.nl/huren/studio-amsterdam/pracanalaan/studio-1991905,"{'Woonkamer': ' Eigen ', 'Keuken': ' Eigen ', 'Badkamer': ' Eigen ', 'Toilet': ' Eigen ', 'Internet': ' Ja ', 'Energielabel': ' Onbekend ', 'Huisdieren': ' Nee '}",studio-1991905.html
Hemelrijksestraat,in Helmond,21 m,,â‚¬ 549,p/m | incl. g/w/e,Gemeubileerd,03-10-2021,Gisteren geplaatst,https://kamernet.nl/huren/kamer-helmond/hemelrijksestraat/kamer-1991906,"{'Woonkamer': ' Gedeeld ', 'Keuken': ' Gedeeld ', 'Badkamer': ' Gedeeld ', 'Toilet': ' Gedeeld ', 'Internet': ' Ja ', 'Energielabel': ' Onbekend ', 'Huisgenoten': '  2 ', 'Geslacht': ' Gemengd ', 'Huisdieren': ' Nee '}",kamer-1991906.html
Ben van Meerendonkstraat,in Amsterdam,6 m,Totale oppervlakte: 84 m 2,â‚¬ 750,p/m | incl. g/w/e,Gemeubileerd,07-11-2021,Gisteren geplaatst,https://kamernet.nl/huren/kamer-amsterdam/ben-van-meerendonkstraat/kamer-1991910,"{'Woonkamer': ' Gedeeld ', 'Keuken': ' Gedeeld ', 'Badkamer': ' Gedeeld ', 'Toilet': ' Gedeeld ', 'Internet': ' Ja ', 'Energielabel': ' A ', 'Huisgenoten': '  1 ', 'Geslacht': ' Man ', 'Huisdieren': ' Nee '}",kamer-1991910.html
Bosboom-Toussaintplein,in Delft,6 m,Totale oppervlakte: 37 m 2,â‚¬ 390,p/m | incl. g/w/e,Gemeubileerd,01-11-2021,Gisteren geplaatst,https://kamernet.nl/huren/kamer-delft/bosboom-toussaintplein/kamer-1991959,"{'Woonkamer': ' Gedeeld ', 'Keuken': ' Gedeeld ', 'Badkamer': ' Gedeeld ', 'Toilet': ' Gedeeld ', 'Internet': ' Ja ', 'Energielabel': ' Onbekend ', 'Huisgenoten': '  2 ', 'Geslacht': ' Gemengd ', 'Huisdieren': ' Nee '}",kamer-1991959.html
Postelse Hoeflaan,in Tilburg,13 m,Totale oppervlakte: 60 m 2,â‚¬ 400,p/m | excl. g/w/e,Gestoffeerd,03-10-2021,Gisteren geplaatst,https://kamernet.nl/huren/kamer-tilburg/postelse-hoeflaan/kamer-1991933,"{'Woonkamer': ' Gedeeld ', 'Keuken': ' Gedeeld ', 'Badkamer': ' Gedeeld ', 'Toilet': ' Gedeeld ', 'Internet': ' Ja ', 'Energielabel': ' C ', 'Huisgenoten': '  2 ', 'Geslacht': ' Man ', 'Huisdieren': ' Nee '}",kamer-1991933.html
Borgercompagnie,in Borgercompagnie,20 m,Totale oppervlakte: 4 m 2,â‚¬ 450,p/m | incl. g/w/e,Gestoffeerd,03-10-2021 tot 01-03-2022,Gisteren geplaatst,https://kamernet.nl/huren/kamer-borgercompagnie/borgercompagnie/kamer-1991954,"{'Woonkamer': ' Eigen ', 'Keuken': ' Eigen ', 'Badkamer': ' Gedeeld ', 'Toilet': ' Gedeeld ', 'Internet': ' Ja ', 'Energielabel': ' Onbekend ', 'Huisgenoten': '  2 ', 'Geslacht': ' Gemengd ', 'Huisdieren': ' Nee '}",kamer-1991954.html
Winschoterdiep,in Groningen,10 m,,â‚¬ 316,p/m | incl. g/w/e,Kaal,01-11-2021,Gisteren geplaatst,https://kamernet.nl/huren/kamer-groningen/winschoterdiep/kamer-1991943,"{'Woonkamer': ' Geen ', 'Keuken': ' Gedeeld ', 'Badkamer': ' Gedeeld ', 'Toilet': ' Gedeeld ', 'Internet': ' Ja ', 'Energielabel': ' Onbekend ', 'Huisgenoten': '  4  ', 'Geslacht': ' Gemengd ', 'Huisdieren': ' Nee '}",kamer-1991943.html
Chopinlaan,in Naarden,20 m,,â‚¬ 575,p/m | excl. g/w/e,Gestoffeerd,01-01-2022,Gisteren geplaatst,https://kamernet.nl/huren/kamer-naarden/chopinlaan/kamer-1991915,"{'Woonkamer': ' Geen ', 'Keuken': ' Gedeeld ', 'Badkamer': ' Gedeeld ', 'Toilet': ' Gedeeld ', 'Internet': ' Ja ', 'Energielabel': ' Onbekend ', 'Huisgenoten': '  1 ', 'Geslacht': ' Onbekend ', 'Huisdieren': ' Nee '}",kamer-1991915.html
Clara Wichmannstraat,in Eindhoven,15 m,,â‚¬ 350,p/m | incl. g/w/e,Gestoffeerd,15-11-2021,Gisteren geplaatst,https://kamernet.nl/huren/kamer-eindhoven/clara-wichmannstraat/kamer-1991907,"{'Woonkamer': ' Onbekend ', 'Keuken': ' Onbekend ', 'Badkamer': ' Onbekend ', 'Toilet': ' Onbekend ', 'Internet': ' Onbekend ', 'Energielabel': ' Onbekend ', 'Huisgenoten': '  Onbekend  ', 'Geslacht': ' Onbekend ', 'Huisdieren': ' In overleg '}",kamer-1991907.html
Postelse Hoeflaan,in Tilburg,10 m,Totale oppervlakte: 60 m 2,â‚¬ 350,p/m | excl. g/w/e,Gestoffeerd,03-10-2021,Gisteren geplaatst,https://kamernet.nl/huren/kamer-tilburg/postelse-hoeflaan/kamer-1991930,"{'Woonkamer': ' Gedeeld ', 'Keuken': ' Gedeeld ', 'Badkamer': ' Gedeeld ', 'Toilet': ' Gedeeld ', 'Internet': ' Ja ', 'Energielabel': ' C ', 'Huisgenoten': '  2 ', 'Geslacht': ' Man ', 'Huisdieren': ' Nee '}",kamer-1991930.html
Pleinweg,in Rotterdam,65 m,Totaal 3 kamers (2 slaapkamers) ,â‚¬ 1350,p/m | excl. g/w/e,Gestoffeerd,05-10-2021,Gisteren geplaatst,https://kamernet.nl/huren/appartement-rotterdam/pleinweg/appartement-1991953,"{'Woonkamer': ' Eigen ', 'Keuken': ' Eigen ', 'Badkamer': ' Eigen ', 'Toilet': ' Eigen ', 'Internet': ' Onbekend ', 'Energielabel': ' Onbekend ', 'Huisdieren': ' Nee '}",appartement-1991953.html
Von Geusaustraat,in Voorburg,25 m,,â‚¬ 799,p/m | excl. g/w/e,Gemeubileerd,11-10-2021,3 uur geleden geplaatst,https://kamernet.nl/huren/studio-voorburg/von-geusaustraat/studio-1992104,"{'Woonkamer': ' Geen ', 'Keuken': ' Eigen ', 'Badkamer': ' Eigen ', 'Toilet': ' Eigen ', 'Internet': ' Ja ', 'Energielabel': ' Onbekend ', 'Huisdieren': ' Nee '}",studio-1992104.html
Burgemeester Meineszlaan,in Rotterdam,21 m,Totale oppervlakte: 50 m 2,â‚¬ 895,p/m | incl. g/w/e,Gemeubileerd,04-10-2021 tot 01-10-2023,3 uur geleden geplaatst,https://kamernet.nl/huren/kamer-rotterdam/burgemeester-meineszlaan/kamer-1992099,"{'Woonkamer': ' Geen ', 'Keuken': ' Gedeeld ', 'Badkamer': ' Gedeeld ', 'Toilet': ' Eigen ', 'Internet': ' Ja ', 'Energielabel': ' C ', 'Huisgenoten': '  3 ', 'Geslacht': ' Gemengd ', 'Huisdieren': ' In overleg '}",kamer-1992099.html
Von Geusaustraat,in Voorburg,14 m,,â‚¬ 699,p/m | excl. g/w/e,Gemeubileerd,11-10-2021,3 uur geleden geplaatst,https://kamernet.nl/huren/kamer-voorburg/von-geusaustraat/kamer-1992105,"{'Woonkamer': ' Gedeeld ', 'Keuken': ' Gedeeld ', 'Badkamer': ' Gedeeld ', 'Toilet': ' Gedeeld ', 'Internet': ' Ja ', 'Energielabel': ' Onbekend ', 'Huisgenoten': '  4  ', 'Geslacht': ' Gemengd ', 'Huisdieren': ' Nee '}",kamer-1992105.html
Korianderstraat,in Amsterdam,20 m,,â‚¬ 750,p/m | incl. g/w/e,Gestoffeerd,04-10-2021,3 uur geleden geplaatst,https://kamernet.nl/huren/appartement-amsterdam/korianderstraat/appartement-1992125,"{'Woonkamer': ' Eigen ', 'Keuken': ' Eigen ', 'Badkamer': ' Eigen ', 'Toilet': ' Eigen ', 'Internet': ' Ja ', 'Energielabel': ' Onbekend ', 'Huisdieren': ' Nee '}",appartement-1992125.html
Torensteeg,in Almere,30 m,Totaal 1 kamer (1 slaapkamer) ,â‚¬ 1050,p/m | incl. g/w/e,Gemeubileerd,01-11-2021 tot 01-04-2022,3 uur geleden geplaatst,https://kamernet.nl/huren/studio-almere/torensteeg/studio-1992108,"{'Woonkamer': ' Eigen ', 'Keuken': ' Eigen ', 'Badkamer': ' Eigen ', 'Toilet': ' Eigen ', 'Internet': ' Ja ', 'Energielabel': ' Onbekend ', 'Huisdieren': ' In overleg '}",studio-1992108.html
Ferdinand Bolstraat,in Amsterdam,13 m,,â‚¬ 1100,p/m | excl. g/w/e,Gemeubileerd,02-11-2021,3 uur geleden geplaatst,https://kamernet.nl/huren/kamer-amsterdam/ferdinand-bolstraat/kamer-1992103,"{'Woonkamer': ' Gedeeld ', 'Keuken': ' Gedeeld ', 'Badkamer': ' Gedeeld ', 'Toilet': ' Gedeeld ', 'Internet': ' Ja ', 'Energielabel': ' B ', 'Huisgenoten': '  1 ', 'Geslacht': ' Man ', 'Huisdieren': ' Nee '}",kamer-1992103.html
Nieuwe Binnenweg,in Rotterdam,14 m,,â‚¬ 410,p/m | incl. g/w/e,Gestoffeerd,01-12-2021,3 uur geleden geplaatst,https://kamernet.nl/huren/kamer-rotterdam/nieuwe-binnenweg/kamer-1992100,"{'Woonkamer': ' Geen ', 'Keuken': ' Eigen ', 'Badkamer': ' Eigen ', 'Toilet': ' Eigen ', 'Internet': ' Ja ', 'Energielabel': ' Onbekend ', 'Huisgenoten': '  4  ', 'Geslacht': ' Vrouw ', 'Huisdieren': ' Nee '}",kamer-1992100.html
Coornhertstraat,in Amsterdam,22 m,Totale oppervlakte: 52 m 2,â‚¬ 720,p/m | incl. g/w/e,Gemeubileerd,22-10-2021 tot 28-02-2022,3 uur geleden geplaatst,https://kamernet.nl/huren/kamer-amsterdam/coornhertstraat/kamer-1992110,"{'Woonkamer': ' Geen ', 'Keuken': ' Gedeeld ', 'Badkamer': ' Gedeeld ', 'Toilet': ' Gedeeld ', 'Internet': ' Ja ', 'Energielabel': ' Onbekend ', 'Huisgenoten': '  Onbekend  ', 'Geslacht': ' Onbekend ', 'Huisdieren': ' Nee '}",kamer-1992110.html
Simplonbaan,in Utrecht,20 m,,â‚¬ 396,p/m | excl. g/w/e,Gemeubileerd,23-10-2021,3 uur geleden geplaatst,https://kamernet.nl/huren/kamer-utrecht/simplonbaan/kamer-1992114,"{'Woonkamer': ' Gedeeld ', 'Keuken': ' Gedeeld ', 'Badkamer': ' Gedeeld ', 'Toilet': ' Gedeeld ', 'Internet': ' Onbekend ', 'Energielabel': ' Onbekend ', 'Huisgenoten': '  2 ', 'Geslacht': ' Man ', 'Huisdieren': ' Nee '}",kamer-1992114.html
Deken Nicolaijestraat,in Heerlen,18 m,,â‚¬ 385,p/m | incl. g/w/e,Gestoffeerd,09-10-2021,3 uur geleden geplaatst,https://kamernet.nl/huren/kamer-heerlen/deken-nicolaijestraat/kamer-1992117,"{'Woonkamer': ' Geen ', 'Keuken': ' Gedeeld ', 'Badkamer': ' Gedeeld ', 'Toilet': ' Gedeeld ', 'Internet': ' Ja ', 'Energielabel': ' Onbekend ', 'Huisgenoten': '  5 ', 'Geslacht': ' Gemengd ', 'Huisdieren': ' Nee '}",kamer-1992117.html
Operastraat,in Enschede,21 m,,â‚¬ 450,p/m | incl. g/w/e,Gemeubileerd,05-10-2021,3 uur geleden geplaatst,https://kamernet.nl/huren/kamer-enschede/operastraat/kamer-1992120,"{'Woonkamer': ' Onbekend ', 'Keuken': ' Gedeeld ', 'Badkamer': ' Gedeeld ', 'Toilet': ' Gedeeld ', 'Internet': ' Ja ', 'Energielabel': ' B ', 'Huisgenoten': '  2 ', 'Geslacht': ' Gemengd ', 'Huisdieren': ' Nee '}",kamer-1992120.html
Utrechtsestraat,in Amsterdam,15 m,,â‚¬ 690,p/m | incl. g/w/e,Gemeubileerd,04-10-2021,3 uur geleden geplaatst,https://kamernet.nl/huren/kamer-amsterdam/utrechtsestraat/kamer-1992124,"{'Woonkamer': ' Geen ', 'Keuken': ' Eigen ', 'Badkamer': ' Gedeeld ', 'Toilet': ' Gedeeld ', 'Internet': ' Ja ', 'Energielabel': ' Onbekend ', 'Huisgenoten': '  2 ', 'Geslacht': ' Vrouw ', 'Huisdieren': ' Nee '}",kamer-1992124.html
Withuysstraat,in Den Haag,115 m,Totaal 5 kamers (3 slaapkamers) ,â‚¬ 1950,p/m | excl. g/w/e,Gestoffeerd,03-10-2021,Gisteren geplaatst,https://kamernet.nl/huren/appartement-den-haag/withuysstraat/appartement-1991987,"{'Woonkamer': ' Eigen ', 'Keuken': ' Eigen ', 'Badkamer': ' Eigen ', 'Toilet': ' Eigen ', 'Internet': ' Onbekend ', 'Energielabel': ' Onbekend ', 'Huisdieren': ' In overleg '}",appartement-1991987.html
Beukenlaan,in Eindhoven,40 m,,â‚¬ 975,p/m | incl. g/w/e,Gemeubileerd,01-11-2021,3 uur geleden geplaatst,https://kamernet.nl/huren/appartement-eindhoven/beukenlaan/appartement-1992112,"{'Woonkamer': ' Eigen ', 'Keuken': ' Eigen ', 'Badkamer': ' Eigen ', 'Toilet': ' Eigen ', 'Internet': ' Ja ', 'Energielabel': ' Onbekend ', 'Huisdieren': ' Nee '}",appartement-1992112.html
Eurokade,in Amsterdam,16 m,,â‚¬ 500,p/m | incl. g/w/e,Gemeubileerd,04-10-2021,3 uur geleden geplaatst,https://kamernet.nl/huren/kamer-amsterdam/eurokade/kamer-1992123,"{'Woonkamer': ' Geen ', 'Keuken': ' Gedeeld ', 'Badkamer': ' Gedeeld ', 'Toilet': ' Gedeeld ', 'Internet': ' Ja ', 'Energielabel': ' Onbekend ', 'Huisgenoten': '  4  ', 'Geslacht': ' Gemengd ', 'Huisdieren': ' Nee '}",kamer-1992123.html
Burg. Hustinxstraat,in Nijmegen,51 m,Totaal 2 kamers (1 slaapkamer) ,â‚¬ 1800,p/m | incl. g/w/e,Gemeubileerd,16-10-2021,Gisteren geplaatst,https://kamernet.nl/huren/appartement-nijmegen/burg.-hustinxstraat/appartement-1991929,"{'Woonkamer': ' Eigen ', 'Keuken': ' Eigen ', 'Badkamer': ' Eigen ', 'Toilet': ' Eigen ', 'Internet': ' Ja ', 'Energielabel': ' Onbekend ', 'Huisdieren': ' In overleg '}",appartement-1991929.html
Van Zwietenpad,in Zoetermeer,18 m,,â‚¬ 750,p/m | incl. g/w/e,Gemeubileerd,04-10-2021 tot 31-12-2021,3 uur geleden geplaatst,https://kamernet.nl/huren/kamer-zoetermeer/van-zwietenpad/kamer-1992113,"{'Woonkamer': ' Eigen ', 'Keuken': ' Eigen ', 'Badkamer': ' Eigen ', 'Toilet': ' Eigen ', 'Internet': ' Ja ', 'Energielabel': ' Onbekend ', 'Huisgenoten': '  1 ', 'Geslacht': ' Man ', 'Huisdieren': ' Nee '}",kamer-1992113.html
Oudedijk,in Rotterdam,8 m,Totale oppervlakte: 50 m 2,â‚¬ 345,p/m | incl. g/w/e,Gemeubileerd,01-11-2021,Gisteren geplaatst,https://kamernet.nl/huren/kamer-rotterdam/oudedijk/kamer-1991961,"{'Woonkamer': ' Gedeeld ', 'Keuken': ' Gedeeld ', 'Badkamer': ' Gedeeld ', 'Toilet': ' Gedeeld ', 'Internet': ' Ja ', 'Energielabel': ' Onbekend ', 'Huisgenoten': '  5 ', 'Geslacht': ' Man ', 'Huisdieren': ' In overleg '}",kamer-1991961.html
Lamarckhof,in Amsterdam,15 m,,â‚¬ 575,p/m | incl. g/w/e,Gemeubileerd,04-10-2021,Gisteren geplaatst,https://kamernet.nl/huren/kamer-amsterdam/lamarckhof/kamer-1991941,"{'Woonkamer': ' Geen ', 'Keuken': ' Gedeeld ', 'Badkamer': ' Gedeeld ', 'Toilet': ' Gedeeld ', 'Internet': ' Ja ', 'Energielabel': ' Onbekend ', 'Huisgenoten': '  2 ', 'Geslacht': ' Man ', 'Huisdieren': ' Nee '}",kamer-1991941.html
Sprotstraat,in Almere,35 m,,â‚¬ 875,p/m | incl. g/w/e,Gemeubileerd,01-11-2021,Gisteren geplaatst,https://kamernet.nl/huren/studio-almere/sprotstraat/studio-1991955,"{'Woonkamer': ' Eigen ', 'Keuken': ' Eigen ', 'Badkamer': ' Eigen ', 'Toilet': ' Eigen ', 'Internet': ' Ja ', 'Energielabel': ' Onbekend ', 'Huisdieren': ' Nee '}",studio-1991955.html
Adamshofstraat,in Rotterdam,25 m,Totaal 1 kamer (1 slaapkamer) ,â‚¬ 700,p/m | incl. g/w/e,Gestoffeerd,03-10-2021,Gisteren geplaatst,https://kamernet.nl/huren/studio-rotterdam/adamshofstraat/studio-1991996,"{'Woonkamer': ' Eigen ', 'Keuken': ' Eigen ', 'Badkamer': ' Eigen ', 'Toilet': ' Eigen ', 'Internet': ' Ja ', 'Energielabel': ' Onbekend ', 'Huisdieren': ' In overleg '}",studio-1991996.html
Oudedijk,in Rotterdam,11 m,Totale oppervlakte: 50 m 2,â‚¬ 365,p/m | incl. g/w/e,Gemeubileerd,01-11-2021,Gisteren geplaatst,https://kamernet.nl/huren/kamer-rotterdam/oudedijk/kamer-1991960,"{'Woonkamer': ' Gedeeld ', 'Keuken': ' Gedeeld ', 'Badkamer': ' Gedeeld ', 'Toilet': ' Gedeeld ', 'Internet': ' Ja ', 'Energielabel': ' Onbekend ', 'Huisgenoten': '  5 ', 'Geslacht': ' Man ', 'Huisdieren': ' In overleg '}",kamer-1991960.html
Grimbergenstraat,in Amsterdam,16 m,,â‚¬ 700,p/m | incl. g/w/e,Gemeubileerd,03-10-2021,23 uur geleden geplaatst,https://kamernet.nl/huren/kamer-amsterdam/grimbergenstraat/kamer-1992007,"{'Woonkamer': ' Gedeeld ', 'Keuken': ' Gedeeld ', 'Badkamer': ' Gedeeld ', 'Toilet': ' Gedeeld ', 'Internet': ' Ja ', 'Energielabel': ' Onbekend ', 'Huisgenoten': '  7 ', 'Geslacht': ' Gemengd ', 'Huisdieren': ' Nee '}",kamer-1992007.html
Van Baerlestraat,in Amsterdam,12 m,,â‚¬ 644,p/m | incl. g/w/e,Gestoffeerd,01-11-2021,Gisteren geplaatst,https://kamernet.nl/huren/kamer-amsterdam/van-baerlestraat/kamer-1991997,"{'Woonkamer': ' Gedeeld ', 'Keuken': ' Gedeeld ', 'Badkamer': ' Gedeeld ', 'Toilet': ' Gedeeld ', 'Internet': ' Ja ', 'Energielabel': ' Onbekend ', 'Huisgenoten': '  3 ', 'Geslacht': ' Man ', 'Huisdieren': ' Ja '}",kamer-1991997.html
Spakenburgstraat,in Amsterdam,20 m,Totale oppervlakte: 28 m 2,â‚¬ 650,p/m | incl. g/w/e,Gemeubileerd,01-11-2021,Gisteren geplaatst,https://kamernet.nl/huren/kamer-amsterdam/spakenburgstraat/kamer-1992002,"{'Woonkamer': ' Geen ', 'Keuken': ' Gedeeld ', 'Badkamer': ' Gedeeld ', 'Toilet': ' Gedeeld ', 'Internet': ' Ja ', 'Energielabel': ' Onbekend ', 'Huisgenoten': '  4  ', 'Geslacht': ' Gemengd ', 'Huisdieren': ' Nee '}",kamer-1992002.html
Holendrechtstraat,in Amsterdam,18 m,Totaal 1 kamer (1 slaapkamer) ,â‚¬ 845,p/m | incl. g/w/e,Gemeubileerd,01-11-2021,Gisteren geplaatst,https://kamernet.nl/huren/studio-amsterdam/holendrechtstraat/studio-1991923,"{'Woonkamer': ' Eigen ', 'Keuken': ' Eigen ', 'Badkamer': ' Eigen ', 'Toilet': ' Eigen ', 'Internet': ' Ja ', 'Energielabel': ' A ', 'Huisdieren': ' In overleg '}",studio-1991923.html
Hudsonstraat,in Rotterdam,25 m,Totale oppervlakte: 60 m 2,â‚¬ 285,p/m | incl. g/w/e,Gestoffeerd,04-10-2021,3 uur geleden geplaatst,https://kamernet.nl/huren/kamer-rotterdam/hudsonstraat/kamer-1992121,"{'Woonkamer': ' Eigen ', 'Keuken': ' Gedeeld ', 'Badkamer': ' Gedeeld ', 'Toilet': ' Gedeeld ', 'Internet': ' Nee ', 'Energielabel': ' C ', 'Huisgenoten': '  2 ', 'Geslacht': ' Gemengd ', 'Huisdieren': ' Nee '}",kamer-1992121.html
Westersingel,in Groningen,12 m,,â‚¬ 260,p/m | incl. g/w/e,Gestoffeerd,18-10-2021,2 dagen geleden geplaatst,https://kamernet.nl/huren/appartement-groningen/westersingel/appartement-1991889,"{'Woonkamer': ' Geen ', 'Keuken': ' Gedeeld ', 'Badkamer': ' Gedeeld ', 'Toilet': ' Gedeeld ', 'Internet': ' Ja ', 'Energielabel': ' Onbekend ', 'Huisdieren': ' Nee '}",appartement-1991889.html
Meidoornplein,in Amsterdam,12 m,Totale oppervlakte: 55 m 2,â‚¬ 450,p/m | incl. g/w/e,Gemeubileerd,07-10-2021 tot 07-04-2022,2 dagen geleden geplaatst,https://kamernet.nl/huren/kamer-amsterdam/meidoornplein/kamer-1991882,"{'Woonkamer': ' Gedeeld ', 'Keuken': ' Gedeeld ', 'Badkamer': ' Gedeeld ', 'Toilet': ' Gedeeld ', 'Internet': ' Nee ', 'Energielabel': ' Onbekend ', 'Huisgenoten': '  1 ', 'Geslacht': ' Man ', 'Huisdieren': ' Nee '}",kamer-1991882.html
Noordmolenstraat,in Rotterdam,55 m,,â‚¬ 900,p/m | incl. g/w/e,Gestoffeerd,15-11-2021 tot 16-11-2022,Gisteren geplaatst,https://kamernet.nl/huren/studio-rotterdam/noordmolenstraat/studio-1991946,"{'Woonkamer': ' Eigen ', 'Keuken': ' Eigen ', 'Badkamer': ' Eigen ', 'Toilet': ' Eigen ', 'Internet': ' Ja ', 'Energielabel': ' Onbekend ', 'Huisdieren': ' Nee '}",studio-1991946.html
Laan van Vlaanderen,in Amsterdam,20 m,Totale oppervlakte: 70 m 2,â‚¬ 1000,p/m | incl. g/w/e,Gemeubileerd,04-10-2021,3 uur geleden geplaatst,https://kamernet.nl/huren/kamer-amsterdam/laan-van-vlaanderen/kamer-1992093,"{'Woonkamer': ' Gedeeld ', 'Keuken': ' Gedeeld ', 'Badkamer': ' Gedeeld ', 'Toilet': ' Gedeeld ', 'Internet': ' Ja ', 'Energielabel': ' Onbekend ', 'Huisgenoten': '  1 ', 'Geslacht': ' Man ', 'Huisdieren': ' In overleg '}",kamer-1992093.html
Leverkruidweg,in Zaandam,12 m,,â‚¬ 750,p/m | incl. g/w/e,Gemeubileerd,27-09-2021,2 dagen geleden geplaatst,https://kamernet.nl/huren/kamer-zaandam/leverkruidweg/kamer-1991884,"{'Woonkamer': ' Geen ', 'Keuken': ' Gedeeld ', 'Badkamer': ' Gedeeld ', 'Toilet': ' Gedeeld ', 'Internet': ' Ja ', 'Energielabel': ' Onbekend ', 'Huisgenoten': '  1 ', 'Geslacht': ' Vrouw ', 'Huisdieren': ' Nee '}",kamer-1991884.html
Antwerpsestraatweg,in Hoogerheide,27 m,,â‚¬ 595,p/m | incl. g/w/e,Gemeubileerd,19-03-2021 tot 20-09-2022,2 dagen geleden geplaatst,https://kamernet.nl/huren/kamer-hoogerheide/antwerpsestraatweg/kamer-1991887,"{'Woonkamer': ' Gedeeld ', 'Keuken': ' Gedeeld ', 'Badkamer': ' Gedeeld ', 'Toilet': ' Gedeeld ', 'Internet': ' Ja ', 'Energielabel': ' Onbekend ', 'Huisgenoten': '  Onbekend  ', 'Geslacht': ' Onbekend ', 'Huisdieren': ' Nee '}",kamer-1991887.html
Klipperstraat,in Zaandam,9 m,,â‚¬ 700,p/m | incl. g/w/e,Gemeubileerd,30-09-2021,2 dagen geleden geplaatst,https://kamernet.nl/huren/kamer-zaandam/klipperstraat/kamer-1991885,"{'Woonkamer': ' Geen ', 'Keuken': ' Gedeeld ', 'Badkamer': ' Gedeeld ', 'Toilet': ' Gedeeld ', 'Internet': ' Ja ', 'Energielabel': ' Onbekend ', 'Huisgenoten': '  4  ', 'Geslacht': ' Gemengd ', 'Huisdieren': ' Nee '}",kamer-1991885.html
Van Berkumstraat,in Tilburg,10 m,Totale oppervlakte: 80 m 2,â‚¬ 400,p/m | incl. g/w/e,Gestoffeerd,03-10-2021 tot 30-06-2022,Gisteren geplaatst,https://kamernet.nl/huren/kamer-tilburg/van-berkumstraat/kamer-1991917,"{'Woonkamer': ' Gedeeld ', 'Keuken': ' Gedeeld ', 'Badkamer': ' Gedeeld ', 'Toilet': ' Gedeeld ', 'Internet': ' Ja ', 'Energielabel': ' A ', 'Huisgenoten': '  1 ', 'Geslacht': ' Man ', 'Huisdieren': ' Nee '}",kamer-1991917.html
Brusselsestraat,in Maastricht,14 m,,â‚¬ 315,p/m | incl. g/w/e,Kaal,01-11-2021,Gisteren geplaatst,https://kamernet.nl/huren/kamer-maastricht/brusselsestraat/kamer-1991911,"{'Woonkamer': ' Onbekend ', 'Keuken': ' Onbekend ', 'Badkamer': ' Onbekend ', 'Toilet': ' Onbekend ', 'Internet': ' Ja ', 'Energielabel': ' Onbekend ', 'Huisgenoten': '  Onbekend  ', 'Geslacht': ' Onbekend ', 'Huisdieren': ' Nee '}",kamer-1991911.html
Wijnpeerstraat,in Eindhoven,18 m,,â‚¬ 475,p/m | incl. g/w/e,Gestoffeerd,17-10-2021,Gisteren geplaatst,https://kamernet.nl/huren/kamer-eindhoven/wijnpeerstraat/kamer-1991918,"{'Woonkamer': ' Geen ', 'Keuken': ' Gedeeld ', 'Badkamer': ' Gedeeld ', 'Toilet': ' Gedeeld ', 'Internet': ' Ja ', 'Energielabel': ' D ', 'Huisgenoten': '  1 ', 'Geslacht': ' Vrouw ', 'Huisdieren': ' Nee '}",kamer-1991918.html
Bilderdijkkade,in Amsterdam,30 m,Totaal 2 kamers (1 slaapkamer) ,â‚¬ 1100,p/m | incl. g/w/e,Gemeubileerd,20-11-2021 tot 20-05-2022,Gisteren geplaatst,https://kamernet.nl/huren/appartement-amsterdam/bilderdijkkade/appartement-1991891,"{'Woonkamer': ' Eigen ', 'Keuken': ' Eigen ', 'Badkamer': ' Eigen ', 'Toilet': ' Eigen ', 'Internet': ' Ja ', 'Energielabel': ' Onbekend ', 'Huisdieren': ' Nee '}",appartement-1991891.html
Kuipersdijk,in Enschede,14 m,,â‚¬ 260,p/m | incl. g/w/e,Gestoffeerd,01-11-2021,Gisteren geplaatst,https://kamernet.nl/huren/kamer-enschede/kuipersdijk/kamer-1991822,"{'Woonkamer': ' Gedeeld ', 'Keuken': ' Gedeeld ', 'Badkamer': ' Gedeeld ', 'Toilet': ' Gedeeld ', 'Internet': ' Ja ', 'Energielabel': ' Onbekend ', 'Huisgenoten': '  4  ', 'Geslacht': ' Gemengd ', 'Huisdieren': ' Nee '}",kamer-1991822.html
Eerste Van Swindenstraat,in Amsterdam,9 m,Totale oppervlakte: 60 m 2,â‚¬ 500,p/m | incl. g/w/e,Gemeubileerd,01-11-2021 tot 31-10-2022,Gisteren geplaatst,https://kamernet.nl/huren/kamer-amsterdam/eerste-van-swindenstraat/kamer-1991898,"{'Woonkamer': ' Gedeeld ', 'Keuken': ' Gedeeld ', 'Badkamer': ' Gedeeld ', 'Toilet': ' Gedeeld ', 'Internet': ' Ja ', 'Energielabel': ' A ', 'Huisgenoten': '  1 ', 'Geslacht': ' Man ', 'Huisdieren': ' Nee '}",kamer-1991898.html
Rijnvoorde,in Rotterdam,10 m,,â‚¬ 450,p/m | incl. g/w/e,Gemeubileerd,30-11-2021,8 uur geleden geplaatst,https://kamernet.nl/huren/kamer-rotterdam/rijnvoorde/kamer-1917330,"{'Woonkamer': ' Geen ', 'Keuken': ' Gedeeld ', 'Badkamer': ' Gedeeld ', 'Toilet': ' Gedeeld ', 'Internet': ' Ja ', 'Energielabel': ' A ', 'Huisgenoten': '  3 ', 'Geslacht': ' Gemengd ', 'Huisdieren': ' Nee '}",kamer-1917330.html
Paterswoldseweg,in Groningen,51 m,Totaal 2 kamers (1 slaapkamer) ,â‚¬ 1150,p/m | incl. g/w/e,Gemeubileerd,01-11-2021,2 dagen geleden geplaatst,https://kamernet.nl/huren/appartement-groningen/paterswoldseweg/appartement-1991883,"{'Woonkamer': ' Eigen ', 'Keuken': ' Eigen ', 'Badkamer': ' Eigen ', 'Toilet': ' Eigen ', 'Internet': ' Ja ', 'Energielabel': ' A ', 'Huisdieren': ' Nee '}",appartement-1991883.html
Gaslaan,in Den Haag,73 m,Totaal 3 kamers (3 slaapkamers) ,â‚¬ 675,p/m | excl. g/w/e,Kaal,01-11-2021,7 uur geleden geplaatst,https://kamernet.nl/huren/appartement-den-haag/gaslaan/appartement-1992069,"{'Woonkamer': ' Gedeeld ', 'Keuken': ' Gedeeld ', 'Badkamer': ' Gedeeld ', 'Toilet': ' Gedeeld ', 'Internet': ' Nee ', 'Energielabel': ' Onbekend ', 'Huisdieren': ' Nee '}",appartement-1992069.html
Roerdomplaan,in Aalsmeer,31 m,Totaal 2 kamers (1 slaapkamer) ,â‚¬ 790,p/m | incl. g/w/e,Kaal,02-10-2021 tot 01-10-2022,Gisteren geplaatst,https://kamernet.nl/huren/studio-aalsmeer/roerdomplaan/studio-1991896,"{'Woonkamer': ' Eigen ', 'Keuken': ' Eigen ', 'Badkamer': ' Eigen ', 'Toilet': ' Eigen ', 'Internet': ' Ja ', 'Energielabel': ' B ', 'Huisdieren': ' Nee '}",studio-1991896.html
Hortensiastraat,in Hilversum,12 m,Totale oppervlakte: 30 m 2,â‚¬ 335,p/m | incl. g/w/e,Gestoffeerd,04-10-2021,6 uur geleden geplaatst,https://kamernet.nl/huren/kamer-hilversum/hortensiastraat/kamer-1992080,"{'Woonkamer': ' Geen ', 'Keuken': ' Gedeeld ', 'Badkamer': ' Gedeeld ', 'Toilet': ' Gedeeld ', 'Internet': ' Onbekend ', 'Energielabel': ' Onbekend ', 'Huisgenoten': '  3 ', 'Geslacht': ' Man ', 'Huisdieren': ' Nee '}",kamer-1992080.html
New Yorksingel,in Den Haag,25 m,Totale oppervlakte: 180 m 2,â‚¬ 950,p/m | incl. g/w/e,Gemeubileerd,10-10-2021,6 uur geleden geplaatst,https://kamernet.nl/huren/kamer-den-haag/new-yorksingel/kamer-1992084,"{'Woonkamer': ' Gedeeld ', 'Keuken': ' Gedeeld ', 'Badkamer': ' Gedeeld ', 'Toilet': ' Gedeeld ', 'Internet': ' Ja ', 'Energielabel': ' A ', 'Huisgenoten': '  3 ', 'Geslacht': ' Man ', 'Huisdieren': ' Nee '}",kamer-1992084.html
Eikenderweg,in Heerlen,25 m,,â‚¬ 330,p/m | incl. g/w/e,Gestoffeerd,01-11-2020,6 uur geleden geplaatst,https://kamernet.nl/huren/kamer-heerlen/eikenderweg/kamer-1992088,"{'Woonkamer': ' Geen ', 'Keuken': ' Gedeeld ', 'Badkamer': ' Gedeeld ', 'Toilet': ' Gedeeld ', 'Internet': ' Ja ', 'Energielabel': ' Onbekend ', 'Huisgenoten': '  8  ', 'Geslacht': ' Gemengd ', 'Huisdieren': ' Nee '}",kamer-1992088.html
Hoekstraat,in Groningen,12 m,,â‚¬ 315,p/m | incl. g/w/e,Kaal,01-11-2021,6 uur geleden geplaatst,https://kamernet.nl/huren/kamer-groningen/hoekstraat/kamer-1992089,"{'Woonkamer': ' Geen ', 'Keuken': ' Gedeeld ', 'Badkamer': ' Gedeeld ', 'Toilet': ' Gedeeld ', 'Internet': ' Ja ', 'Energielabel': ' Onbekend ', 'Huisgenoten': '  5 ', 'Geslacht': ' Gemengd ', 'Huisdieren': ' Nee '}",kamer-1992089.html
Condensatorstraat,in Eindhoven,40 m,Totale oppervlakte: 70 m 2,â‚¬ 700,p/m | excl. g/w/e,Gemeubileerd,08-11-2021 tot 08-03-2022,5 uur geleden geplaatst,https://kamernet.nl/huren/kamer-eindhoven/condensatorstraat/kamer-1992079,"{'Woonkamer': ' Eigen ', 'Keuken': ' Gedeeld ', 'Badkamer': ' Gedeeld ', 'Toilet': ' Gedeeld ', 'Internet': ' Ja ', 'Energielabel': ' Onbekend ', 'Huisgenoten': '  1 ', 'Geslacht': ' Vrouw ', 'Huisdieren': ' Nee '}",kamer-1992079.html
Noordewierweg,in Amersfoort,32 m,,â‚¬ 775,p/m | incl. g/w/e,Kaal,01-11-2021,5 uur geleden geplaatst,https://kamernet.nl/huren/appartement-amersfoort/noordewierweg/appartement-1992098,"{'Woonkamer': ' Eigen ', 'Keuken': ' Eigen ', 'Badkamer': ' Eigen ', 'Toilet': ' Eigen ', 'Internet': ' Ja ', 'Energielabel': ' B ', 'Huisdieren': ' Nee '}",appartement-1992098.html
Bessemoerstraat,in Groningen,15 m,,â‚¬ 370,p/m | incl. g/w/e,Gestoffeerd,16-11-2021,5 uur geleden geplaatst,https://kamernet.nl/huren/kamer-groningen/bessemoerstraat/kamer-1992047,"{'Woonkamer': ' Gedeeld ', 'Keuken': ' Gedeeld ', 'Badkamer': ' Gedeeld ', 'Toilet': ' Gedeeld ', 'Internet': ' Ja ', 'Energielabel': ' D ', 'Huisgenoten': '  3 ', 'Geslacht': ' Vrouw ', 'Huisdieren': ' Nee '}",kamer-1992047.html
Leon van Heilstraat,in Breda,17 m,Totale oppervlakte: 60 m 2,â‚¬ 370,p/m | incl. g/w/e,Gestoffeerd,18-10-2021 tot 04-10-2022,5 uur geleden geplaatst,https://kamernet.nl/huren/kamer-breda/leon-van-heilstraat/kamer-1992095,"{'Woonkamer': ' Gedeeld ', 'Keuken': ' Gedeeld ', 'Badkamer': ' Gedeeld ', 'Toilet': ' Gedeeld ', 'Internet': ' Ja ', 'Energielabel': ' Onbekend ', 'Huisgenoten': '  Onbekend  ', 'Geslacht': ' Onbekend ', 'Huisdieren': ' Nee '}",kamer-1992095.html
Teteringsedijk,in Breda,25 m,,â‚¬ 450,p/m | incl. g/w/e,Gestoffeerd,01-11-2021,7 uur geleden geplaatst,https://kamernet.nl/huren/kamer-breda/teteringsedijk/kamer-1992074,"{'Woonkamer': ' Geen ', 'Keuken': ' Gedeeld ', 'Badkamer': ' Gedeeld ', 'Toilet': ' Gedeeld ', 'Internet': ' Ja ', 'Energielabel': ' Onbekend ', 'Huisgenoten': '  2 ', 'Geslacht': ' Gemengd ', 'Huisdieren': ' Nee '}",kamer-1992074.html
Geldersedam,in Den Bosch,15 m,,â‚¬ 375,p/m | excl. g/w/e,Gestoffeerd,04-10-2021,4 uur geleden geplaatst,https://kamernet.nl/huren/kamer-den-bosch/geldersedam/kamer-1992111,"{'Woonkamer': ' Geen ', 'Keuken': ' Gedeeld ', 'Badkamer': ' Gedeeld ', 'Toilet': ' Gedeeld ', 'Internet': ' Ja ', 'Energielabel': ' Onbekend ', 'Huisgenoten': '  4  ', 'Geslacht': ' Gemengd ', 'Huisdieren': ' Nee '}",kamer-1992111.html
Anton de Haenstraat,in Den Haag,28 m,Totale oppervlakte: 48 m 2,â‚¬ 575,p/m | incl. g/w/e,Gestoffeerd,04-10-2021,7 uur geleden geplaatst,https://kamernet.nl/huren/kamer-den-haag/anton-de-haenstraat/kamer-1992071,"{'Woonkamer': ' Eigen ', 'Keuken': ' Gedeeld ', 'Badkamer': ' Gedeeld ', 'Toilet': ' Gedeeld ', 'Internet': ' Ja ', 'Energielabel': ' Onbekend ', 'Huisgenoten': '  2 ', 'Geslacht': ' Man ', 'Huisdieren': ' Nee '}",kamer-1992071.html
Lessinglaan,in Utrecht,25 m,Totaal 1 kamer (1 slaapkamer) ,â‚¬ 725,p/m | excl. g/w/e,Gemeubileerd,01-11-2021,3 uur geleden geplaatst,https://kamernet.nl/huren/studio-utrecht/lessinglaan/studio-1992082,"{'Woonkamer': ' Eigen ', 'Keuken': ' Eigen ', 'Badkamer': ' Eigen ', 'Toilet': ' Eigen ', 'Internet': ' Ja ', 'Energielabel': ' Onbekend ', 'Huisdieren': ' Nee '}",studio-1992082.html
Seringenstraat,in Den Haag,8 m,Totale oppervlakte: 70 m 2,â‚¬ 575,p/m | incl. g/w/e,Gemeubileerd,01-12-2021,Gisteren geplaatst,https://kamernet.nl/huren/kamer-den-haag/seringenstraat/kamer-1990897,"{'Woonkamer': ' Gedeeld ', 'Keuken': ' Gedeeld ', 'Badkamer': ' Gedeeld ', 'Toilet': ' Gedeeld ', 'Internet': ' Ja ', 'Energielabel': ' G ', 'Huisgenoten': '  1 ', 'Geslacht': ' Man ', 'Huisdieren': ' Nee '}",kamer-1990897.html
Harriet Freezerstraat,in Amsterdam,9 m,,â‚¬ 600,p/m | excl. g/w/e,Gemeubileerd,03-10-2021 tot 04-10-2022,Gisteren geplaatst,https://kamernet.nl/huren/kamer-amsterdam/harriet-freezerstraat/kamer-1991962,"{'Woonkamer': ' Gedeeld ', 'Keuken': ' Gedeeld ', 'Badkamer': ' Gedeeld ', 'Toilet': ' Gedeeld ', 'Internet': ' Ja ', 'Energielabel': ' Onbekend ', 'Huisgenoten': '  3 ', 'Geslacht': ' Gemengd ', 'Huisdieren': ' Nee '}",kamer-1991962.html
Walhofstraat,in Enschede,15 m,,â‚¬ 325,p/m | incl. g/w/e,Gestoffeerd,01-11-2021,Gisteren geplaatst,https://kamernet.nl/huren/kamer-enschede/walhofstraat/kamer-1991985,"{'Woonkamer': ' Gedeeld ', 'Keuken': ' Gedeeld ', 'Badkamer': ' Gedeeld ', 'Toilet': ' Gedeeld ', 'Internet': ' Ja ', 'Energielabel': ' Onbekend ', 'Huisgenoten': '  3 ', 'Geslacht': ' Gemengd ', 'Huisdieren': ' Nee '}",kamer-1991985.html
Levendaal,in Leiden,20 m,Totale oppervlakte: 70 m 2,â‚¬ 800,p/m | incl. g/w/e,Gemeubileerd,05-10-2021 tot 31-01-2022,Gisteren geplaatst,https://kamernet.nl/huren/kamer-leiden/levendaal/kamer-1991951,"{'Woonkamer': ' Gedeeld ', 'Keuken': ' Gedeeld ', 'Badkamer': ' Gedeeld ', 'Toilet': ' Gedeeld ', 'Internet': ' Ja ', 'Energielabel': ' Onbekend ', 'Huisgenoten': '  1 ', 'Geslacht': ' Man ', 'Huisdieren': ' In overleg '}",kamer-1991951.html
Cornelis Anthoniszstraat,in Amsterdam,104 m,Totaal 3 kamers (1 slaapkamer) ,â‚¬ 1950,p/m | incl. g/w/e,Gemeubileerd,03-10-2021,Gisteren geplaatst,https://kamernet.nl/huren/appartement-amsterdam/cornelis-anthoniszstraat/appartement-1991940,"{'Woonkamer': ' Eigen ', 'Keuken': ' Eigen ', 'Badkamer': ' Eigen ', 'Toilet': ' Eigen ', 'Internet': ' Ja ', 'Energielabel': ' Onbekend ', 'Huisdieren': ' In overleg '}",appartement-1991940.html
Kruisherengang,in Maastricht,20 m,,â‚¬ 330,p/m | incl. g/w/e,Kaal,03-10-2021 tot 01-01-2022,Gisteren geplaatst,https://kamernet.nl/huren/kamer-maastricht/kruisherengang/kamer-1991957,"{'Woonkamer': ' Gedeeld ', 'Keuken': ' Gedeeld ', 'Badkamer': ' Gedeeld ', 'Toilet': ' Gedeeld ', 'Internet': ' Ja ', 'Energielabel': ' Onbekend ', 'Huisgenoten': '  Onbekend  ', 'Geslacht': ' Onbekend ', 'Huisdieren': ' Nee '}",kamer-1991957.html
Langstraat,in Venray,20 m,Totale oppervlakte: 35 m 2,â‚¬ 350,p/m | incl. g/w/e,Kaal,04-10-2021,7 uur geleden geplaatst,https://kamernet.nl/huren/kamer-venray/langstraat/kamer-1992073,"{'Woonkamer': ' Onbekend ', 'Keuken': ' Gedeeld ', 'Badkamer': ' Gedeeld ', 'Toilet': ' Gedeeld ', 'Internet': ' Onbekend ', 'Energielabel': ' Onbekend ', 'Huisgenoten': '  6 ', 'Geslacht': ' Gemengd ', 'Huisdieren': ' Nee '}",kamer-1992073.html
Pater Brugmanstraat,in Nijmegen,23 m,Totale oppervlakte: 10 m 2,â‚¬ 470,p/m | incl. g/w/e,Gestoffeerd,01-11-2021,4 uur geleden geplaatst,https://kamernet.nl/huren/kamer-nijmegen/pater-brugmanstraat/kamer-1992101,"{'Woonkamer': ' Geen ', 'Keuken': ' Gedeeld ', 'Badkamer': ' Gedeeld ', 'Toilet': ' Gedeeld ', 'Internet': ' Ja ', 'Energielabel': ' Onbekend ', 'Huisgenoten': '  8  ', 'Geslacht': ' Gemengd ', 'Huisdieren': ' Nee '}",kamer-1992101.html
Laan van Borgele,in Deventer,20 m,,â‚¬ 450,p/m | incl. g/w/e,Gestoffeerd,01-11-2021,Gisteren geplaatst,https://kamernet.nl/huren/kamer-deventer/laan-van-borgele/kamer-1991982,"{'Woonkamer': ' Geen ', 'Keuken': ' Gedeeld ', 'Badkamer': ' Gedeeld ', 'Toilet': ' Gedeeld ', 'Internet': ' Ja ', 'Energielabel': ' Onbekend ', 'Huisgenoten': '  7 ', 'Geslacht': ' Man ', 'Huisdieren': ' Nee '}",kamer-1991982.html
Vouerweg,in Sittard,15 m,,â‚¬ 290,p/m | excl. g/w/e,Gemeubileerd,01-11-2021,Gisteren geplaatst,https://kamernet.nl/huren/kamer-sittard/vouerweg/kamer-1991963,"{'Woonkamer': ' Onbekend ', 'Keuken': ' Gedeeld ', 'Badkamer': ' Gedeeld ', 'Toilet': ' Gedeeld ', 'Internet': ' Ja ', 'Energielabel': ' Onbekend ', 'Huisgenoten': '  3 ', 'Geslacht': ' Gemengd ', 'Huisdieren': ' Nee '}",kamer-1991963.html
Wenckenbachstraat,in Eindhoven,14 m,,â‚¬ 340,p/m | incl. g/w/e,Gestoffeerd,01-11-2021,Gisteren geplaatst,https://kamernet.nl/huren/kamer-eindhoven/wenckenbachstraat/kamer-1991967,"{'Woonkamer': ' Gedeeld ', 'Keuken': ' Gedeeld ', 'Badkamer': ' Gedeeld ', 'Toilet': ' Gedeeld ', 'Internet': ' Ja ', 'Energielabel': ' Onbekend ', 'Huisgenoten': '  3 ', 'Geslacht': ' Gemengd ', 'Huisdieren': ' Nee '}",kamer-1991967.html
Willem Lorestraat,in Leeuwarden,16 m,,â‚¬ 400,p/m | incl. g/w/e,Gestoffeerd,01-11-2021,Gisteren geplaatst,https://kamernet.nl/huren/kamer-leeuwarden/willem-lorestraat/kamer-1991968,"{'Woonkamer': ' Eigen ', 'Keuken': ' Eigen ', 'Badkamer': ' Gedeeld ', 'Toilet': ' Gedeeld ', 'Internet': ' Ja ', 'Energielabel': ' Onbekend ', 'Huisgenoten': '  Meer dan 8 ', 'Geslacht': ' Gemengd ', 'Huisdieren': ' Nee '}",kamer-1991968.html
Hoge Hondstraat,in Deventer,20 m,,â‚¬ 400,p/m | incl. g/w/e,Gestoffeerd,15-11-2021,Gisteren geplaatst,https://kamernet.nl/huren/kamer-deventer/hoge-hondstraat/kamer-1991969,"{'Woonkamer': ' Geen ', 'Keuken': ' Gedeeld ', 'Badkamer': ' Gedeeld ', 'Toilet': ' Gedeeld ', 'Internet': ' Ja ', 'Energielabel': ' Onbekend ', 'Huisgenoten': '  4  ', 'Geslacht': ' Gemengd ', 'Huisdieren': ' Nee '}",kamer-1991969.html
Klikspaanweg,in Leiden,12 m,,â‚¬ 275,p/m | incl. g/w/e,Kaal,25-10-2021,Gisteren geplaatst,https://kamernet.nl/huren/kamer-leiden/klikspaanweg/kamer-1991990,"{'Woonkamer': ' Gedeeld ', 'Keuken': ' Gedeeld ', 'Badkamer': ' Gedeeld ', 'Toilet': ' Gedeeld ', 'Internet': ' Nee ', 'Energielabel': ' Onbekend ', 'Huisgenoten': '  Meer dan 8 ', 'Geslacht': ' Onbekend ', 'Huisdieren': ' Nee '}",kamer-1991990.html
Laan van Nieuw-Oost-Indie,in Den Haag,38 m,,â‚¬ 798,p/m | incl. g/w/e,Gemeubileerd,01-01-2022,Gisteren geplaatst,https://kamernet.nl/huren/kamer-den-haag/laan-van-nieuw-oost-indie/kamer-1991931,"{'Woonkamer': ' Eigen ', 'Keuken': ' Eigen ', 'Badkamer': ' Gedeeld ', 'Toilet': ' Eigen ', 'Internet': ' Ja ', 'Energielabel': ' A ', 'Huisgenoten': '  Meer dan 8 ', 'Geslacht': ' Onbekend ', 'Huisdieren': ' Nee '}",kamer-1991931.html
J.C. Beetslaan,in Hoofddorp,14 m,,â‚¬ 500,p/m | incl. g/w/e,Gestoffeerd,08-10-2021,Gisteren geplaatst,https://kamernet.nl/huren/kamer-hoofddorp/j.c.-beetslaan/kamer-1991068,"{'Woonkamer': ' Geen ', 'Keuken': ' Gedeeld ', 'Badkamer': ' Gedeeld ', 'Toilet': ' Gedeeld ', 'Internet': ' Ja ', 'Energielabel': ' Onbekend ', 'Huisgenoten': '  3 ', 'Geslacht': ' Gemengd ', 'Huisdieren': ' Nee '}",kamer-1991068.html
Weissenbruchstraat,in Den Haag,25 m,Totaal 1 kamer (1 slaapkamer) ,â‚¬ 795,p/m | incl. g/w/e,Gemeubileerd,01-11-2021,Gisteren geplaatst,https://kamernet.nl/huren/studio-den-haag/weissenbruchstraat/studio-1910676,"{'Woonkamer': ' Eigen ', 'Keuken': ' Eigen ', 'Badkamer': ' Eigen ', 'Toilet': ' Eigen ', 'Internet': ' Ja ', 'Energielabel': ' Onbekend ', 'Huisdieren': ' Nee '}",studio-1910676.html
Akerstraat,in Heerlen,23 m,Totale oppervlakte: 30 m 2,â‚¬ 600,p/m | incl. g/w/e,Gemeubileerd,01-11-2021,3 uur geleden geplaatst,https://kamernet.nl/huren/kamer-heerlen/akerstraat/kamer-1992119,"{'Woonkamer': ' Geen ', 'Keuken': ' Gedeeld ', 'Badkamer': ' Gedeeld ', 'Toilet': ' Gedeeld ', 'Internet': ' Ja ', 'Energielabel': ' Onbekend ', 'Huisgenoten': '  2 ', 'Geslacht': ' Man ', 'Huisdieren': ' Nee '}",kamer-1992119.html
Munnekeholm,in Groningen,22 m,,â‚¬ 370,p/m | incl. g/w/e,Gestoffeerd,01-11-2021,22 uur geleden geplaatst,https://kamernet.nl/huren/kamer-groningen/munnekeholm/kamer-1948423,"{'Woonkamer': ' Geen ', 'Keuken': ' Eigen ', 'Badkamer': ' Gedeeld ', 'Toilet': ' Gedeeld ', 'Internet': ' Ja ', 'Energielabel': ' Onbekend ', 'Huisgenoten': '  Meer dan 8 ', 'Geslacht': ' Gemengd ', 'Huisdieren': ' Nee '}",kamer-1948423.html
de Ruyterstraat,in Nijmegen,70 m,,â‚¬ 1195,p/m | excl. g/w/e,Gestoffeerd,01-11-2021,Gisteren geplaatst,https://kamernet.nl/huren/appartement-nijmegen/de-ruyterstraat/appartement-1991944,"{'Woonkamer': ' Eigen ', 'Keuken': ' Eigen ', 'Badkamer': ' Eigen ', 'Toilet': ' Eigen ', 'Internet': ' Ja ', 'Energielabel': ' Onbekend ', 'Huisdieren': ' Nee '}",appartement-1991944.html
Groesbeeksedwarsweg,in Nijmegen,8 m,,â‚¬ 400,p/m | incl. g/w/e,Kaal,01-11-2021,22 uur geleden geplaatst,https://kamernet.nl/huren/kamer-nijmegen/groesbeeksedwarsweg/kamer-1992014,"{'Woonkamer': ' Gedeeld ', 'Keuken': ' Gedeeld ', 'Badkamer': ' Gedeeld ', 'Toilet': ' Gedeeld ', 'Internet': ' Ja ', 'Energielabel': ' E ', 'Huisgenoten': '  Onbekend  ', 'Geslacht': ' Onbekend ', 'Huisdieren': ' Nee '}",kamer-1992014.html
M.A. de Ruyterstraat,in Utrecht,48 m,,â‚¬ 950,p/m | incl. g/w/e,Kaal,03-10-2021,21 uur geleden geplaatst,https://kamernet.nl/huren/kamer-utrecht/m.a.-de-ruyterstraat/kamer-1992022,"{'Woonkamer': ' Eigen ', 'Keuken': ' Eigen ', 'Badkamer': ' Gedeeld ', 'Toilet': ' Gedeeld ', 'Internet': ' Ja ', 'Energielabel': ' Onbekend ', 'Huisgenoten': '  1 ', 'Geslacht': ' Man ', 'Huisdieren': ' Nee '}",kamer-1992022.html
Faustdreef,in Utrecht,80 m,,â‚¬ 900,p/m | incl. g/w/e,Gemeubileerd,15-11-2021,Gisteren geplaatst,https://kamernet.nl/huren/kamer-utrecht/faustdreef/kamer-1991993,"{'Woonkamer': ' Gedeeld ', 'Keuken': ' Gedeeld ', 'Badkamer': ' Gedeeld ', 'Toilet': ' Gedeeld ', 'Internet': ' Ja ', 'Energielabel': ' Onbekend ', 'Huisgenoten': '  1 ', 'Geslacht': ' Man ', 'Huisdieren': ' Ja '}",kamer-1991993.html
Peizerweg,in Groningen,14 m,Totale oppervlakte: 25 m 2,â‚¬ 355,p/m | incl. g/w/e,Gestoffeerd,01-11-2021,23 uur geleden geplaatst,https://kamernet.nl/huren/kamer-groningen/peizerweg/kamer-1992009,"{'Woonkamer': ' Geen ', 'Keuken': ' Gedeeld ', 'Badkamer': ' Gedeeld ', 'Toilet': ' Gedeeld ', 'Internet': ' Ja ', 'Energielabel': ' Onbekend ', 'Huisgenoten': '  4  ', 'Geslacht': ' Gemengd ', 'Huisdieren': ' Nee '}",kamer-1992009.html
Nieuwe Binnenweg,in Rotterdam,20 m,Totaal 1 kamer (1 slaapkamer) ,â‚¬ 600,p/m | incl. g/w/e,Gestoffeerd,01-11-2021,21 uur geleden geplaatst,https://kamernet.nl/huren/studio-rotterdam/nieuwe-binnenweg/studio-1992025,"{'Woonkamer': ' Eigen ', 'Keuken': ' Eigen ', 'Badkamer': ' Eigen ', 'Toilet': ' Eigen ', 'Internet': ' Ja ', 'Energielabel': ' B ', 'Huisdieren': ' Nee '}",studio-1992025.html
Nieuwe Boteringestraat,in Groningen,34 m,,â‚¬ 615,p/m | incl. g/w/e,Gestoffeerd,01-11-2021,22 uur geleden geplaatst,https://kamernet.nl/huren/kamer-groningen/nieuwe-boteringestraat/kamer-1992013,"{'Woonkamer': ' Geen ', 'Keuken': ' Eigen ', 'Badkamer': ' Gedeeld ', 'Toilet': ' Gedeeld ', 'Internet': ' Ja ', 'Energielabel': ' Onbekend ', 'Huisgenoten': '  5 ', 'Geslacht': ' Gemengd ', 'Huisdieren': ' Nee '}",kamer-1992013.html
Metrostation Nieuwmarkt,in Amsterdam,9 m,Totale oppervlakte: 90 m 2,â‚¬ 1000,p/m | incl. g/w/e,Gemeubileerd,09-10-2021 tot 16-07-2022,20 uur geleden geplaatst,https://kamernet.nl/huren/kamer-amsterdam/metrostation-nieuwmarkt/kamer-1992035,"{'Woonkamer': ' Gedeeld ', 'Keuken': ' Gedeeld ', 'Badkamer': ' Gedeeld ', 'Toilet': ' Gedeeld ', 'Internet': ' Ja ', 'Energielabel': ' Onbekend ', 'Huisgenoten': '  5 ', 'Geslacht': ' Gemengd ', 'Huisdieren': ' Nee '}",kamer-1992035.html
Oudwijkerdwarsstraat,in Utrecht,35 m,Totaal 1 kamer (1 slaapkamer) ,â‚¬ 995,p/m | excl. g/w/e,Gestoffeerd,01-12-2021,19 uur geleden geplaatst,https://kamernet.nl/huren/studio-utrecht/oudwijkerdwarsstraat/studio-1992004,"{'Woonkamer': ' Eigen ', 'Keuken': ' Eigen ', 'Badkamer': ' Eigen ', 'Toilet': ' Eigen ', 'Internet': ' Ja ', 'Energielabel': ' Onbekend ', 'Huisdieren': ' Nee '}",studio-1992004.html
Mijnsherenlaan,in Rotterdam,6 m,,â‚¬ 450,p/m | incl. g/w/e,Gemeubileerd,13-10-2021,19 uur geleden geplaatst,https://kamernet.nl/huren/kamer-rotterdam/mijnsherenlaan/kamer-1992018,"{'Woonkamer': ' Geen ', 'Keuken': ' Gedeeld ', 'Badkamer': ' Gedeeld ', 'Toilet': ' Gedeeld ', 'Internet': ' Ja ', 'Energielabel': ' Onbekend ', 'Huisgenoten': '  4  ', 'Geslacht': ' Onbekend ', 'Huisdieren': ' Nee '}",kamer-1992018.html
Van 's-Gravensandestraat,in Leiden,14 m,,â‚¬ 390,p/m | incl. g/w/e,Onbekend,03-10-2021 tot 23-10-2021,19 uur geleden geplaatst,https://kamernet.nl/huren/kamer-leiden/van-'s-gravensandestraat/kamer-1991999,"{'Woonkamer': ' Gedeeld ', 'Keuken': ' Gedeeld ', 'Badkamer': ' Gedeeld ', 'Toilet': ' Gedeeld ', 'Internet': ' Nee ', 'Energielabel': ' Onbekend ', 'Huisgenoten': '  1 ', 'Geslacht': ' Man ', 'Huisdieren': ' Nee '}",kamer-1991999.html
Rietwijkerstraat,in Amsterdam,8 m,Totale oppervlakte: 60 m 2,â‚¬ 650,p/m | incl. g/w/e,Gemeubileerd,03-10-2021,19 uur geleden geplaatst,https://kamernet.nl/huren/kamer-amsterdam/rietwijkerstraat/kamer-1992026,"{'Woonkamer': ' Gedeeld ', 'Keuken': ' Gedeeld ', 'Badkamer': ' Gedeeld ', 'Toilet': ' Gedeeld ', 'Internet': ' Ja ', 'Energielabel': ' Onbekend ', 'Huisgenoten': '  1 ', 'Geslacht': ' Vrouw ', 'Huisdieren': ' In overleg '}",kamer-1992026.html
Hongkongdreef,in Utrecht,9 m,Totale oppervlakte: 24 m 2,â‚¬ 455,p/m | incl. g/w/e,Kaal,10-10-2021,21 uur geleden geplaatst,https://kamernet.nl/huren/kamer-utrecht/hongkongdreef/kamer-1992024,"{'Woonkamer': ' Geen ', 'Keuken': ' Gedeeld ', 'Badkamer': ' Gedeeld ', 'Toilet': ' Gedeeld ', 'Internet': ' Ja ', 'Energielabel': ' A ', 'Huisgenoten': '  2 ', 'Geslacht': ' Vrouw ', 'Huisdieren': ' Nee '}",kamer-1992024.html
Hellebaardruwe,in Maastricht,12 m,Totale oppervlakte: 80 m 2,â‚¬ 300,p/m | incl. g/w/e,Gemeubileerd,03-10-2021 tot 01-01-2022,19 uur geleden geplaatst,https://kamernet.nl/huren/kamer-maastricht/hellebaardruwe/kamer-1991998,"{'Woonkamer': ' Gedeeld ', 'Keuken': ' Gedeeld ', 'Badkamer': ' Gedeeld ', 'Toilet': ' Gedeeld ', 'Internet': ' Ja ', 'Energielabel': ' B ', 'Huisgenoten': '  2 ', 'Geslacht': ' Gemengd ', 'Huisdieren': ' Nee '}",kamer-1991998.html
J.J. van Deinselaan,in Enschede,90 m,Totaal 4 kamers (3 slaapkamers) ,â‚¬ 1395,p/m | excl. g/w/e,Gemeubileerd,01-11-2021,21 uur geleden geplaatst,https://kamernet.nl/huren/appartement-enschede/j.j.-van-deinselaan/appartement-1992016,"{'Woonkamer': ' Eigen ', 'Keuken': ' Eigen ', 'Badkamer': ' Eigen ', 'Toilet': ' Eigen ', 'Internet': ' Ja ', 'Energielabel': ' B ', 'Huisdieren': ' Nee '}",appartement-1992016.html
Verversstraat,in Amsterdam,38 m,Totale oppervlakte: 100 m 2,â‚¬ 1100,p/m | incl. g/w/e,Gemeubileerd,01-12-2021,19 uur geleden geplaatst,https://kamernet.nl/huren/kamer-amsterdam/verversstraat/kamer-1992028,"{'Woonkamer': ' Gedeeld ', 'Keuken': ' Gedeeld ', 'Badkamer': ' Gedeeld ', 'Toilet': ' Gedeeld ', 'Internet': ' Ja ', 'Energielabel': ' Onbekend ', 'Huisgenoten': '  2 ', 'Geslacht': ' Man ', 'Huisdieren': ' Nee '}",kamer-1992028.html
Niasstraat,in Amsterdam,11 m,Totale oppervlakte: 71 m 2,â‚¬ 675,p/m | incl. g/w/e,Gemeubileerd,04-10-2021,3 uur geleden geplaatst,https://kamernet.nl/huren/kamer-amsterdam/niasstraat/kamer-1992086,"{'Woonkamer': ' Gedeeld ', 'Keuken': ' Gedeeld ', 'Badkamer': ' Gedeeld ', 'Toilet': ' Gedeeld ', 'Internet': ' Ja ', 'Energielabel': ' A ', 'Huisgenoten': '  1 ', 'Geslacht': ' Man ', 'Huisdieren': ' Nee '}",kamer-1992086.html
Cycladenlaan,in Amsterdam,35 m,Totaal 1 kamer (1 slaapkamer) ,â‚¬ 1300,p/m | incl. g/w/e,Gemeubileerd,04-10-2021,2 uur geleden geplaatst,https://kamernet.nl/huren/studio-amsterdam/cycladenlaan/studio-1992133,"{'Woonkamer': ' Eigen ', 'Keuken': ' Eigen ', 'Badkamer': ' Eigen ', 'Toilet': ' Eigen ', 'Internet': ' Ja ', 'Energielabel': ' A ', 'Huisdieren': ' Nee '}",studio-1992133.html
de Vriesstraat,in Eindhoven,114 m,Totaal 5 kamers (3 slaapkamers) ,â‚¬ 1650,p/m | excl. g/w/e,Gemeubileerd,04-10-2021,2 uur geleden geplaatst,https://kamernet.nl/huren/appartement-eindhoven/de-vriesstraat/appartement-1992131,"{'Woonkamer': ' Eigen ', 'Keuken': ' Eigen ', 'Badkamer': ' Eigen ', 'Toilet': ' Eigen ', 'Internet': ' Nee ', 'Energielabel': ' Onbekend ', 'Huisdieren': ' Nee '}",appartement-1992131.html
Turnhoutstraat,in Breda,12 m,Totale oppervlakte: 80 m 2,â‚¬ 635,p/m | incl. g/w/e,Gestoffeerd,03-10-2021,19 uur geleden geplaatst,https://kamernet.nl/huren/kamer-breda/turnhoutstraat/kamer-1992029,"{'Woonkamer': ' Gedeeld ', 'Keuken': ' Gedeeld ', 'Badkamer': ' Gedeeld ', 'Toilet': ' Gedeeld ', 'Internet': ' Ja ', 'Energielabel': ' Onbekend ', 'Huisgenoten': '  2 ', 'Geslacht': ' Gemengd ', 'Huisdieren': ' Nee '}",kamer-1992029.html
Walstraat,in Enschede,15 m,,â‚¬ 375,p/m | incl. g/w/e,Kaal,04-10-2021,2 uur geleden geplaatst,https://kamernet.nl/huren/kamer-enschede/walstraat/kamer-1992138,"{'Woonkamer': ' Gedeeld ', 'Keuken': ' Gedeeld ', 'Badkamer': ' Gedeeld ', 'Toilet': ' Gedeeld ', 'Internet': ' Ja ', 'Energielabel': ' Onbekend ', 'Huisgenoten': '  4  ', 'Geslacht': ' Gemengd ', 'Huisdieren': ' In overleg '}",kamer-1992138.html
Nieuwe Waardstraat,in Leiden,9 m,,â‚¬ 335,p/m | incl. g/w/e,Kaal,01-11-2021,1 uur geleden geplaatst,https://kamernet.nl/huren/kamer-leiden/nieuwe-waardstraat/kamer-1992143,"{'Woonkamer': ' Gedeeld ', 'Keuken': ' Gedeeld ', 'Badkamer': ' Gedeeld ', 'Toilet': ' Gedeeld ', 'Internet': ' Ja ', 'Energielabel': ' Onbekend ', 'Huisgenoten': '  3 ', 'Geslacht': ' Vrouw ', 'Huisdieren': ' Nee '}",kamer-1992143.html
Koningin Wilhelminastraat,in Zwolle,18 m,,â‚¬ 415,p/m | incl. g/w/e,Gestoffeerd,03-10-2021,Gisteren geplaatst,https://kamernet.nl/huren/kamer-zwolle/koningin-wilhelminastraat/kamer-1991950,"{'Woonkamer': ' Onbekend ', 'Keuken': ' Onbekend ', 'Badkamer': ' Onbekend ', 'Toilet': ' Onbekend ', 'Internet': ' Ja ', 'Energielabel': ' Onbekend ', 'Huisgenoten': '  3 ', 'Geslacht': ' Gemengd ', 'Huisdieren': ' Nee '}",kamer-1991950.html
Arien Verhoeffstraat,in Arnhem,20 m,Totaal 1 kamer (1 slaapkamer) ,â‚¬ 585,p/m | excl. g/w/e,Gemeubileerd,04-10-2021,1 uur geleden geplaatst,https://kamernet.nl/huren/studio-arnhem/arien-verhoeffstraat/studio-1992136,"{'Woonkamer': ' Eigen ', 'Keuken': ' Eigen ', 'Badkamer': ' Eigen ', 'Toilet': ' Eigen ', 'Internet': ' Ja ', 'Energielabel': ' Onbekend ', 'Huisdieren': ' Nee '}",studio-1992136.html
Kolkstraat,in Haarlem,10 m,Totale oppervlakte: 30 m 2,â‚¬ 390,p/m | incl. g/w/e,Kaal,01-11-2021,1 uur geleden geplaatst,https://kamernet.nl/huren/kamer-haarlem/kolkstraat/kamer-1992145,"{'Woonkamer': ' Gedeeld ', 'Keuken': ' Gedeeld ', 'Badkamer': ' Gedeeld ', 'Toilet': ' Gedeeld ', 'Internet': ' Ja ', 'Energielabel': ' D ', 'Huisgenoten': '  3 ', 'Geslacht': ' Gemengd ', 'Huisdieren': ' Nee '}",kamer-1992145.html
Nijlandstraat,in Assen,26 m,Totaal 1 kamer (1 slaapkamer) ,â‚¬ 640,p/m | excl. g/w/e,Gestoffeerd,01-12-2021,2 uur geleden geplaatst,https://kamernet.nl/huren/studio-assen/nijlandstraat/studio-1992134,"{'Woonkamer': ' Eigen ', 'Keuken': ' Eigen ', 'Badkamer': ' Eigen ', 'Toilet': ' Eigen ', 'Internet': ' Nee ', 'Energielabel': ' A ', 'Huisdieren': ' Nee '}",studio-1992134.html
Pater Brugmanstraat,in Nijmegen,17 m,,â‚¬ 480,p/m | incl. g/w/e,Gemeubileerd,01-11-2021 tot 01-11-2022,1 uur geleden geplaatst,https://kamernet.nl/huren/kamer-nijmegen/pater-brugmanstraat/kamer-1992149,"{'Woonkamer': ' Gedeeld ', 'Keuken': ' Gedeeld ', 'Badkamer': ' Gedeeld ', 'Toilet': ' Gedeeld ', 'Internet': ' Ja ', 'Energielabel': ' Onbekend ', 'Huisgenoten': '  5 ', 'Geslacht': ' Gemengd ', 'Huisdieren': ' Nee '}",kamer-1992149.html
Graaf Lodewijkstraat,in Arnhem,60 m,Totale oppervlakte: 40 m 2,â‚¬ 790,p/m | incl. g/w/e,Gemeubileerd,21-09-2021,1 uur geleden geplaatst,https://kamernet.nl/huren/kamer-arnhem/graaf-lodewijkstraat/kamer-1989659,"{'Woonkamer': ' Eigen ', 'Keuken': ' Gedeeld ', 'Badkamer': ' Gedeeld ', 'Toilet': ' Gedeeld ', 'Internet': ' Ja ', 'Energielabel': ' Onbekend ', 'Huisgenoten': '  3 ', 'Geslacht': ' Man ', 'Huisdieren': ' Nee '}",kamer-1989659.html
Van Baerlestraat,in Amsterdam,16 m,,â‚¬ 644,p/m | incl. g/w/e,Gemeubileerd,01-11-2021 tot 01-01-2022,19 uur geleden geplaatst,https://kamernet.nl/huren/kamer-amsterdam/van-baerlestraat/kamer-1992000,"{'Woonkamer': ' Gedeeld ', 'Keuken': ' Gedeeld ', 'Badkamer': ' Gedeeld ', 'Toilet': ' Gedeeld ', 'Internet': ' Ja ', 'Energielabel': ' Onbekend ', 'Huisgenoten': '  3 ', 'Geslacht': ' Man ', 'Huisdieren': ' Ja '}",kamer-1992000.html
Hooigracht,in Leiden,40 m,Totaal 3 kamers (1 slaapkamer) ,â‚¬ 875,p/m | incl. g/w/e,Gestoffeerd,15-10-2021,0 uur geleden geplaatst,https://kamernet.nl/huren/appartement-leiden/hooigracht/appartement-1992154,"{'Woonkamer': ' Eigen ', 'Keuken': ' Eigen ', 'Badkamer': ' Eigen ', 'Toilet': ' Eigen ', 'Internet': ' Ja ', 'Energielabel': ' Onbekend ', 'Huisdieren': ' Nee '}",appartement-1992154.html
Nieuwe Binnenweg,in Rotterdam,25 m,Totaal 1 kamer (1 slaapkamer) ,â‚¬ 700,p/m | incl. g/w/e,Gestoffeerd,01-11-2021,21 uur geleden geplaatst,https://kamernet.nl/huren/studio-rotterdam/nieuwe-binnenweg/studio-1932457,"{'Woonkamer': ' Eigen ', 'Keuken': ' Eigen ', 'Badkamer': ' Eigen ', 'Toilet': ' Eigen ', 'Internet': ' Ja ', 'Energielabel': ' B ', 'Huisdieren': ' Nee '}",studio-1932457.html
Blekerstraat,in Enschede,16 m,,â‚¬ 320,p/m | incl. g/w/e,Gestoffeerd,01-11-2021,0 uur geleden geplaatst,https://kamernet.nl/huren/kamer-enschede/blekerstraat/kamer-1975598,"{'Woonkamer': ' Gedeeld ', 'Keuken': ' Gedeeld ', 'Badkamer': ' Gedeeld ', 'Toilet': ' Gedeeld ', 'Internet': ' Ja ', 'Energielabel': ' B ', 'Huisgenoten': '  6 ', 'Geslacht': ' Gemengd ', 'Huisdieren': ' Nee '}",kamer-1975598.html
Witbreuksweg,in Enschede,16 m,,â‚¬ 327,p/m | incl. g/w/e,Gemeubileerd,15-11-2021 tot 16-05-2022,1 uur geleden geplaatst,https://kamernet.nl/huren/kamer-enschede/witbreuksweg/kamer-1992152,"{'Woonkamer': ' Gedeeld ', 'Keuken': ' Gedeeld ', 'Badkamer': ' Eigen ', 'Toilet': ' Eigen ', 'Internet': ' Ja ', 'Energielabel': ' Onbekend ', 'Huisgenoten': '  8  ', 'Geslacht': ' Gemengd ', 'Huisdieren': ' Nee '}",kamer-1992152.html
Flanorpad,in Leiden,12 m,,â‚¬ 310,p/m | incl. g/w/e,Gestoffeerd,28-10-2021,0 uur geleden geplaatst,https://kamernet.nl/huren/kamer-leiden/flanorpad/kamer-1992153,"{'Woonkamer': ' Gedeeld ', 'Keuken': ' Gedeeld ', 'Badkamer': ' Gedeeld ', 'Toilet': ' Gedeeld ', 'Internet': ' Ja ', 'Energielabel': ' Onbekend ', 'Huisgenoten': '  Onbekend  ', 'Geslacht': ' Onbekend ', 'Huisdieren': ' In overleg '}",kamer-1992153.html
Heesterveld,in Amsterdam,13 m,Totale oppervlakte: 62 m 2,â‚¬ 600,p/m | incl. g/w/e,Gemeubileerd,03-10-2021 tot 01-09-2022,Gisteren geplaatst,https://kamernet.nl/huren/kamer-amsterdam/heesterveld/kamer-1991924,"{'Woonkamer': ' Geen ', 'Keuken': ' Gedeeld ', 'Badkamer': ' Gedeeld ', 'Toilet': ' Gedeeld ', 'Internet': ' Ja ', 'Energielabel': ' Onbekend ', 'Huisgenoten': '  4  ', 'Geslacht': ' Gemengd ', 'Huisdieren': ' Nee '}",kamer-1991924.html
Yokohamadreef,in Utrecht,14 m,,â‚¬ 600,p/m | incl. g/w/e,Kaal,19-09-2021,Gisteren geplaatst,https://kamernet.nl/huren/kamer-utrecht/yokohamadreef/kamer-1991919,"{'Woonkamer': ' Geen ', 'Keuken': ' Gedeeld ', 'Badkamer': ' Gedeeld ', 'Toilet': ' Gedeeld ', 'Internet': ' Ja ', 'Energielabel': ' Onbekend ', 'Huisgenoten': '  1 ', 'Geslacht': ' Vrouw ', 'Huisdieren': ' Nee '}",kamer-1991919.html
Wilhelminastraat,in Amsterdam,50 m,,â‚¬ 1350,p/m | incl. g/w/e,Gemeubileerd,15-11-2021 tot 30-04-2022,6 uur geleden geplaatst,https://kamernet.nl/huren/appartement-amsterdam/wilhelminastraat/appartement-1874264,"{'Woonkamer': ' Eigen ', 'Keuken': ' Eigen ', 'Badkamer': ' Eigen ', 'Toilet': ' Eigen ', 'Internet': ' Ja ', 'Energielabel': ' Onbekend ', 'Huisdieren': ' Nee '}",appartement-1874264.html
Tweede Hugo de Grootstraat,in Amsterdam,16 m,,â‚¬ 838,p/m | excl. g/w/e,Gestoffeerd,01-12-2021,Gisteren geplaatst,https://kamernet.nl/huren/kamer-amsterdam/tweede-hugo-de-grootstraat/kamer-1991926,"{'Woonkamer': ' Gedeeld ', 'Keuken': ' Gedeeld ', 'Badkamer': ' Gedeeld ', 'Toilet': ' Gedeeld ', 'Internet': ' Ja ', 'Energielabel': ' Onbekend ', 'Huisgenoten': '  3 ', 'Geslacht': ' Man ', 'Huisdieren': ' Nee '}",kamer-1991926.html
Wycker Grachtstraat,in Maastricht,23 m,,â‚¬ 413,p/m | incl. g/w/e,Kaal,01-11-2021,Gisteren geplaatst,https://kamernet.nl/huren/kamer-maastricht/wycker-grachtstraat/kamer-1991912,"{'Woonkamer': ' Onbekend ', 'Keuken': ' Onbekend ', 'Badkamer': ' Onbekend ', 'Toilet': ' Onbekend ', 'Internet': ' Ja ', 'Energielabel': ' Onbekend ', 'Huisgenoten': '  Onbekend  ', 'Geslacht': ' Onbekend ', 'Huisdieren': ' Nee '}",kamer-1991912.html
Oosterweg,in Leimuiden,25 m,Totale oppervlakte: 80 m 2,â‚¬ 900,p/m | excl. g/w/e,Gemeubileerd,03-10-2021,Gisteren geplaatst,https://kamernet.nl/huren/kamer-leimuiden/oosterweg/kamer-1991932,"{'Woonkamer': ' Geen ', 'Keuken': ' Geen ', 'Badkamer': ' Gedeeld ', 'Toilet': ' Gedeeld ', 'Internet': ' Ja ', 'Energielabel': ' Onbekend ', 'Huisgenoten': '  Onbekend  ', 'Geslacht': ' Onbekend ', 'Huisdieren': ' Nee '}",kamer-1991932.html
Boddenkampsingel,in Enschede,16 m,Totale oppervlakte: 70 m 2,â‚¬ 212,p/m | excl. g/w/e,Gemeubileerd,14-11-2021 tot 05-02-2022,2 dagen geleden geplaatst,https://kamernet.nl/huren/kamer-enschede/boddenkampsingel/kamer-1991893,"{'Woonkamer': ' Gedeeld ', 'Keuken': ' Gedeeld ', 'Badkamer': ' Gedeeld ', 'Toilet': ' Gedeeld ', 'Internet': ' Ja ', 'Energielabel': ' Onbekend ', 'Huisgenoten': '  8  ', 'Geslacht': ' Vrouw ', 'Huisdieren': ' Nee '}",kamer-1991893.html
Wandelpad,in Hilversum,18 m,,â‚¬ 415,p/m | incl. g/w/e,Gestoffeerd,01-11-2021,Gisteren geplaatst,https://kamernet.nl/huren/kamer-hilversum/wandelpad/kamer-1991935,"{'Woonkamer': ' Geen ', 'Keuken': ' Gedeeld ', 'Badkamer': ' Gedeeld ', 'Toilet': ' Gedeeld ', 'Internet': ' Ja ', 'Energielabel': ' Onbekend ', 'Huisgenoten': '  6 ', 'Geslacht': ' Gemengd ', 'Huisdieren': ' Nee '}",kamer-1991935.html
Wijenburglaan,in Arnhem,11 m,,â‚¬ 325,p/m | incl. g/w/e,Gestoffeerd,03-10-2021,Gisteren geplaatst,https://kamernet.nl/huren/kamer-arnhem/wijenburglaan/kamer-1991945,"{'Woonkamer': ' Geen ', 'Keuken': ' Gedeeld ', 'Badkamer': ' Gedeeld ', 'Toilet': ' Gedeeld ', 'Internet': ' Ja ', 'Energielabel': ' Onbekend ', 'Huisgenoten': '  3 ', 'Geslacht': ' Gemengd ', 'Huisdieren': ' Nee '}",kamer-1991945.html
Heesterveld,in Amsterdam,9 m,Totale oppervlakte: 62 m 2,â‚¬ 600,p/m | incl. g/w/e,Gemeubileerd,03-10-2021,Gisteren geplaatst,https://kamernet.nl/huren/kamer-amsterdam/heesterveld/kamer-1991928,"{'Woonkamer': ' Onbekend ', 'Keuken': ' Onbekend ', 'Badkamer': ' Onbekend ', 'Toilet': ' Onbekend ', 'Internet': ' Onbekend ', 'Energielabel': ' Onbekend ', 'Huisgenoten': '  Onbekend  ', 'Geslacht': ' Onbekend ', 'Huisdieren': ' Nee '}",kamer-1991928.html
Karel Doormanstraat,in Rotterdam,10 m,Totale oppervlakte: 80 m 2,â‚¬ 600,p/m | incl. g/w/e,Gestoffeerd,01-11-2021,Gisteren geplaatst,https://kamernet.nl/huren/kamer-rotterdam/karel-doormanstraat/kamer-1991927,"{'Woonkamer': ' Gedeeld ', 'Keuken': ' Gedeeld ', 'Badkamer': ' Gedeeld ', 'Toilet': ' Gedeeld ', 'Internet': ' Ja ', 'Energielabel': ' Onbekend ', 'Huisgenoten': '  3 ', 'Geslacht': ' Gemengd ', 'Huisdieren': ' Nee '}",kamer-1991927.html
Bedumerstraat,in Groningen,12 m,Totale oppervlakte: 60 m 2,â‚¬ 550,p/m | incl. g/w/e,Gemeubileerd,15-10-2021,Gisteren geplaatst,https://kamernet.nl/huren/kamer-groningen/bedumerstraat/kamer-1991916,"{'Woonkamer': ' Geen ', 'Keuken': ' Gedeeld ', 'Badkamer': ' Gedeeld ', 'Toilet': ' Gedeeld ', 'Internet': ' Ja ', 'Energielabel': ' Onbekend ', 'Huisgenoten': '  Onbekend  ', 'Geslacht': ' Onbekend ', 'Huisdieren': ' In overleg '}",kamer-1991916.html
Maassluisstraat,in Amsterdam,15 m,,â‚¬ 700,p/m | incl. g/w/e,Gemeubileerd,04-10-2021 tot 30-09-2022,0 uur geleden geplaatst,https://kamernet.nl/huren/kamer-amsterdam/maassluisstraat/kamer-1992155,"{'Woonkamer': ' Gedeeld ', 'Keuken': ' Gedeeld ', 'Badkamer': ' Gedeeld ', 'Toilet': ' Onbekend ', 'Internet': ' Ja ', 'Energielabel': ' Onbekend ', 'Huisgenoten': '  1 ', 'Geslacht': ' Man ', 'Huisdieren': ' Nee '}",kamer-1992155.html
Wamelstraat,in Amsterdam,25 m,Totale oppervlakte: 30 m 2,â‚¬ 633,p/m | excl. g/w/e,Gemeubileerd,03-10-2021 tot 03-10-2023,19 uur geleden geplaatst,https://kamernet.nl/huren/kamer-amsterdam/wamelstraat/kamer-1810595,"{'Woonkamer': ' Eigen ', 'Keuken': ' Eigen ', 'Badkamer': ' Eigen ', 'Toilet': ' Eigen ', 'Internet': ' Ja ', 'Energielabel': ' B ', 'Huisgenoten': '  1 ', 'Geslacht': ' Man ', 'Huisdieren': ' Nee '}",kamer-1810595.html
Kadijkselaan,in Bergambacht,10 m,Totale oppervlakte: 10 m 2,â‚¬ 230,p/m | incl. g/w/e,Gemeubileerd,03-10-2021 tot 02-12-2023,18 uur geleden geplaatst,https://kamernet.nl/huren/kamer-bergambacht/kadijkselaan/kamer-1992049,"{'Woonkamer': ' Geen ', 'Keuken': ' Gedeeld ', 'Badkamer': ' Gedeeld ', 'Toilet': ' Gedeeld ', 'Internet': ' Ja ', 'Energielabel': ' Onbekend ', 'Huisgenoten': '  4  ', 'Geslacht': ' Gemengd ', 'Huisdieren': ' Nee '}",kamer-1992049.html
Karel Doormanlaan,in Utrecht,36 m,Totaal 2 kamers (1 slaapkamer) ,â‚¬ 850,p/m | excl. g/w/e,Kaal,01-11-2021 tot 01-11-2023,9 uur geleden geplaatst,https://kamernet.nl/huren/appartement-utrecht/karel-doormanlaan/appartement-1991848,"{'Woonkamer': ' Eigen ', 'Keuken': ' Eigen ', 'Badkamer': ' Eigen ', 'Toilet': ' Eigen ', 'Internet': ' Ja ', 'Energielabel': ' Onbekend ', 'Huisdieren': ' Nee '}",appartement-1991848.html
Burgemeester Hogguerstraat,in Amsterdam,15 m,Totale oppervlakte: 100 m 2,â‚¬ 850,p/m | incl. g/w/e,Gemeubileerd,01-11-2021,9 uur geleden geplaatst,https://kamernet.nl/huren/kamer-amsterdam/burgemeester-hogguerstraat/kamer-1992063,"{'Woonkamer': ' Gedeeld ', 'Keuken': ' Gedeeld ', 'Badkamer': ' Gedeeld ', 'Toilet': ' Gedeeld ', 'Internet': ' Ja ', 'Energielabel': ' A ', 'Huisgenoten': '  2 ', 'Geslacht': ' Gemengd ', 'Huisdieren': ' Nee '}",kamer-1992063.html
Weeresteinstraat,in Hillegom,18 m,Totale oppervlakte: 70 m 2,â‚¬ 650,p/m | incl. g/w/e,Gestoffeerd,03-10-2021,8 uur geleden geplaatst,https://kamernet.nl/huren/kamer-hillegom/weeresteinstraat/kamer-1992034,"{'Woonkamer': ' Eigen ', 'Keuken': ' Eigen ', 'Badkamer': ' Gedeeld ', 'Toilet': ' Gedeeld ', 'Internet': ' Ja ', 'Energielabel': ' Onbekend ', 'Huisgenoten': '  3 ', 'Geslacht': ' Gemengd ', 'Huisdieren': ' Nee '}",kamer-1992034.html
Aert de Gelderlaan,in Alkmaar,76 m,Totaal 4 kamers (3 slaapkamers) ,â‚¬ 1475,p/m | excl. g/w/e,Gestoffeerd,03-10-2021,8 uur geleden geplaatst,https://kamernet.nl/huren/appartement-alkmaar/aert-de-gelderlaan/appartement-1992037,"{'Woonkamer': ' Eigen ', 'Keuken': ' Eigen ', 'Badkamer': ' Eigen ', 'Toilet': ' Eigen ', 'Internet': ' Onbekend ', 'Energielabel': ' Onbekend ', 'Huisdieren': ' Nee '}",appartement-1992037.html
Professor Cornelissenstraat,in Nijmegen,10 m,,â‚¬ 350,p/m | incl. g/w/e,Kaal,15-10-2021,8 uur geleden geplaatst,https://kamernet.nl/huren/kamer-nijmegen/professor-cornelissenstraat/kamer-1992040,"{'Woonkamer': ' Gedeeld ', 'Keuken': ' Gedeeld ', 'Badkamer': ' Gedeeld ', 'Toilet': ' Gedeeld ', 'Internet': ' Ja ', 'Energielabel': ' Onbekend ', 'Huisgenoten': '  2 ', 'Geslacht': ' Gemengd ', 'Huisdieren': ' Nee '}",kamer-1992040.html
Klaproosweg,in Haren Gn,9 m,Totale oppervlakte: 37 m 2,â‚¬ 200,p/m | incl. g/w/e,Gemeubileerd,17-10-2021 tot 17-01-2022,18 uur geleden geplaatst,https://kamernet.nl/huren/kamer-haren-gn/klaproosweg/kamer-1992042,"{'Woonkamer': ' Gedeeld ', 'Keuken': ' Gedeeld ', 'Badkamer': ' Gedeeld ', 'Toilet': ' Gedeeld ', 'Internet': ' Ja ', 'Energielabel': ' B ', 'Huisgenoten': '  3 ', 'Geslacht': ' Gemengd ', 'Huisdieren': ' Nee '}",kamer-1992042.html
Bennekomstraat,in Den Haag,19 m,,â‚¬ 580,p/m | incl. g/w/e,Gemeubileerd,03-10-2021,8 uur geleden geplaatst,https://kamernet.nl/huren/kamer-den-haag/bennekomstraat/kamer-1992044,"{'Woonkamer': ' Geen ', 'Keuken': ' Gedeeld ', 'Badkamer': ' Eigen ', 'Toilet': ' Eigen ', 'Internet': ' Ja ', 'Energielabel': ' Onbekend ', 'Huisgenoten': '  2 ', 'Geslacht': ' Man ', 'Huisdieren': ' Nee '}",kamer-1992044.html
Nieuwezijds Armsteeg,in Amsterdam,55 m,,â‚¬ 1850,p/m | excl. g/w/e,Gemeubileerd,04-10-2021,8 uur geleden geplaatst,https://kamernet.nl/huren/appartement-amsterdam/nieuwezijds-armsteeg/appartement-1992053,"{'Woonkamer': ' Eigen ', 'Keuken': ' Eigen ', 'Badkamer': ' Eigen ', 'Toilet': ' Eigen ', 'Internet': ' Ja ', 'Energielabel': ' Onbekend ', 'Huisdieren': ' Nee '}",appartement-1992053.html
Noorderhavenkade,in Rotterdam,51 m,Totaal 2 kamers (1 slaapkamer) ,â‚¬ 1095,p/m | excl. g/w/e,Gestoffeerd,03-10-2021,8 uur geleden geplaatst,https://kamernet.nl/huren/appartement-rotterdam/noorderhavenkade/appartement-1992043,"{'Woonkamer': ' Eigen ', 'Keuken': ' Eigen ', 'Badkamer': ' Eigen ', 'Toilet': ' Eigen ', 'Internet': ' Ja ', 'Energielabel': ' Onbekend ', 'Huisdieren': ' Nee '}",appartement-1992043.html
Walstraat,in Enschede,16 m,,â‚¬ 375,p/m | incl. g/w/e,Kaal,04-10-2021,1 uur geleden geplaatst,https://kamernet.nl/huren/kamer-enschede/walstraat/kamer-1992139,"{'Woonkamer': ' Gedeeld ', 'Keuken': ' Gedeeld ', 'Badkamer': ' Gedeeld ', 'Toilet': ' Gedeeld ', 'Internet': ' Ja ', 'Energielabel': ' Onbekend ', 'Huisgenoten': '  4  ', 'Geslacht': ' Gemengd ', 'Huisdieren': ' Ja '}",kamer-1992139.html
EKapa,in Amsterdam,11 m,,â‚¬ 550,p/m | incl. g/w/e,Gemeubileerd,04-10-2021,8 uur geleden geplaatst,https://kamernet.nl/huren/kamer-amsterdam/ekapa/kamer-1992058,"{'Woonkamer': ' Gedeeld ', 'Keuken': ' Gedeeld ', 'Badkamer': ' Gedeeld ', 'Toilet': ' Gedeeld ', 'Internet': ' Nee ', 'Energielabel': ' Onbekend ', 'Huisgenoten': '  1 ', 'Geslacht': ' Gemengd ', 'Huisdieren': ' Nee '}",kamer-1992058.html
Haagdijk,in Breda,15 m,Totaal 1 kamer (1 slaapkamer) ,â‚¬ 650,p/m | incl. g/w/e,Gestoffeerd,04-10-2021,8 uur geleden geplaatst,https://kamernet.nl/huren/studio-breda/haagdijk/studio-1992066,"{'Woonkamer': ' Eigen ', 'Keuken': ' Eigen ', 'Badkamer': ' Eigen ', 'Toilet': ' Eigen ', 'Internet': ' Ja ', 'Energielabel': ' Onbekend ', 'Huisdieren': ' Nee '}",studio-1992066.html
Buitenwatersloot,in Delft,18 m,,â‚¬ 396,p/m | incl. g/w/e,Gestoffeerd,01-11-2021,17 uur geleden geplaatst,https://kamernet.nl/huren/kamer-delft/buitenwatersloot/kamer-1992005,"{'Woonkamer': ' Gedeeld ', 'Keuken': ' Gedeeld ', 'Badkamer': ' Gedeeld ', 'Toilet': ' Gedeeld ', 'Internet': ' Ja ', 'Energielabel': ' Onbekend ', 'Huisgenoten': '  Meer dan 8 ', 'Geslacht': ' Gemengd ', 'Huisdieren': ' Nee '}",kamer-1992005.html
Hiemerwaard,in Alkmaar,40 m,Totaal 2 kamers (1 slaapkamer) ,â‚¬ 980,p/m | incl. g/w/e,Gestoffeerd,01-11-2021 tot 01-11-2022,17 uur geleden geplaatst,https://kamernet.nl/huren/appartement-alkmaar/hiemerwaard/appartement-1992055,"{'Woonkamer': ' Eigen ', 'Keuken': ' Eigen ', 'Badkamer': ' Eigen ', 'Toilet': ' Eigen ', 'Internet': ' Ja ', 'Energielabel': ' Onbekend ', 'Huisdieren': ' Nee '}",appartement-1992055.html
Rogier van Otterloostraat,in Almere,25 m,,â‚¬ 400,p/m | incl. g/w/e,Gemeubileerd,04-10-2021 tot 04-10-2023,8 uur geleden geplaatst,https://kamernet.nl/huren/kamer-almere/rogier-van-otterloostraat/kamer-1992065,"{'Woonkamer': ' Geen ', 'Keuken': ' Gedeeld ', 'Badkamer': ' Gedeeld ', 'Toilet': ' Gedeeld ', 'Internet': ' Ja ', 'Energielabel': ' Onbekend ', 'Huisgenoten': '  1 ', 'Geslacht': ' Man ', 'Huisdieren': ' Nee '}",kamer-1992065.html
Eindhovenstraat,in Almere,16 m,,â‚¬ 450,p/m | incl. g/w/e,Gestoffeerd,04-10-2021,8 uur geleden geplaatst,https://kamernet.nl/huren/kamer-almere/eindhovenstraat/kamer-1992054,"{'Woonkamer': ' Gedeeld ', 'Keuken': ' Gedeeld ', 'Badkamer': ' Gedeeld ', 'Toilet': ' Gedeeld ', 'Internet': ' Ja ', 'Energielabel': ' Onbekend ', 'Huisgenoten': '  2 ', 'Geslacht': ' Man ', 'Huisdieren': ' Nee '}",kamer-1992054.html
Hoenderloostraat,in Den Haag,45 m,,â‚¬ 1450,p/m | incl. g/w/e,Gemeubileerd,08-11-2021 tot 09-05-2022,Gisteren geplaatst,https://kamernet.nl/huren/studio-den-haag/hoenderloostraat/studio-1991988,"{'Woonkamer': ' Eigen ', 'Keuken': ' Eigen ', 'Badkamer': ' Eigen ', 'Toilet': ' Eigen ', 'Internet': ' Ja ', 'Energielabel': ' Onbekend ', 'Huisdieren': ' Nee '}",studio-1991988.html
Boutenslaan,in Eindhoven,16 m,Totale oppervlakte: 70 m 2,â‚¬ 450,p/m | excl. g/w/e,Gestoffeerd,01-11-2021,19 uur geleden geplaatst,https://kamernet.nl/huren/kamer-eindhoven/boutenslaan/kamer-1992010,"{'Woonkamer': ' Eigen ', 'Keuken': ' Gedeeld ', 'Badkamer': ' Gedeeld ', 'Toilet': ' Gedeeld ', 'Internet': ' Nee ', 'Energielabel': ' C ', 'Huisgenoten': '  2 ', 'Geslacht': ' Man ', 'Huisdieren': ' Nee '}",kamer-1992010.html
Witbreuksweg,in Enschede,16 m,,â‚¬ 320,p/m | incl. g/w/e,Kaal,08-11-2021,Gisteren geplaatst,https://kamernet.nl/huren/kamer-enschede/witbreuksweg/kamer-1991964,"{'Woonkamer': ' Gedeeld ', 'Keuken': ' Gedeeld ', 'Badkamer': ' Eigen ', 'Toilet': ' Eigen ', 'Internet': ' Ja ', 'Energielabel': ' Onbekend ', 'Huisgenoten': '  Meer dan 8 ', 'Geslacht': ' Gemengd ', 'Huisdieren': ' Nee '}",kamer-1991964.html
Magneetveld,in Almere,25 m,,â‚¬ 550,p/m | incl. g/w/e,Gemeubileerd,24-09-2021,1 week geleden geplaatst,https://kamernet.nl/huren/kamer-almere/magneetveld/kamer-1990314,"{'Woonkamer': ' Eigen ', 'Keuken': ' Eigen ', 'Badkamer': ' Gedeeld ', 'Toilet': ' Gedeeld ', 'Internet': ' Ja ', 'Energielabel': ' Onbekend ', 'Huisgenoten': '  2 ', 'Geslacht': ' Gemengd ', 'Huisdieren': ' Nee '}",kamer-1990314.html
Sonoystraat,in Den Haag,18 m,,â‚¬ 649,p/m | incl. g/w/e,Gestoffeerd,01-10-2021,8 uur geleden geplaatst,https://kamernet.nl/huren/kamer-den-haag/sonoystraat/kamer-1985517,"{'Woonkamer': ' Gedeeld ', 'Keuken': ' Gedeeld ', 'Badkamer': ' Gedeeld ', 'Toilet': ' Gedeeld ', 'Internet': ' Ja ', 'Energielabel': ' Onbekend ', 'Huisgenoten': '  Onbekend  ', 'Geslacht': ' Onbekend ', 'Huisdieren': ' Nee '}",
Van Hasseltlaan,in Delft,25 m,Totaal 1 kamer (1 slaapkamer) ,â‚¬ 485,p/m | incl. g/w/e,Gemeubileerd,22-09-2021 tot 22-07-2022,7 uur geleden geplaatst,https://kamernet.nl/huren/studio-delft/van-hasseltlaan/studio-1985567,"{'Woonkamer': ' Eigen ', 'Keuken': ' Eigen ', 'Badkamer': ' Eigen ', 'Toilet': ' Eigen ', 'Internet': ' Ja ', 'Energielabel': ' Onbekend ', 'Huisdieren': ' Nee '}",
Dennenweg,in Enschede,12 m,,â‚¬ 265,p/m | incl. g/w/e,Gestoffeerd,01-10-2021,Gisteren geplaatst,https://kamernet.nl/huren/kamer-enschede/dennenweg/kamer-1984845,"{'Woonkamer': ' Gedeeld ', 'Keuken': ' Gedeeld ', 'Badkamer': ' Gedeeld ', 'Toilet': ' Gedeeld ', 'Internet': ' Ja ', 'Energielabel': ' Onbekend ', 'Huisgenoten': '  5 ', 'Geslacht': ' Gemengd ', 'Huisdieren': ' Nee '}",
Hyacintplein,in Breda,13 m,Totale oppervlakte: 80 m 2,â‚¬ 430,p/m | incl. g/w/e,Kaal,10-09-2021,3 uur geleden geplaatst,https://kamernet.nl/huren/kamer-breda/hyacintplein/kamer-1985613,"{'Woonkamer': ' Geen ', 'Keuken': ' Gedeeld ', 'Badkamer': ' Gedeeld ', 'Toilet': ' Gedeeld ', 'Internet': ' Ja ', 'Energielabel': ' D ', 'Huisgenoten': '  5 ', 'Geslacht': ' Gemengd ', 'Huisdieren': ' Nee '}",
Zeelsterstraat,in Eindhoven,35 m,Totaal 1 kamer (1 slaapkamer) ,â‚¬ 850,p/m | incl. g/w/e,Gemeubileerd,01-10-2021,3 uur geleden geplaatst,https://kamernet.nl/huren/appartement-eindhoven/zeelsterstraat/appartement-1985578,"{'Woonkamer': ' Eigen ', 'Keuken': ' Eigen ', 'Badkamer': ' Eigen ', 'Toilet': ' Eigen ', 'Internet': ' Ja ', 'Energielabel': ' Onbekend ', 'Huisdieren': ' Nee '}",
Breestraat,in Koog aan de Zaan,75 m,Totaal 4 kamers (3 slaapkamers) ,â‚¬ 1800,p/m | incl. g/w/e,Gemeubileerd,03-10-2021 tot 03-10-2022,2 dagen geleden geplaatst,https://kamernet.nl/huren/appartement-koog-aan-de-zaan/breestraat/appartement-1985156,"{'Woonkamer': ' Eigen ', 'Keuken': ' Eigen ', 'Badkamer': ' Eigen ', 'Toilet': ' Eigen ', 'Internet': ' Ja ', 'Energielabel': ' Onbekend ', 'Huisdieren': ' Nee '}",
Hyacintplein,in Breda,15 m,Totale oppervlakte: 80 m 2,â‚¬ 440,p/m | incl. g/w/e,Kaal,10-09-2021,3 uur geleden geplaatst,https://kamernet.nl/huren/kamer-breda/hyacintplein/kamer-1985610,"{'Woonkamer': ' Geen ', 'Keuken': ' Gedeeld ', 'Badkamer': ' Gedeeld ', 'Toilet': ' Gedeeld ', 'Internet': ' Ja ', 'Energielabel': ' D ', 'Huisgenoten': '  5 ', 'Geslacht': ' Gemengd ', 'Huisdieren': ' Nee '}",
Zuiddijk,in Zaandam,44 m,Totaal 2 kamers (1 slaapkamer) ,â‚¬ 1100,p/m | incl. g/w/e,Gestoffeerd,03-09-2021 tot 03-08-2022,3 dagen geleden geplaatst,https://kamernet.nl/huren/appartement-zaandam/zuiddijk/appartement-1985088,"{'Woonkamer': ' Eigen ', 'Keuken': ' Eigen ', 'Badkamer': ' Eigen ', 'Toilet': ' Eigen ', 'Internet': ' Ja ', 'Energielabel': ' Onbekend ', 'Huisdieren': ' Nee '}",
Azielaan,in Delft,15 m,,â‚¬ 500,p/m | incl. g/w/e,Gestoffeerd,03-09-2021,3 dagen geleden geplaatst,https://kamernet.nl/huren/kamer-delft/azielaan/kamer-1985099,"{'Woonkamer': ' Gedeeld ', 'Keuken': ' Gedeeld ', 'Badkamer': ' Onbekend ', 'Toilet': ' Gedeeld ', 'Internet': ' Ja ', 'Energielabel': ' Onbekend ', 'Huisgenoten': '  Onbekend  ', 'Geslacht': ' Onbekend ', 'Huisdieren': ' Nee '}",
Willem Ruyslaan,in Rotterdam,21 m,Totaal 1 kamer (1 slaapkamer) ,â‚¬ 800,p/m | incl. g/w/e,Gemeubileerd,28-01-2022 tot 31-08-2022,3 dagen geleden geplaatst,https://kamernet.nl/huren/studio-rotterdam/willem-ruyslaan/studio-1985105,"{'Woonkamer': ' Geen ', 'Keuken': ' Eigen ', 'Badkamer': ' Eigen ', 'Toilet': ' Eigen ', 'Internet': ' Ja ', 'Energielabel': ' Onbekend ', 'Huisdieren': ' Nee '}",
Geuzenkade,in Amsterdam,52 m,Totaal 3 kamers (1 slaapkamer) ,â‚¬ 1650,p/m | excl. g/w/e,Gemeubileerd,01-10-2021,3 dagen geleden geplaatst,https://kamernet.nl/huren/appartement-amsterdam/geuzenkade/appartement-1985095,"{'Woonkamer': ' Eigen ', 'Keuken': ' Eigen ', 'Badkamer': ' Eigen ', 'Toilet': ' Eigen ', 'Internet': ' Ja ', 'Energielabel': ' B ', 'Huisdieren': ' Nee '}",
Molslaan,in Delft,14 m,,â‚¬ 496,p/m | incl. g/w/e,Gestoffeerd,20-09-2021,3 dagen geleden geplaatst,https://kamernet.nl/huren/kamer-delft/molslaan/kamer-1985122,"{'Woonkamer': ' Gedeeld ', 'Keuken': ' Gedeeld ', 'Badkamer': ' Gedeeld ', 'Toilet': ' Gedeeld ', 'Internet': ' Ja ', 'Energielabel': ' Onbekend ', 'Huisgenoten': '  Onbekend  ', 'Geslacht': ' Onbekend ', 'Huisdieren': ' Nee '}",
Groen van Prinstererstraat,in Rotterdam,22 m,Totaal 2 kamers (1 slaapkamer) ,â‚¬ 715,p/m | incl. g/w/e,Gestoffeerd,03-09-2021,3 dagen geleden geplaatst,https://kamernet.nl/huren/studio-rotterdam/groen-van-prinstererstraat/studio-1985102,"{'Woonkamer': ' Eigen ', 'Keuken': ' Eigen ', 'Badkamer': ' Eigen ', 'Toilet': ' Eigen ', 'Internet': ' Ja ', 'Energielabel': ' Onbekend ', 'Huisdieren': ' Nee '}",
De Straatweiden,in Velp,200 m,,â‚¬ 1350,p/m | incl. g/w/e,Gemeubileerd,03-09-2021,2 dagen geleden geplaatst,https://kamernet.nl/huren/anti-kraak-velp/de-straatweiden/anti-kraak-1985145,"{'Woonkamer': ' Eigen ', 'Keuken': ' Eigen ', 'Badkamer': ' Eigen ', 'Toilet': ' Eigen ', 'Internet': ' Ja ', 'Energielabel': ' Onbekend ', 'Huisdieren': ' In overleg '}",
Huissensestraat,in Arnhem,8 m,Totale oppervlakte: 70 m 2,â‚¬ 280,p/m | incl. g/w/e,Gestoffeerd,03-09-2021 tot 08-04-2022,2 dagen geleden geplaatst,https://kamernet.nl/huren/kamer-arnhem/huissensestraat/kamer-1985141,"{'Woonkamer': ' Geen ', 'Keuken': ' Gedeeld ', 'Badkamer': ' Gedeeld ', 'Toilet': ' Gedeeld ', 'Internet': ' Ja ', 'Energielabel': ' D ', 'Huisgenoten': '  3 ', 'Geslacht': ' Man ', 'Huisdieren': ' Nee '}",
Dordtselaan,in Rotterdam,30 m,,â‚¬ 800,p/m | incl. g/w/e,Gestoffeerd,15-10-2021,2 dagen geleden geplaatst,https://kamernet.nl/huren/studio-rotterdam/dordtselaan/studio-1985203,"{'Woonkamer': ' Eigen ', 'Keuken': ' Eigen ', 'Badkamer': ' Eigen ', 'Toilet': ' Eigen ', 'Internet': ' Ja ', 'Energielabel': ' Onbekend ', 'Huisdieren': ' Nee '}",
Wethouder Insingerstraat,in Amsterdam,69 m,Totaal 3 kamers,â‚¬ 1200,p/m | excl. g/w/e,Gestoffeerd,06-09-2021,2 dagen geleden geplaatst,https://kamernet.nl/huren/appartement-amsterdam/wethouder-insingerstraat/appartement-1985213,"{'Woonkamer': ' Onbekend ', 'Keuken': ' Onbekend ', 'Badkamer': ' Onbekend ', 'Toilet': ' Onbekend ', 'Internet': ' Onbekend ', 'Energielabel': ' Onbekend ', 'Huisdieren': ' In overleg '}",
Cezannestraat,in Almere,30 m,Totaal 1 kamer (1 slaapkamer) ,â‚¬ 950,p/m | incl. g/w/e,Gemeubileerd,09-09-2021,2 dagen geleden geplaatst,https://kamernet.nl/huren/studio-almere/cezannestraat/studio-1985199,"{'Woonkamer': ' Eigen ', 'Keuken': ' Eigen ', 'Badkamer': ' Eigen ', 'Toilet': ' Eigen ', 'Internet': ' Ja ', 'Energielabel': ' Onbekend ', 'Huisdieren': ' Nee '}",
Barbusselaan,in Amsterdam,69 m,Totaal 3 kamers,â‚¬ 1450,p/m | excl. g/w/e,Gemeubileerd,04-09-2021,2 dagen geleden geplaatst,https://kamernet.nl/huren/appartement-amsterdam/barbusselaan/appartement-1985212,"{'Woonkamer': ' Onbekend ', 'Keuken': ' Onbekend ', 'Badkamer': ' Onbekend ', 'Toilet': ' Onbekend ', 'Internet': ' Onbekend ', 'Energielabel': ' Onbekend ', 'Huisdieren': ' In overleg '}",
Bredenoord,in Rotterdam,70 m,Totaal 3 kamers,â‚¬ 750,p/m | excl. g/w/e,Gestoffeerd,06-09-2021,2 dagen geleden geplaatst,https://kamernet.nl/huren/appartement-rotterdam/bredenoord/appartement-1985209,"{'Woonkamer': ' Onbekend ', 'Keuken': ' Onbekend ', 'Badkamer': ' Onbekend ', 'Toilet': ' Onbekend ', 'Internet': ' Onbekend ', 'Energielabel': ' Onbekend ', 'Huisdieren': ' In overleg '}",
Beverwijkerstraatweg,in Castricum,60 m,Totaal 2 kamers,â‚¬ 800,p/m | excl. g/w/e,Gestoffeerd,04-09-2021,2 dagen geleden geplaatst,https://kamernet.nl/huren/appartement-castricum/beverwijkerstraatweg/appartement-1985206,"{'Woonkamer': ' Onbekend ', 'Keuken': ' Onbekend ', 'Badkamer': ' Onbekend ', 'Toilet': ' Onbekend ', 'Internet': ' Onbekend ', 'Energielabel': ' Onbekend ', 'Huisdieren': ' In overleg '}",
Middelrode,in Rotterdam,62 m,Totaal 3 kamers,â‚¬ 945,p/m | excl. g/w/e,Gestoffeerd,04-09-2021,2 dagen geleden geplaatst,https://kamernet.nl/huren/appartement-rotterdam/middelrode/appartement-1985207,"{'Woonkamer': ' Onbekend ', 'Keuken': ' Onbekend ', 'Badkamer': ' Onbekend ', 'Toilet': ' Onbekend ', 'Internet': ' Onbekend ', 'Energielabel': ' Onbekend ', 'Huisdieren': ' In overleg '}",
Burgemeester Stulemeijerlaan,in Schiedam,45 m,Totaal 2 kamers,â‚¬ 850,p/m | excl. g/w/e,Gemeubileerd,04-09-2021,2 dagen geleden geplaatst,https://kamernet.nl/huren/appartement-schiedam/burgemeester-stulemeijerlaan/appartement-1985208,"{'Woonkamer': ' Onbekend ', 'Keuken': ' Onbekend ', 'Badkamer': ' Onbekend ', 'Toilet': ' Onbekend ', 'Internet': ' Onbekend ', 'Energielabel': ' Onbekend ', 'Huisdieren': ' In overleg '}",
Lovensestraat,in Tilburg,45 m,Totaal 1 kamer,â‚¬ 1040,p/m | excl. g/w/e,Gestoffeerd,01-10-2021,2 dagen geleden geplaatst,https://kamernet.nl/huren/appartement-tilburg/lovensestraat/appartement-1985176,"{'Woonkamer': ' Onbekend ', 'Keuken': ' Onbekend ', 'Badkamer': ' Onbekend ', 'Toilet': ' Onbekend ', 'Internet': ' Onbekend ', 'Energielabel': ' Onbekend ', 'Huisdieren': ' In overleg '}",
Eendenjachtstraat,in Tilburg,31 m,,â‚¬ 805,p/m | excl. g/w/e,Gestoffeerd,01-10-2021,2 dagen geleden geplaatst,https://kamernet.nl/huren/appartement-tilburg/eendenjachtstraat/appartement-1985177,"{'Woonkamer': ' Onbekend ', 'Keuken': ' Onbekend ', 'Badkamer': ' Onbekend ', 'Toilet': ' Onbekend ', 'Internet': ' Onbekend ', 'Energielabel': ' Onbekend ', 'Huisdieren': ' In overleg '}",
Textielplein,in Tilburg,27 m,,â‚¬ 549,p/m | excl. g/w/e,Gestoffeerd,15-09-2021,2 dagen geleden geplaatst,https://kamernet.nl/huren/studio-tilburg/textielplein/studio-1985174,"{'Woonkamer': ' Onbekend ', 'Keuken': ' Onbekend ', 'Badkamer': ' Onbekend ', 'Toilet': ' Onbekend ', 'Internet': ' Onbekend ', 'Energielabel': ' Onbekend ', 'Huisdieren': ' In overleg '}",
J.E. de Witstraat,in Uitgeest,70 m,,â‚¬ 105,p/m | excl. g/w/e,Kaal,04-09-2021,2 dagen geleden geplaatst,https://kamernet.nl/huren/kamer-uitgeest/j.e.-de-witstraat/kamer-1985171,"{'Woonkamer': ' Onbekend ', 'Keuken': ' Onbekend ', 'Badkamer': ' Onbekend ', 'Toilet': ' Onbekend ', 'Internet': ' Onbekend ', 'Energielabel': ' Onbekend ', 'Huisgenoten': '  Onbekend  ', 'Geslacht': ' Onbekend ', 'Huisdieren': ' In overleg '}",
Bergweg,in Rotterdam,110 m,Totaal 3 kamers (2 slaapkamers) ,â‚¬ 1300,p/m | excl. g/w/e,Kaal,15-09-2021,2 dagen geleden geplaatst,https://kamernet.nl/huren/appartement-rotterdam/bergweg/appartement-1985132,"{'Woonkamer': ' Eigen ', 'Keuken': ' Eigen ', 'Badkamer': ' Eigen ', 'Toilet': ' Eigen ', 'Internet': ' Ja ', 'Energielabel': ' D ', 'Huisdieren': ' In overleg '}",
Lindberghplein,in Helmond,59 m,Totaal 2 kamers,â‚¬ 105,p/m | excl. g/w/e,Kaal,04-09-2021,2 dagen geleden geplaatst,https://kamernet.nl/huren/appartement-helmond/lindberghplein/appartement-1985169,"{'Woonkamer': ' Onbekend ', 'Keuken': ' Onbekend ', 'Badkamer': ' Onbekend ', 'Toilet': ' Onbekend ', 'Internet': ' Onbekend ', 'Energielabel': ' Onbekend ', 'Huisdieren': ' In overleg '}",
Bergweg,in Rotterdam,110 m,Totaal 3 kamers (2 slaapkamers) ,â‚¬ 1300,p/m | excl. g/w/e,Kaal,15-09-2021,2 dagen geleden geplaatst,https://kamernet.nl/huren/appartement-rotterdam/bergweg/appartement-1985214,"{'Woonkamer': ' Eigen ', 'Keuken': ' Eigen ', 'Badkamer': ' Eigen ', 'Toilet': ' Eigen ', 'Internet': ' Ja ', 'Energielabel': ' D ', 'Huisdieren': ' In overleg '}",
Arend Verkleijstraat,in Sassenheim,50 m,,â‚¬ 105,p/m | excl. g/w/e,Kaal,04-09-2021,2 dagen geleden geplaatst,https://kamernet.nl/huren/kamer-sassenheim/arend-verkleijstraat/kamer-1985170,"{'Woonkamer': ' Onbekend ', 'Keuken': ' Onbekend ', 'Badkamer': ' Onbekend ', 'Toilet': ' Onbekend ', 'Internet': ' Onbekend ', 'Energielabel': ' Onbekend ', 'Huisgenoten': '  Onbekend  ', 'Geslacht': ' Onbekend ', 'Huisdieren': ' In overleg '}",
Spaarndamseweg,in Haarlem,12 m,Totale oppervlakte: 20 m 2,â‚¬ 400,p/m | incl. g/w/e,Gestoffeerd,11-09-2021,2 dagen geleden geplaatst,https://kamernet.nl/huren/kamer-haarlem/spaarndamseweg/kamer-1981625,"{'Woonkamer': ' Geen ', 'Keuken': ' Eigen ', 'Badkamer': ' Gedeeld ', 'Toilet': ' Gedeeld ', 'Internet': ' Ja ', 'Energielabel': ' Onbekend ', 'Huisgenoten': '  2 ', 'Geslacht': ' Vrouw ', 'Huisdieren': ' Nee '}",
M.P. Lindostraat,in Utrecht,30 m,Totaal 2 kamers (1 slaapkamer) ,â‚¬ 850,p/m | incl. g/w/e,Kaal,06-09-2021 tot 07-09-2023,2 dagen geleden geplaatst,https://kamernet.nl/huren/studio-utrecht/m.p.-lindostraat/studio-1985204,"{'Woonkamer': ' Eigen ', 'Keuken': ' Eigen ', 'Badkamer': ' Eigen ', 'Toilet': ' Eigen ', 'Internet': ' Ja ', 'Energielabel': ' Onbekend ', 'Huisdieren': ' Nee '}",
Pieter van der Werfstraat,in Amsterdam,10 m,,â‚¬ 500,p/m | incl. g/w/e,Gemeubileerd,01-10-2021 tot 30-09-2022,2 dagen geleden geplaatst,https://kamernet.nl/huren/studio-amsterdam/pieter-van-der-werfstraat/studio-1985185,"{'Woonkamer': ' Gedeeld ', 'Keuken': ' Gedeeld ', 'Badkamer': ' Gedeeld ', 'Toilet': ' Gedeeld ', 'Internet': ' Ja ', 'Energielabel': ' Onbekend ', 'Huisdieren': ' Nee '}",
Matrozenhof,in Amsterdam,60 m,,â‚¬ 1500,p/m | excl. g/w/e,Gemeubileerd,01-10-2021,2 dagen geleden geplaatst,https://kamernet.nl/huren/appartement-amsterdam/matrozenhof/appartement-1985181,"{'Woonkamer': ' Onbekend ', 'Keuken': ' Onbekend ', 'Badkamer': ' Onbekend ', 'Toilet': ' Onbekend ', 'Internet': ' Ja ', 'Energielabel': ' Onbekend ', 'Huisdieren': ' In overleg '}",
Prinsengracht,in Amsterdam,25 m,,â‚¬ 1200,p/m | incl. g/w/e,Gemeubileerd,04-09-2021,2 dagen geleden geplaatst,https://kamernet.nl/huren/studio-amsterdam/prinsengracht/studio-1985229,"{'Woonkamer': ' Eigen ', 'Keuken': ' Eigen ', 'Badkamer': ' Eigen ', 'Toilet': ' Eigen ', 'Internet': ' Ja ', 'Energielabel': ' Onbekend ', 'Huisdieren': ' Nee '}",
Kanaalstraat,in Enschede,13 m,,â‚¬ 300,p/m | incl. g/w/e,Gestoffeerd,01-10-2021,2 dagen geleden geplaatst,https://kamernet.nl/huren/kamer-enschede/kanaalstraat/kamer-1985225,"{'Woonkamer': ' Gedeeld ', 'Keuken': ' Gedeeld ', 'Badkamer': ' Gedeeld ', 'Toilet': ' Gedeeld ', 'Internet': ' Ja ', 'Energielabel': ' Onbekend ', 'Huisgenoten': '  6 ', 'Geslacht': ' Vrouw ', 'Huisdieren': ' Nee '}",
Mariastraat,in Apeldoorn,16 m,,â‚¬ 290,p/m | incl. g/w/e,Kaal,27-09-2021,2 dagen geleden geplaatst,https://kamernet.nl/huren/kamer-apeldoorn/mariastraat/kamer-1984703,"{'Woonkamer': ' Gedeeld ', 'Keuken': ' Gedeeld ', 'Badkamer': ' Gedeeld ', 'Toilet': ' Gedeeld ', 'Internet': ' Ja ', 'Energielabel': ' Onbekend ', 'Huisgenoten': '  Onbekend  ', 'Geslacht': ' Onbekend ', 'Huisdieren': ' Nee '}",
Bisschop Zwijsenstraat,in Tilburg,70 m,Totaal 2 kamers,â‚¬ 1199,p/m | excl. g/w/e,Gestoffeerd,01-10-2021,2 dagen geleden geplaatst,https://kamernet.nl/huren/appartement-tilburg/bisschop-zwijsenstraat/appartement-1985175,"{'Woonkamer': ' Onbekend ', 'Keuken': ' Onbekend ', 'Badkamer': ' Onbekend ', 'Toilet': ' Onbekend ', 'Internet': ' Onbekend ', 'Energielabel': ' Onbekend ', 'Huisdieren': ' In overleg '}",
J.G. Suurhoffstraat,in Amsterdam,15 m,Totale oppervlakte: 60 m 2,â‚¬ 725,p/m | incl. g/w/e,Gemeubileerd,04-09-2021,2 dagen geleden geplaatst,https://kamernet.nl/huren/kamer-amsterdam/j.g.-suurhoffstraat/kamer-1985256,"{'Woonkamer': ' Gedeeld ', 'Keuken': ' Gedeeld ', 'Badkamer': ' Gedeeld ', 'Toilet': ' Gedeeld ', 'Internet': ' Ja ', 'Energielabel': ' Onbekend ', 'Huisgenoten': '  3 ', 'Geslacht': ' Gemengd ', 'Huisdieren': ' Nee '}",
Klaverstraat,in Tilburg,79 m,Totaal 4 kamers,â‚¬ 1250,p/m | excl. g/w/e,Onbekend,04-09-2021,3 dagen geleden geplaatst,https://kamernet.nl/huren/appartement-tilburg/klaverstraat/appartement-1985173,"{'Woonkamer': ' Onbekend ', 'Keuken': ' Onbekend ', 'Badkamer': ' Onbekend ', 'Toilet': ' Onbekend ', 'Internet': ' Onbekend ', 'Energielabel': ' Onbekend ', 'Huisdieren': ' Nee '}",
Thomas van Kempenstraat,in Tilburg,34 m,,â‚¬ 830,p/m | excl. g/w/e,Onbekend,04-09-2021,3 dagen geleden geplaatst,https://kamernet.nl/huren/kamer-tilburg/thomas-van-kempenstraat/kamer-1985172,"{'Woonkamer': ' Onbekend ', 'Keuken': ' Onbekend ', 'Badkamer': ' Onbekend ', 'Toilet': ' Onbekend ', 'Internet': ' Onbekend ', 'Energielabel': ' Onbekend ', 'Huisgenoten': '  Onbekend  ', 'Geslacht': ' Onbekend ', 'Huisdieren': ' Nee '}",
Doddendaal,in Amsterdam,18 m,,â‚¬ 670,p/m | incl. g/w/e,Kaal,04-09-2021 tot 01-07-2022,3 dagen geleden geplaatst,https://kamernet.nl/huren/kamer-amsterdam/doddendaal/kamer-1985161,"{'Woonkamer': ' Geen ', 'Keuken': ' Gedeeld ', 'Badkamer': ' Gedeeld ', 'Toilet': ' Gedeeld ', 'Internet': ' Ja ', 'Energielabel': ' Onbekend ', 'Huisgenoten': '  1 ', 'Geslacht': ' Man ', 'Huisdieren': ' Nee '}",
Rompert Park,in Den Bosch,35 m,,â‚¬ 500,p/m | incl. g/w/e,Kaal,04-09-2021,2 dagen geleden geplaatst,https://kamernet.nl/huren/studio-den-bosch/rompert-park/studio-1985257,"{'Woonkamer': ' Eigen ', 'Keuken': ' Eigen ', 'Badkamer': ' Eigen ', 'Toilet': ' Eigen ', 'Internet': ' Ja ', 'Energielabel': ' Onbekend ', 'Huisdieren': ' Nee '}",
Hommelseweg,in Arnhem,35 m,Totaal 1 kamer,â‚¬ 795,p/m | incl. g/w/e,Gestoffeerd,04-09-2021,2 dagen geleden geplaatst,https://kamernet.nl/huren/appartement-arnhem/hommelseweg/appartement-1985211,"{'Woonkamer': ' Onbekend ', 'Keuken': ' Onbekend ', 'Badkamer': ' Onbekend ', 'Toilet': ' Onbekend ', 'Internet': ' Onbekend ', 'Energielabel': ' Onbekend ', 'Huisdieren': ' In overleg '}",
Nieuweburen,in Leeuwarden,182 m,,â‚¬ 1150,p/m | incl. g/w/e,Gestoffeerd,04-09-2021,2 dagen geleden geplaatst,https://kamernet.nl/huren/appartement-leeuwarden/nieuweburen/appartement-1985258,"{'Woonkamer': ' Gedeeld ', 'Keuken': ' Gedeeld ', 'Badkamer': ' Gedeeld ', 'Toilet': ' Gedeeld ', 'Internet': ' Nee ', 'Energielabel': ' Onbekend ', 'Huisdieren': ' Nee '}",
Kelders,in Leeuwarden,65 m,,â‚¬ 1000,p/m | excl. g/w/e,Gestoffeerd,09-09-2021,2 dagen geleden geplaatst,https://kamernet.nl/huren/appartement-leeuwarden/kelders/appartement-1985166,"{'Woonkamer': ' Geen ', 'Keuken': ' Eigen ', 'Badkamer': ' Eigen ', 'Toilet': ' Eigen ', 'Internet': ' Nee ', 'Energielabel': ' Onbekend ', 'Huisdieren': ' Nee '}",
Sientje van Houtenlaan,in Enschede,10 m,,â‚¬ 300,p/m | incl. g/w/e,Gestoffeerd,01-10-2021,3 dagen geleden geplaatst,https://kamernet.nl/huren/kamer-enschede/sientje-van-houtenlaan/kamer-1985184,"{'Woonkamer': ' Gedeeld ', 'Keuken': ' Gedeeld ', 'Badkamer': ' Gedeeld ', 'Toilet': ' Gedeeld ', 'Internet': ' Ja ', 'Energielabel': ' Onbekend ', 'Huisgenoten': '  7 ', 'Geslacht': ' Gemengd ', 'Huisdieren': ' Nee '}",
Vinkenlaan,in Noordwijk,15 m,,â‚¬ 450,p/m | incl. g/w/e,Gemeubileerd,17-09-2021 tot 18-02-2022,3 dagen geleden geplaatst,https://kamernet.nl/huren/kamer-noordwijk/vinkenlaan/kamer-1985180,"{'Woonkamer': ' Geen ', 'Keuken': ' Eigen ', 'Badkamer': ' Gedeeld ', 'Toilet': ' Gedeeld ', 'Internet': ' Ja ', 'Energielabel': ' Onbekend ', 'Huisgenoten': '  2 ', 'Geslacht': ' Gemengd ', 'Huisdieren': ' Nee '}",
Carel Willinkgracht,in Diemen,27 m,Totaal 2 kamers (1 slaapkamer) ,â‚¬ 960,p/m | excl. g/w/e,Gemeubileerd,01-11-2021,3 dagen geleden geplaatst,https://kamernet.nl/huren/appartement-diemen/carel-willinkgracht/appartement-1985135,"{'Woonkamer': ' Eigen ', 'Keuken': ' Eigen ', 'Badkamer': ' Eigen ', 'Toilet': ' Eigen ', 'Internet': ' Ja ', 'Energielabel': ' A ', 'Huisdieren': ' Nee '}",
St. Gangulphusplein,in Arnhem,8 m,Totale oppervlakte: 70 m 2,â‚¬ 250,p/m | incl. g/w/e,Gestoffeerd,03-09-2021,3 dagen geleden geplaatst,https://kamernet.nl/huren/kamer-arnhem/st.-gangulphusplein/kamer-1985142,"{'Woonkamer': ' Geen ', 'Keuken': ' Gedeeld ', 'Badkamer': ' Gedeeld ', 'Toilet': ' Gedeeld ', 'Internet': ' Ja ', 'Energielabel': ' D ', 'Huisgenoten': '  3 ', 'Geslacht': ' Gemengd ', 'Huisdieren': ' Nee '}",
Granidastraat,in Amsterdam,12 m,Totale oppervlakte: 62 m 2,â‚¬ 800,p/m | incl. g/w/e,Gemeubileerd,01-10-2021,3 dagen geleden geplaatst,https://kamernet.nl/huren/kamer-amsterdam/granidastraat/kamer-1985061,"{'Woonkamer': ' Gedeeld ', 'Keuken': ' Gedeeld ', 'Badkamer': ' Gedeeld ', 'Toilet': ' Gedeeld ', 'Internet': ' Ja ', 'Energielabel': ' Onbekend ', 'Huisgenoten': '  2 ', 'Geslacht': ' Gemengd ', 'Huisdieren': ' Nee '}",
Octant,in Almere,15 m,,â‚¬ 500,p/m | incl. g/w/e,Gemeubileerd,04-09-2021,2 dagen geleden geplaatst,https://kamernet.nl/huren/kamer-almere/octant/kamer-1985205,"{'Woonkamer': ' Gedeeld ', 'Keuken': ' Gedeeld ', 'Badkamer': ' Gedeeld ', 'Toilet': ' Gedeeld ', 'Internet': ' Ja ', 'Energielabel': ' Onbekend ', 'Huisgenoten': '  1 ', 'Geslacht': ' Onbekend ', 'Huisdieren': ' Nee '}",
Euterpeplein,in Amersfoort,15 m,,â‚¬ 500,p/m | incl. g/w/e,Kaal,06-09-2021,2 dagen geleden geplaatst,https://kamernet.nl/huren/kamer-amersfoort/euterpeplein/kamer-1985250,"{'Woonkamer': ' Geen ', 'Keuken': ' Eigen ', 'Badkamer': ' Gedeeld ', 'Toilet': ' Gedeeld ', 'Internet': ' Ja ', 'Energielabel': ' Onbekend ', 'Huisgenoten': '  3 ', 'Geslacht': ' Vrouw ', 'Huisdieren': ' Nee '}",
J.C. Kapteynlaan,in Groningen,21 m,,â‚¬ 417,p/m | incl. g/w/e,Gemeubileerd,18-09-2021 tot 19-11-2021,2 dagen geleden geplaatst,https://kamernet.nl/huren/kamer-groningen/j.c.-kapteynlaan/kamer-1985244,"{'Woonkamer': ' Geen ', 'Keuken': ' Gedeeld ', 'Badkamer': ' Gedeeld ', 'Toilet': ' Gedeeld ', 'Internet': ' Ja ', 'Energielabel': ' Onbekend ', 'Huisgenoten': '  3 ', 'Geslacht': ' Gemengd ', 'Huisdieren': ' Nee '}",
Oeverpad,in Amsterdam,12 m,,â‚¬ 850,p/m | incl. g/w/e,Gestoffeerd,04-09-2021,2 dagen geleden geplaatst,https://kamernet.nl/huren/appartement-amsterdam/oeverpad/appartement-1985254,"{'Woonkamer': ' Gedeeld ', 'Keuken': ' Gedeeld ', 'Badkamer': ' Gedeeld ', 'Toilet': ' Gedeeld ', 'Internet': ' Ja ', 'Energielabel': ' Onbekend ', 'Huisdieren': ' Nee '}",
Von Geusaustraat,in Voorburg,36 m,,â‚¬ 795,p/m | incl. g/w/e,Gemeubileerd,04-09-2021,2 dagen geleden geplaatst,https://kamernet.nl/huren/kamer-voorburg/von-geusaustraat/kamer-1985234,"{'Woonkamer': ' Geen ', 'Keuken': ' Gedeeld ', 'Badkamer': ' Gedeeld ', 'Toilet': ' Gedeeld ', 'Internet': ' Ja ', 'Energielabel': ' Onbekend ', 'Huisgenoten': '  3 ', 'Geslacht': ' Man ', 'Huisdieren': ' Nee '}",
Cesar Franckstraat,in Delft,17 m,Totale oppervlakte: 30 m 2,â‚¬ 377,p/m | excl. g/w/e,Gestoffeerd,19-09-2021,2 dagen geleden geplaatst,https://kamernet.nl/huren/kamer-delft/cesar-franckstraat/kamer-1985251,"{'Woonkamer': ' Gedeeld ', 'Keuken': ' Gedeeld ', 'Badkamer': ' Gedeeld ', 'Toilet': ' Gedeeld ', 'Internet': ' Ja ', 'Energielabel': ' Onbekend ', 'Huisgenoten': '  2 ', 'Geslacht': ' Man ', 'Huisdieren': ' Nee '}",
Meester Cornelisstraat,in Haarlem,42 m,Totaal 2 kamers (1 slaapkamer) ,â‚¬ 875,p/m | incl. g/w/e,Gemeubileerd,06-09-2021 tot 31-01-2022,2 dagen geleden geplaatst,https://kamernet.nl/huren/appartement-haarlem/meester-cornelisstraat/appartement-1985238,"{'Woonkamer': ' Eigen ', 'Keuken': ' Eigen ', 'Badkamer': ' Eigen ', 'Toilet': ' Eigen ', 'Internet': ' Ja ', 'Energielabel': ' Onbekend ', 'Huisdieren': ' In overleg '}",
Oostsingel,in Delft,80 m,Totaal 4 kamers (3 slaapkamers) ,â‚¬ 1575,p/m | excl. g/w/e,Gestoffeerd,08-10-2021,2 dagen geleden geplaatst,https://kamernet.nl/huren/appartement-delft/oostsingel/appartement-1985241,"{'Woonkamer': ' Eigen ', 'Keuken': ' Eigen ', 'Badkamer': ' Eigen ', 'Toilet': ' Eigen ', 'Internet': ' Ja ', 'Energielabel': ' Onbekend ', 'Huisdieren': ' Nee '}",
Franselaan,in Rotterdam,18 m,,â‚¬ 400,p/m | incl. g/w/e,Kaal,07-12-2020,2 dagen geleden geplaatst,https://kamernet.nl/huren/kamer-rotterdam/franselaan/kamer-1879778,"{'Woonkamer': ' Eigen ', 'Keuken': ' Gedeeld ', 'Badkamer': ' Gedeeld ', 'Toilet': ' Gedeeld ', 'Internet': ' Ja ', 'Energielabel': ' Onbekend ', 'Huisgenoten': '  2 ', 'Geslacht': ' Gemengd ', 'Huisdieren': ' Nee '}",
Haageinderhof,in Valkenswaard,80 m,Totaal 2 kamers,â‚¬ 995,p/m | excl. g/w/e,Gestoffeerd,06-09-2021,3 dagen geleden geplaatst,https://kamernet.nl/huren/appartement-valkenswaard/haageinderhof/appartement-1985178,"{'Woonkamer': ' Onbekend ', 'Keuken': ' Onbekend ', 'Badkamer': ' Onbekend ', 'Toilet': ' Onbekend ', 'Internet': ' Onbekend ', 'Energielabel': ' Onbekend ', 'Huisdieren': ' Nee '}",
Jan van Scorelstraat,in Utrecht,50 m,Totaal 1 kamer (1 slaapkamer) ,â‚¬ 1000,p/m | excl. g/w/e,Gemeubileerd,01-11-2021 tot 01-07-2022,2 dagen geleden geplaatst,https://kamernet.nl/huren/appartement-utrecht/jan-van-scorelstraat/appartement-1985266,"{'Woonkamer': ' Eigen ', 'Keuken': ' Eigen ', 'Badkamer': ' Eigen ', 'Toilet': ' Eigen ', 'Internet': ' Ja ', 'Energielabel': ' D ', 'Huisdieren': ' Nee '}",
Professor Huijbersstraat,in Nijmegen,50 m,Totaal 4 kamers (2 slaapkamers) ,â‚¬ 800,p/m | incl. g/w/e,Gemeubileerd,10-10-2021 tot 10-02-2022,2 dagen geleden geplaatst,https://kamernet.nl/huren/appartement-nijmegen/professor-huijbersstraat/appartement-1985138,"{'Woonkamer': ' Eigen ', 'Keuken': ' Eigen ', 'Badkamer': ' Eigen ', 'Toilet': ' Eigen ', 'Internet': ' Ja ', 'Energielabel': ' Onbekend ', 'Huisdieren': ' In overleg '}",
Rozenstraat,in Hilversum,18 m,,â‚¬ 755,p/m | incl. g/w/e,Gestoffeerd,04-09-2021,2 dagen geleden geplaatst,https://kamernet.nl/huren/studio-hilversum/rozenstraat/studio-1985283,"{'Woonkamer': ' Geen ', 'Keuken': ' Eigen ', 'Badkamer': ' Eigen ', 'Toilet': ' Eigen ', 'Internet': ' Ja ', 'Energielabel': ' Onbekend ', 'Huisdieren': ' Nee '}",
Minckelersstraat,in Hilversum,20 m,,â‚¬ 506,p/m | incl. g/w/e,Kaal,01-10-2021,2 dagen geleden geplaatst,https://kamernet.nl/huren/kamer-hilversum/minckelersstraat/kamer-1985288,"{'Woonkamer': ' Gedeeld ', 'Keuken': ' Gedeeld ', 'Badkamer': ' Gedeeld ', 'Toilet': ' Gedeeld ', 'Internet': ' Ja ', 'Energielabel': ' Onbekend ', 'Huisgenoten': '  Meer dan 8 ', 'Geslacht': ' Gemengd ', 'Huisdieren': ' Nee '}",
Berkelstraat,in Almere,20 m,Totaal 1 kamer (1 slaapkamer) ,â‚¬ 675,p/m | incl. g/w/e,Gestoffeerd,04-09-2021,3 dagen geleden geplaatst,https://kamernet.nl/huren/studio-almere/berkelstraat/studio-1985196,"{'Woonkamer': ' Eigen ', 'Keuken': ' Eigen ', 'Badkamer': ' Eigen ', 'Toilet': ' Eigen ', 'Internet': ' Onbekend ', 'Energielabel': ' B ', 'Huisdieren': ' In overleg '}",
Ternatestraat,in Delft,6 m,,â‚¬ 300,p/m | incl. g/w/e,Gestoffeerd,04-09-2021,2 dagen geleden geplaatst,https://kamernet.nl/huren/kamer-delft/ternatestraat/kamer-1985284,"{'Woonkamer': ' Gedeeld ', 'Keuken': ' Gedeeld ', 'Badkamer': ' Gedeeld ', 'Toilet': ' Gedeeld ', 'Internet': ' Ja ', 'Energielabel': ' Onbekend ', 'Huisgenoten': '  4  ', 'Geslacht': ' Gemengd ', 'Huisdieren': ' Nee '}",
Schoeplaan,in Den Haag,14 m,Totale oppervlakte: 77 m 2,â‚¬ 350,p/m | incl. g/w/e,Kaal,01-10-2021 tot 29-02-2024,2 dagen geleden geplaatst,https://kamernet.nl/huren/kamer-den-haag/schoeplaan/kamer-1985273,"{'Woonkamer': ' Geen ', 'Keuken': ' Gedeeld ', 'Badkamer': ' Gedeeld ', 'Toilet': ' Gedeeld ', 'Internet': ' Ja ', 'Energielabel': ' C ', 'Huisgenoten': '  2 ', 'Geslacht': ' Gemengd ', 'Huisdieren': ' Nee '}",
Loosduinenstraat,in Amsterdam,11 m,Totale oppervlakte: 103 m 2,â‚¬ 780,p/m | incl. g/w/e,Gemeubileerd,13-09-2021,2 dagen geleden geplaatst,https://kamernet.nl/huren/kamer-amsterdam/loosduinenstraat/kamer-1985264,"{'Woonkamer': ' Gedeeld ', 'Keuken': ' Gedeeld ', 'Badkamer': ' Gedeeld ', 'Toilet': ' Gedeeld ', 'Internet': ' Ja ', 'Energielabel': ' A ', 'Huisgenoten': '  2 ', 'Geslacht': ' Gemengd ', 'Huisdieren': ' Nee '}",
Utrechtsestraat,in Amsterdam,15 m,,â‚¬ 690,p/m | incl. g/w/e,Gemeubileerd,06-07-2021,2 dagen geleden geplaatst,https://kamernet.nl/huren/kamer-amsterdam/utrechtsestraat/kamer-1969308,"{'Woonkamer': ' Geen ', 'Keuken': ' Eigen ', 'Badkamer': ' Gedeeld ', 'Toilet': ' Gedeeld ', 'Internet': ' Ja ', 'Energielabel': ' Onbekend ', 'Huisgenoten': '  2 ', 'Geslacht': ' Vrouw ', 'Huisdieren': ' Nee '}",
Hildebranddreef,in Utrecht,15 m,,â‚¬ 500,p/m | incl. g/w/e,Gestoffeerd,24-08-2021,2 dagen geleden geplaatst,https://kamernet.nl/huren/kamer-utrecht/hildebranddreef/kamer-1985267,"{'Woonkamer': ' Geen ', 'Keuken': ' Gedeeld ', 'Badkamer': ' Gedeeld ', 'Toilet': ' Gedeeld ', 'Internet': ' Ja ', 'Energielabel': ' Onbekend ', 'Huisgenoten': '  1 ', 'Geslacht': ' Onbekend ', 'Huisdieren': ' Nee '}",
Havikskruid,in Kampen,8 m,,â‚¬ 300,p/m | incl. g/w/e,Gestoffeerd,25-09-2021,2 dagen geleden geplaatst,https://kamernet.nl/huren/kamer-kampen/havikskruid/kamer-1985309,"{'Woonkamer': ' Geen ', 'Keuken': ' Gedeeld ', 'Badkamer': ' Gedeeld ', 'Toilet': ' Gedeeld ', 'Internet': ' Ja ', 'Energielabel': ' Onbekend ', 'Huisgenoten': '  2 ', 'Geslacht': ' Man ', 'Huisdieren': ' Nee '}",
Jacques Veltmanstraat,in Amsterdam,12 m,,â‚¬ 825,p/m | excl. g/w/e,Gemeubileerd,15-09-2021,2 dagen geleden geplaatst,https://kamernet.nl/huren/kamer-amsterdam/jacques-veltmanstraat/kamer-1985325,"{'Woonkamer': ' Gedeeld ', 'Keuken': ' Gedeeld ', 'Badkamer': ' Gedeeld ', 'Toilet': ' Gedeeld ', 'Internet': ' Onbekend ', 'Energielabel': ' Onbekend ', 'Huisgenoten': '  Onbekend  ', 'Geslacht': ' Onbekend ', 'Huisdieren': ' Nee '}",
Duinweg,in Noordwijk,60 m,,â‚¬ 1795,p/m | excl. g/w/e,Gemeubileerd,01-11-2021,2 dagen geleden geplaatst,https://kamernet.nl/huren/appartement-noordwijk/duinweg/appartement-1985334,"{'Woonkamer': ' Onbekend ', 'Keuken': ' Onbekend ', 'Badkamer': ' Onbekend ', 'Toilet': ' Onbekend ', 'Internet': ' Onbekend ', 'Energielabel': ' Onbekend ', 'Huisdieren': ' Nee '}",
Rijksstraatweg,in Haarlem,20 m,Totaal 1 kamer (1 slaapkamer) ,â‚¬ 815,p/m | incl. g/w/e,Gestoffeerd,01-10-2021,2 dagen geleden geplaatst,https://kamernet.nl/huren/studio-haarlem/rijksstraatweg/studio-1985327,"{'Woonkamer': ' Eigen ', 'Keuken': ' Eigen ', 'Badkamer': ' Eigen ', 'Toilet': ' Eigen ', 'Internet': ' Ja ', 'Energielabel': ' C ', 'Huisdieren': ' Nee '}",
Duinweg,in Noordwijk,59 m,,â‚¬ 1099,p/m | excl. g/w/e,Gemeubileerd,01-11-2021,2 dagen geleden geplaatst,https://kamernet.nl/huren/appartement-noordwijk/duinweg/appartement-1985335,"{'Woonkamer': ' Onbekend ', 'Keuken': ' Onbekend ', 'Badkamer': ' Onbekend ', 'Toilet': ' Onbekend ', 'Internet': ' Onbekend ', 'Energielabel': ' Onbekend ', 'Huisdieren': ' Nee '}",
Pracanalaan,in Amsterdam,25 m,Totaal 1 kamer (1 slaapkamer) ,â‚¬ 595,p/m | incl. g/w/e,Gemeubileerd,01-10-2021,2 dagen geleden geplaatst,https://kamernet.nl/huren/studio-amsterdam/pracanalaan/studio-1985320,"{'Woonkamer': ' Eigen ', 'Keuken': ' Eigen ', 'Badkamer': ' Eigen ', 'Toilet': ' Eigen ', 'Internet': ' Ja ', 'Energielabel': ' Onbekend ', 'Huisdieren': ' Nee '}",
Nijenrodeweg,in Rotterdam,15 m,Totale oppervlakte: 80 m 2,â‚¬ 750,p/m | incl. g/w/e,Gemeubileerd,05-09-2021,2 dagen geleden geplaatst,https://kamernet.nl/huren/kamer-rotterdam/nijenrodeweg/kamer-1985322,"{'Woonkamer': ' Gedeeld ', 'Keuken': ' Gedeeld ', 'Badkamer': ' Gedeeld ', 'Toilet': ' Gedeeld ', 'Internet': ' Ja ', 'Energielabel': ' Onbekend ', 'Huisgenoten': '  1 ', 'Geslacht': ' Man ', 'Huisdieren': ' Nee '}",
Twellostraat,in Amsterdam,9 m,,â‚¬ 500,p/m | incl. g/w/e,Kaal,01-10-2021,2 dagen geleden geplaatst,https://kamernet.nl/huren/kamer-amsterdam/twellostraat/kamer-1985294,"{'Woonkamer': ' Gedeeld ', 'Keuken': ' Gedeeld ', 'Badkamer': ' Gedeeld ', 'Toilet': ' Gedeeld ', 'Internet': ' Nee ', 'Energielabel': ' Onbekend ', 'Huisgenoten': '  4  ', 'Geslacht': ' Vrouw ', 'Huisdieren': ' Nee '}",
Telderslaan,in Utrecht,6 m,,â‚¬ 450,p/m | incl. g/w/e,Gestoffeerd,01-10-2021,2 dagen geleden geplaatst,https://kamernet.nl/huren/kamer-utrecht/telderslaan/kamer-1985278,"{'Woonkamer': ' Gedeeld ', 'Keuken': ' Gedeeld ', 'Badkamer': ' Gedeeld ', 'Toilet': ' Gedeeld ', 'Internet': ' Ja ', 'Energielabel': ' Onbekend ', 'Huisgenoten': '  2 ', 'Geslacht': ' Vrouw ', 'Huisdieren': ' Nee '}",
Hasseltstraat,in Tilburg,36 m,Totaal 1 kamer,â‚¬ 740,p/m | excl. g/w/e,Gemeubileerd,01-10-2021,2 dagen geleden geplaatst,https://kamernet.nl/huren/studio-tilburg/hasseltstraat/studio-1985338,"{'Woonkamer': ' Onbekend ', 'Keuken': ' Onbekend ', 'Badkamer': ' Onbekend ', 'Toilet': ' Onbekend ', 'Internet': ' Onbekend ', 'Energielabel': ' Onbekend ', 'Huisdieren': ' Nee '}",
Sarphatistraat,in Amsterdam,18 m,,â‚¬ 865,p/m | incl. g/w/e,Gemeubileerd,07-09-2021,3 uur geleden geplaatst,https://kamernet.nl/huren/kamer-amsterdam/sarphatistraat/kamer-1985576,"{'Woonkamer': ' Geen ', 'Keuken': ' Gedeeld ', 'Badkamer': ' Gedeeld ', 'Toilet': ' Gedeeld ', 'Internet': ' Ja ', 'Energielabel': ' Onbekend ', 'Huisgenoten': '  3 ', 'Geslacht': ' Gemengd ', 'Huisdieren': ' Nee '}",
E. Thomassen a Thuessinklaan,in Groningen,65 m,,â‚¬ 800,p/m | incl. g/w/e,Gemeubileerd,15-09-2021 tot 15-10-2021,3 uur geleden geplaatst,https://kamernet.nl/huren/appartement-groningen/e.-thomassen-a-thuessinklaan/appartement-1985605,"{'Woonkamer': ' Eigen ', 'Keuken': ' Eigen ', 'Badkamer': ' Eigen ', 'Toilet': ' Eigen ', 'Internet': ' Ja ', 'Energielabel': ' Onbekend ', 'Huisdieren': ' Nee '}",
Lange Leidsedwarsstraat,in Amsterdam,75 m,Totaal 4 kamers (2 slaapkamers) ,â‚¬ 1600,p/m | incl. g/w/e,Gemeubileerd,01-10-2021 tot 15-01-2022,Gisteren geplaatst,https://kamernet.nl/huren/appartement-amsterdam/lange-leidsedwarsstraat/appartement-1985420,"{'Woonkamer': ' Eigen ', 'Keuken': ' Eigen ', 'Badkamer': ' Eigen ', 'Toilet': ' Eigen ', 'Internet': ' Nee ', 'Energielabel': ' Onbekend ', 'Huisdieren': ' Nee '}",
Oude Rijn,in Leiden,14 m,,â‚¬ 300,p/m | incl. g/w/e,Gestoffeerd,01-10-2021,3 uur geleden geplaatst,https://kamernet.nl/huren/kamer-leiden/oude-rijn/kamer-1985649,"{'Woonkamer': ' Geen ', 'Keuken': ' Gedeeld ', 'Badkamer': ' Gedeeld ', 'Toilet': ' Gedeeld ', 'Internet': ' Ja ', 'Energielabel': ' Onbekend ', 'Huisgenoten': '  4  ', 'Geslacht': ' Vrouw ', 'Huisdieren': ' Nee '}",
Alard du Hamelstraat,in Eindhoven,20 m,,â‚¬ 449,p/m | excl. g/w/e,Gestoffeerd,10-09-2021,Gisteren geplaatst,https://kamernet.nl/huren/kamer-eindhoven/alard-du-hamelstraat/kamer-1985408,"{'Woonkamer': ' Geen ', 'Keuken': ' Gedeeld ', 'Badkamer': ' Gedeeld ', 'Toilet': ' Gedeeld ', 'Internet': ' Ja ', 'Energielabel': ' Onbekend ', 'Huisgenoten': '  2 ', 'Geslacht': ' Man ', 'Huisdieren': ' Nee '}",
De Heemstraat,in Den Haag,13 m,Totale oppervlakte: 72 m 2,â‚¬ 600,p/m | incl. g/w/e,Gestoffeerd,12-09-2021,Gisteren geplaatst,https://kamernet.nl/huren/kamer-den-haag/de-heemstraat/kamer-1985030,"{'Woonkamer': ' Onbekend ', 'Keuken': ' Onbekend ', 'Badkamer': ' Onbekend ', 'Toilet': ' Onbekend ', 'Internet': ' Ja ', 'Energielabel': ' Onbekend ', 'Huisgenoten': '  Onbekend  ', 'Geslacht': ' Onbekend ', 'Huisdieren': ' Nee '}",
De Heemstraat,in Den Haag,18 m,Totale oppervlakte: 72 m 2,â‚¬ 750,p/m | incl. g/w/e,Gestoffeerd,12-09-2021,Gisteren geplaatst,https://kamernet.nl/huren/kamer-den-haag/de-heemstraat/kamer-1985423,"{'Woonkamer': ' Geen ', 'Keuken': ' Gedeeld ', 'Badkamer': ' Gedeeld ', 'Toilet': ' Gedeeld ', 'Internet': ' Ja ', 'Energielabel': ' Onbekend ', 'Huisgenoten': '  Onbekend  ', 'Geslacht': ' Onbekend ', 'Huisdieren': ' Nee '}",
De Heemstraat,in Den Haag,11 m,Totale oppervlakte: 72 m 2,â‚¬ 600,p/m | incl. g/w/e,Gestoffeerd,12-09-2021,Gisteren geplaatst,https://kamernet.nl/huren/kamer-den-haag/de-heemstraat/kamer-1985421,"{'Woonkamer': ' Geen ', 'Keuken': ' Gedeeld ', 'Badkamer': ' Gedeeld ', 'Toilet': ' Gedeeld ', 'Internet': ' Ja ', 'Energielabel': ' Onbekend ', 'Huisgenoten': '  3 ', 'Geslacht': ' Gemengd ', 'Huisdieren': ' Nee '}",
Cornelis van Vollenhovenstraat,in Amsterdam,20 m,Totale oppervlakte: 70 m 2,â‚¬ 750,p/m | incl. g/w/e,Gemeubileerd,10-10-2021,Gisteren geplaatst,https://kamernet.nl/huren/kamer-amsterdam/cornelis-van-vollenhovenstraat/kamer-1984761,"{'Woonkamer': ' Eigen ', 'Keuken': ' Gedeeld ', 'Badkamer': ' Gedeeld ', 'Toilet': ' Gedeeld ', 'Internet': ' Ja ', 'Energielabel': ' Onbekend ', 'Huisgenoten': '  1 ', 'Geslacht': ' Man ', 'Huisdieren': ' Nee '}",
Korhaanstraat,in Rotterdam,20 m,Totale oppervlakte: 60 m 2,â‚¬ 700,p/m | incl. g/w/e,Gemeubileerd,06-09-2021,2 dagen geleden geplaatst,https://kamernet.nl/huren/kamer-rotterdam/korhaanstraat/kamer-1985274,"{'Woonkamer': ' Gedeeld ', 'Keuken': ' Gedeeld ', 'Badkamer': ' Eigen ', 'Toilet': ' Gedeeld ', 'Internet': ' Ja ', 'Energielabel': ' B ', 'Huisgenoten': '  1 ', 'Geslacht': ' Man ', 'Huisdieren': ' Nee '}",
Graslaan,in Arnhem,70 m,Totaal 3 kamers (1 slaapkamer) ,â‚¬ 850,p/m | excl. g/w/e,Gestoffeerd,12-09-2021,3 uur geleden geplaatst,https://kamernet.nl/huren/appartement-arnhem/graslaan/appartement-1985598,"{'Woonkamer': ' Eigen ', 'Keuken': ' Eigen ', 'Badkamer': ' Eigen ', 'Toilet': ' Eigen ', 'Internet': ' Ja ', 'Energielabel': ' A ', 'Huisdieren': ' Nee '}",
Minervalaan,in Apeldoorn,30 m,,â‚¬ 435,p/m | incl. g/w/e,Gestoffeerd,01-10-2021,Gisteren geplaatst,https://kamernet.nl/huren/studio-apeldoorn/minervalaan/studio-1985430,"{'Woonkamer': ' Eigen ', 'Keuken': ' Eigen ', 'Badkamer': ' Eigen ', 'Toilet': ' Eigen ', 'Internet': ' Ja ', 'Energielabel': ' Onbekend ', 'Huisdieren': ' Nee '}",
Nicolaas Ruychaverstraat,in Utrecht,9 m,,â‚¬ 430,p/m | incl. g/w/e,Gestoffeerd,15-10-2021,1 uur geleden geplaatst,https://kamernet.nl/huren/kamer-utrecht/nicolaas-ruychaverstraat/kamer-1986673,"{'Woonkamer': ' Gedeeld ', 'Keuken': ' Gedeeld ', 'Badkamer': ' Gedeeld ', 'Toilet': ' Gedeeld ', 'Internet': ' Ja ', 'Energielabel': ' Onbekend ', 'Huisgenoten': '  2 ', 'Geslacht': ' Vrouw ', 'Huisdieren': ' Nee '}",
Willem Noorlanderkade,in Amsterdam,30 m,Totale oppervlakte: 45 m 2,â‚¬ 1099,p/m | excl. g/w/e,Gemeubileerd,10-10-2021 tot 10-10-2022,0 uur geleden geplaatst,https://kamernet.nl/huren/kamer-amsterdam/willem-noorlanderkade/kamer-1986675,"{'Woonkamer': ' Eigen ', 'Keuken': ' Eigen ', 'Badkamer': ' Eigen ', 'Toilet': ' Eigen ', 'Internet': ' Ja ', 'Energielabel': ' Onbekend ', 'Huisgenoten': '  3 ', 'Geslacht': ' Onbekend ', 'Huisdieren': ' Nee '}",
Magneetveld,in Almere,45 m,Totaal 2 kamers (1 slaapkamer) ,â‚¬ 850,p/m | incl. g/w/e,Gemeubileerd,16-09-2021,Gisteren geplaatst,https://kamernet.nl/huren/studio-almere/magneetveld/studio-1985444,"{'Woonkamer': ' Eigen ', 'Keuken': ' Eigen ', 'Badkamer': ' Eigen ', 'Toilet': ' Eigen ', 'Internet': ' Ja ', 'Energielabel': ' Onbekend ', 'Huisdieren': ' Nee '}",
Tweede Hieronymus van Alphenstraat,in Gouda,14 m,,â‚¬ 625,p/m | incl. g/w/e,Gemeubileerd,05-09-2021,14 uur geleden geplaatst,https://kamernet.nl/huren/studio-gouda/tweede-hieronymus-van-alphenstraat/studio-1985429,"{'Woonkamer': ' Gedeeld ', 'Keuken': ' Gedeeld ', 'Badkamer': ' Gedeeld ', 'Toilet': ' Gedeeld ', 'Internet': ' Ja ', 'Energielabel': ' Onbekend ', 'Huisdieren': ' Nee '}",
Jacoba van Beierenlaan,in Delft,12 m,Totale oppervlakte: 150 m 2,â‚¬ 320,p/m | incl. g/w/e,Kaal,11-09-2021,2 uur geleden geplaatst,https://kamernet.nl/huren/kamer-delft/jacoba-van-beierenlaan/kamer-1985609,"{'Woonkamer': ' Gedeeld ', 'Keuken': ' Gedeeld ', 'Badkamer': ' Gedeeld ', 'Toilet': ' Gedeeld ', 'Internet': ' Ja ', 'Energielabel': ' Onbekend ', 'Huisgenoten': '  Meer dan 8 ', 'Geslacht': ' Gemengd ', 'Huisdieren': ' Nee '}",
Prof. Kohnstammstraat,in Utrecht,35 m,,â‚¬ 825,p/m | incl. g/w/e,Gestoffeerd,01-10-2021,14 uur geleden geplaatst,https://kamernet.nl/huren/studio-utrecht/prof.-kohnstammstraat/studio-1985445,"{'Woonkamer': ' Eigen ', 'Keuken': ' Eigen ', 'Badkamer': ' Eigen ', 'Toilet': ' Eigen ', 'Internet': ' Ja ', 'Energielabel': ' Onbekend ', 'Huisdieren': ' Nee '}",
Haparandaweg,in Amsterdam,14 m,Totale oppervlakte: 95 m 2,â‚¬ 995,p/m | incl. g/w/e,Gemeubileerd,01-10-2021,14 uur geleden geplaatst,https://kamernet.nl/huren/kamer-amsterdam/haparandaweg/kamer-1985443,"{'Woonkamer': ' Gedeeld ', 'Keuken': ' Gedeeld ', 'Badkamer': ' Gedeeld ', 'Toilet': ' Gedeeld ', 'Internet': ' Ja ', 'Energielabel': ' Onbekend ', 'Huisgenoten': '  1 ', 'Geslacht': ' Vrouw ', 'Huisdieren': ' Nee '}",
Galantstraat,in Amsterdam,11 m,,â‚¬ 800,p/m | incl. g/w/e,Gemeubileerd,01-11-2021 tot 01-11-2022,14 uur geleden geplaatst,https://kamernet.nl/huren/kamer-amsterdam/galantstraat/kamer-1985435,"{'Woonkamer': ' Gedeeld ', 'Keuken': ' Gedeeld ', 'Badkamer': ' Gedeeld ', 'Toilet': ' Gedeeld ', 'Internet': ' Ja ', 'Energielabel': ' Onbekend ', 'Huisgenoten': '  1 ', 'Geslacht': ' Man ', 'Huisdieren': ' Nee '}",
Dr. Leijdsstraat,in Haarlem,12 m,,â‚¬ 500,p/m | incl. g/w/e,Kaal,01-09-2021,13 uur geleden geplaatst,https://kamernet.nl/huren/kamer-haarlem/dr.-leijdsstraat/kamer-1985458,"{'Woonkamer': ' Geen ', 'Keuken': ' Gedeeld ', 'Badkamer': ' Gedeeld ', 'Toilet': ' Gedeeld ', 'Internet': ' Ja ', 'Energielabel': ' Onbekend ', 'Huisgenoten': '  3 ', 'Geslacht': ' Gemengd ', 'Huisdieren': ' Nee '}",
Koningin Emmakade,in Den Haag,11 m,,â‚¬ 568,p/m | incl. g/w/e,Kaal,03-10-2021,13 uur geleden geplaatst,https://kamernet.nl/huren/kamer-den-haag/koningin-emmakade/kamer-1985460,"{'Woonkamer': ' Gedeeld ', 'Keuken': ' Gedeeld ', 'Badkamer': ' Gedeeld ', 'Toilet': ' Gedeeld ', 'Internet': ' Ja ', 'Energielabel': ' Onbekend ', 'Huisgenoten': '  7 ', 'Geslacht': ' Man ', 'Huisdieren': ' Nee '}",
Brancusistraat,in Almere,24 m,,â‚¬ 550,p/m | incl. g/w/e,Gemeubileerd,15-09-2021 tot 01-01-2022,13 uur geleden geplaatst,https://kamernet.nl/huren/studio-almere/brancusistraat/studio-1985461,"{'Woonkamer': ' Gedeeld ', 'Keuken': ' Gedeeld ', 'Badkamer': ' Gedeeld ', 'Toilet': ' Gedeeld ', 'Internet': ' Ja ', 'Energielabel': ' A ', 'Huisdieren': ' Nee '}",
Het Maisveld,in Arnhem,17 m,Totaal 1 kamer (1 slaapkamer) ,â‚¬ 745,p/m | incl. g/w/e,Gemeubileerd,12-09-2021 tot 31-03-2022,11 uur geleden geplaatst,https://kamernet.nl/huren/studio-arnhem/het-maisveld/studio-1985501,"{'Woonkamer': ' Eigen ', 'Keuken': ' Eigen ', 'Badkamer': ' Eigen ', 'Toilet': ' Eigen ', 'Internet': ' Ja ', 'Energielabel': ' A ', 'Huisdieren': ' Nee '}",
Zilvermeeuwstraat,in Hilversum,12 m,,â‚¬ 385,p/m | incl. g/w/e,Gestoffeerd,11-09-2021 tot 01-10-2022,11 uur geleden geplaatst,https://kamernet.nl/huren/kamer-hilversum/zilvermeeuwstraat/kamer-1899477,"{'Woonkamer': ' Geen ', 'Keuken': ' Gedeeld ', 'Badkamer': ' Gedeeld ', 'Toilet': ' Gedeeld ', 'Internet': ' Ja ', 'Energielabel': ' Onbekend ', 'Huisgenoten': '  8  ', 'Geslacht': ' Gemengd ', 'Huisdieren': ' Nee '}",
Zaanstraat,in Amsterdam,56 m,Totaal 2 kamers (1 slaapkamer) ,â‚¬ 1650,p/m | excl. g/w/e,Gemeubileerd,06-09-2021 tot 31-03-2023,9 uur geleden geplaatst,https://kamernet.nl/huren/appartement-amsterdam/zaanstraat/appartement-1985539,"{'Woonkamer': ' Eigen ', 'Keuken': ' Eigen ', 'Badkamer': ' Eigen ', 'Toilet': ' Eigen ', 'Internet': ' Nee ', 'Energielabel': ' E ', 'Huisdieren': ' Nee '}",
Marktstraat,in Groningen,12 m,,â‚¬ 440,p/m | incl. g/w/e,Kaal,15-09-2021,11 uur geleden geplaatst,https://kamernet.nl/huren/kamer-groningen/marktstraat/kamer-1985516,"{'Woonkamer': ' Gedeeld ', 'Keuken': ' Gedeeld ', 'Badkamer': ' Gedeeld ', 'Toilet': ' Gedeeld ', 'Internet': ' Ja ', 'Energielabel': ' Onbekend ', 'Huisgenoten': '  6 ', 'Geslacht': ' Man ', 'Huisdieren': ' Nee '}",
Breudijk,in Harmelen,28 m,Totale oppervlakte: 100 m 2,â‚¬ 350,p/m | incl. g/w/e,Kaal,06-09-2021,8 uur geleden geplaatst,https://kamernet.nl/huren/kamer-harmelen/breudijk/kamer-1985500,"{'Woonkamer': ' Gedeeld ', 'Keuken': ' Gedeeld ', 'Badkamer': ' Gedeeld ', 'Toilet': ' Eigen ', 'Internet': ' Ja ', 'Energielabel': ' Onbekend ', 'Huisgenoten': '  1 ', 'Geslacht': ' Man ', 'Huisdieren': ' Nee '}",
Sarphatistraat,in Amsterdam,13 m,,â‚¬ 790,p/m | incl. g/w/e,Gemeubileerd,07-09-2021,3 uur geleden geplaatst,https://kamernet.nl/huren/kamer-amsterdam/sarphatistraat/kamer-1985585,"{'Woonkamer': ' Geen ', 'Keuken': ' Gedeeld ', 'Badkamer': ' Gedeeld ', 'Toilet': ' Gedeeld ', 'Internet': ' Ja ', 'Energielabel': ' Onbekend ', 'Huisgenoten': '  3 ', 'Geslacht': ' Gemengd ', 'Huisdieren': ' Nee '}",
Croesestraat,in Utrecht,37 m,Totaal 1 kamer (1 slaapkamer) ,â‚¬ 795,p/m | incl. g/w/e,Gestoffeerd,02-10-2021,9 uur geleden geplaatst,https://kamernet.nl/huren/studio-utrecht/croesestraat/studio-1985545,"{'Woonkamer': ' Eigen ', 'Keuken': ' Eigen ', 'Badkamer': ' Eigen ', 'Toilet': ' Eigen ', 'Internet': ' Ja ', 'Energielabel': ' Onbekend ', 'Huisdieren': ' Nee '}",
Werkhovenstraat,in Den Haag,40 m,Totale oppervlakte: 15 m 2,â‚¬ 800,p/m | incl. g/w/e,Gemeubileerd,01-10-2021,8 uur geleden geplaatst,https://kamernet.nl/huren/kamer-den-haag/werkhovenstraat/kamer-1985510,"{'Woonkamer': ' Eigen ', 'Keuken': ' Gedeeld ', 'Badkamer': ' Gedeeld ', 'Toilet': ' Gedeeld ', 'Internet': ' Ja ', 'Energielabel': ' D ', 'Huisgenoten': '  1 ', 'Geslacht': ' Man ', 'Huisdieren': ' Nee '}",
Meteorenweg,in Amsterdam,7 m,,â‚¬ 500,p/m | incl. g/w/e,Gemeubileerd,05-09-2021,2 dagen geleden geplaatst,https://kamernet.nl/huren/kamer-amsterdam/meteorenweg/kamer-1985339,"{'Woonkamer': ' Gedeeld ', 'Keuken': ' Gedeeld ', 'Badkamer': ' Gedeeld ', 'Toilet': ' Gedeeld ', 'Internet': ' Ja ', 'Energielabel': ' B ', 'Huisgenoten': '  3 ', 'Geslacht': ' Gemengd ', 'Huisdieren': ' Nee '}",
Ecrustraat,in Almere,13 m,,â‚¬ 540,p/m | incl. g/w/e,Gestoffeerd,01-10-2021,3 uur geleden geplaatst,https://kamernet.nl/huren/kamer-almere/ecrustraat/kamer-1985599,"{'Woonkamer': ' Gedeeld ', 'Keuken': ' Gedeeld ', 'Badkamer': ' Gedeeld ', 'Toilet': ' Gedeeld ', 'Internet': ' Ja ', 'Energielabel': ' Onbekend ', 'Huisgenoten': '  3 ', 'Geslacht': ' Onbekend ', 'Huisdieren': ' Nee '}",
Frederikstraat,in Groningen,16 m,,â‚¬ 390,p/m | incl. g/w/e,Gestoffeerd,01-10-2021,9 uur geleden geplaatst,https://kamernet.nl/huren/kamer-groningen/frederikstraat/kamer-1985541,"{'Woonkamer': ' Eigen ', 'Keuken': ' Eigen ', 'Badkamer': ' Gedeeld ', 'Toilet': ' Gedeeld ', 'Internet': ' Ja ', 'Energielabel': ' Onbekend ', 'Huisgenoten': '  4  ', 'Geslacht': ' Gemengd ', 'Huisdieren': ' Nee '}",
Loenermark,in Amsterdam,13 m,Totale oppervlakte: 35 m 2,â‚¬ 795,p/m | incl. g/w/e,Gestoffeerd,06-09-2021,13 uur geleden geplaatst,https://kamernet.nl/huren/kamer-amsterdam/loenermark/kamer-1985465,"{'Woonkamer': ' Geen ', 'Keuken': ' Gedeeld ', 'Badkamer': ' Gedeeld ', 'Toilet': ' Gedeeld ', 'Internet': ' Ja ', 'Energielabel': ' A ', 'Huisgenoten': '  1 ', 'Geslacht': ' Man ', 'Huisdieren': ' Nee '}",
Bagijnhof,in Delft,26 m,,â‚¬ 412,p/m | incl. g/w/e,Gestoffeerd,01-10-2021,13 uur geleden geplaatst,https://kamernet.nl/huren/kamer-delft/bagijnhof/kamer-1985473,"{'Woonkamer': ' Gedeeld ', 'Keuken': ' Gedeeld ', 'Badkamer': ' Gedeeld ', 'Toilet': ' Gedeeld ', 'Internet': ' Ja ', 'Energielabel': ' Onbekend ', 'Huisgenoten': '  Meer dan 8 ', 'Geslacht': ' Gemengd ', 'Huisdieren': ' Nee '}",
Lange Nieuwstraat,in Utrecht,68 m,Totaal 2 kamers (1 slaapkamer) ,â‚¬ 1100,p/m | incl. g/w/e,Gemeubileerd,01-10-2021 tot 01-01-2022,13 uur geleden geplaatst,https://kamernet.nl/huren/appartement-utrecht/lange-nieuwstraat/appartement-1985486,"{'Woonkamer': ' Eigen ', 'Keuken': ' Eigen ', 'Badkamer': ' Eigen ', 'Toilet': ' Eigen ', 'Internet': ' Ja ', 'Energielabel': ' Onbekend ', 'Huisdieren': ' Nee '}",
Middenweg,in Amsterdam,10 m,Totale oppervlakte: 63 m 2,â‚¬ 650,p/m | excl. g/w/e,Gemeubileerd,01-09-2021,13 uur geleden geplaatst,https://kamernet.nl/huren/kamer-amsterdam/middenweg/kamer-1984591,"{'Woonkamer': ' Gedeeld ', 'Keuken': ' Gedeeld ', 'Badkamer': ' Gedeeld ', 'Toilet': ' Gedeeld ', 'Internet': ' Ja ', 'Energielabel': ' Onbekend ', 'Huisgenoten': '  2 ', 'Geslacht': ' Man ', 'Huisdieren': ' Nee '}",
Spechtstraat,in de Lutte,10 m,Totale oppervlakte: 40 m 2,â‚¬ 300,p/m | incl. g/w/e,Gemeubileerd,06-09-2021,13 uur geleden geplaatst,https://kamernet.nl/huren/kamer-de-lutte/spechtstraat/kamer-1985464,"{'Woonkamer': ' Gedeeld ', 'Keuken': ' Gedeeld ', 'Badkamer': ' Gedeeld ', 'Toilet': ' Gedeeld ', 'Internet': ' Ja ', 'Energielabel': ' Onbekend ', 'Huisgenoten': '  1 ', 'Geslacht': ' Man ', 'Huisdieren': ' Nee '}",
Belgieplein,in Amsterdam,15 m,,â‚¬ 600,p/m | incl. g/w/e,Gestoffeerd,01-10-2021,13 uur geleden geplaatst,https://kamernet.nl/huren/kamer-amsterdam/belgieplein/kamer-1985466,"{'Woonkamer': ' Geen ', 'Keuken': ' Gedeeld ', 'Badkamer': ' Gedeeld ', 'Toilet': ' Gedeeld ', 'Internet': ' Ja ', 'Energielabel': ' Onbekend ', 'Huisgenoten': '  4  ', 'Geslacht': ' Gemengd ', 'Huisdieren': ' Nee '}",
Burgemeester Kuperusplein,in Heerenveen,16 m,Totale oppervlakte: 75 m 2,â‚¬ 300,p/m | incl. g/w/e,Gestoffeerd,15-09-2021,8 uur geleden geplaatst,https://kamernet.nl/huren/kamer-heerenveen/burgemeester-kuperusplein/kamer-1985518,"{'Woonkamer': ' Geen ', 'Keuken': ' Gedeeld ', 'Badkamer': ' Gedeeld ', 'Toilet': ' Gedeeld ', 'Internet': ' Ja ', 'Energielabel': ' Onbekend ', 'Huisgenoten': '  3 ', 'Geslacht': ' Vrouw ', 'Huisdieren': ' In overleg '}",
Damstraat,in Utrecht,30 m,Totaal 1 kamer (1 slaapkamer) ,â‚¬ 950,p/m | incl. g/w/e,Gestoffeerd,03-10-2021,13 uur geleden geplaatst,https://kamernet.nl/huren/studio-utrecht/damstraat/studio-1985472,"{'Woonkamer': ' Eigen ', 'Keuken': ' Eigen ', 'Badkamer': ' Eigen ', 'Toilet': ' Eigen ', 'Internet': ' Ja ', 'Energielabel': ' Onbekend ', 'Huisdieren': ' Nee '}",
Geuzenweg,in Hilversum,12 m,,â‚¬ 425,p/m | incl. g/w/e,Kaal,01-10-2021,13 uur geleden geplaatst,https://kamernet.nl/huren/kamer-hilversum/geuzenweg/kamer-1985484,"{'Woonkamer': ' Geen ', 'Keuken': ' Gedeeld ', 'Badkamer': ' Gedeeld ', 'Toilet': ' Gedeeld ', 'Internet': ' Nee ', 'Energielabel': ' Onbekend ', 'Huisgenoten': '  3 ', 'Geslacht': ' Gemengd ', 'Huisdieren': ' Nee '}",
Buitenwatersloot,in Delft,12 m,Totaal 1 kamer (1 slaapkamer) ,â‚¬ 650,p/m | excl. g/w/e,Gemeubileerd,01-10-2021 tot 30-09-2022,13 uur geleden geplaatst,https://kamernet.nl/huren/studio-delft/buitenwatersloot/studio-1985492,"{'Woonkamer': ' Eigen ', 'Keuken': ' Eigen ', 'Badkamer': ' Eigen ', 'Toilet': ' Eigen ', 'Internet': ' Ja ', 'Energielabel': ' E ', 'Huisdieren': ' Nee '}",
Petrus Campersingel,in Groningen,24 m,,â‚¬ 450,p/m | incl. g/w/e,Gemeubileerd,06-10-2021 tot 01-05-2022,13 uur geleden geplaatst,https://kamernet.nl/huren/kamer-groningen/petrus-campersingel/kamer-1985497,"{'Woonkamer': ' Geen ', 'Keuken': ' Gedeeld ', 'Badkamer': ' Gedeeld ', 'Toilet': ' Gedeeld ', 'Internet': ' Nee ', 'Energielabel': ' Onbekend ', 'Huisgenoten': '  4  ', 'Geslacht': ' Vrouw ', 'Huisdieren': ' Nee '}",
Korte Hofstraat,in Haarlem,25 m,Totale oppervlakte: 25 m 2,â‚¬ 400,p/m | excl. g/w/e,Kaal,01-10-2021 tot 01-10-2022,8 uur geleden geplaatst,https://kamernet.nl/huren/kamer-haarlem/korte-hofstraat/kamer-1985304,"{'Woonkamer': ' Eigen ', 'Keuken': ' Eigen ', 'Badkamer': ' Gedeeld ', 'Toilet': ' Gedeeld ', 'Internet': ' Ja ', 'Energielabel': ' Onbekend ', 'Huisgenoten': '  2 ', 'Geslacht': ' Gemengd ', 'Huisdieren': ' Nee '}",
Lindenlaan,in Huizen,43 m,Totaal 2 kamers (1 slaapkamer) ,â‚¬ 895,p/m | incl. g/w/e,Kaal,16-09-2021,13 uur geleden geplaatst,https://kamernet.nl/huren/appartement-huizen/lindenlaan/appartement-1985478,"{'Woonkamer': ' Eigen ', 'Keuken': ' Eigen ', 'Badkamer': ' Eigen ', 'Toilet': ' Eigen ', 'Internet': ' Nee ', 'Energielabel': ' Onbekend ', 'Huisdieren': ' Nee '}",
Polderstraat,in Rotterdam,91 m,Totaal 3 kamers,â‚¬ 1395,p/m | excl. g/w/e,Gestoffeerd,06-09-2021,12 uur geleden geplaatst,https://kamernet.nl/huren/appartement-rotterdam/polderstraat/appartement-1985507,"{'Woonkamer': ' Onbekend ', 'Keuken': ' Onbekend ', 'Badkamer': ' Onbekend ', 'Toilet': ' Onbekend ', 'Internet': ' Onbekend ', 'Energielabel': ' Onbekend ', 'Huisdieren': ' Nee '}",
Franklin D Rooseveltlaan,in Eindhoven,24 m,,â‚¬ 625,p/m | incl. g/w/e,Gestoffeerd,01-10-2021,8 uur geleden geplaatst,https://kamernet.nl/huren/kamer-eindhoven/franklin-d-rooseveltlaan/kamer-1985522,"{'Woonkamer': ' Eigen ', 'Keuken': ' Eigen ', 'Badkamer': ' Gedeeld ', 'Toilet': ' Gedeeld ', 'Internet': ' Ja ', 'Energielabel': ' Onbekend ', 'Huisgenoten': '  1 ', 'Geslacht': ' Vrouw ', 'Huisdieren': ' Nee '}",
Sint Janslaan,in Bussum,35 m,Totaal 1 kamer,â‚¬ 795,p/m | incl. g/w/e,Gestoffeerd,06-09-2021,12 uur geleden geplaatst,https://kamernet.nl/huren/appartement-bussum/sint-janslaan/appartement-1985508,"{'Woonkamer': ' Onbekend ', 'Keuken': ' Onbekend ', 'Badkamer': ' Onbekend ', 'Toilet': ' Onbekend ', 'Internet': ' Onbekend ', 'Energielabel': ' Onbekend ', 'Huisdieren': ' Nee '}",
Sloterkade,in Amsterdam,12 m,Totale oppervlakte: 60 m 2,â‚¬ 700,p/m | incl. g/w/e,Gestoffeerd,05-09-2021,Gisteren geplaatst,https://kamernet.nl/huren/kamer-amsterdam/sloterkade/kamer-1985355,"{'Woonkamer': ' Gedeeld ', 'Keuken': ' Gedeeld ', 'Badkamer': ' Gedeeld ', 'Toilet': ' Gedeeld ', 'Internet': ' Ja ', 'Energielabel': ' Onbekend ', 'Huisgenoten': '  4  ', 'Geslacht': ' Man ', 'Huisdieren': ' Nee '}",
Van Zuylenware,in Zwolle,25 m,,â‚¬ 400,p/m | incl. g/w/e,Gestoffeerd,01-10-2021,12 uur geleden geplaatst,https://kamernet.nl/huren/kamer-zwolle/van-zuylenware/kamer-1985506,"{'Woonkamer': ' Eigen ', 'Keuken': ' Gedeeld ', 'Badkamer': ' Gedeeld ', 'Toilet': ' Gedeeld ', 'Internet': ' Ja ', 'Energielabel': ' B ', 'Huisgenoten': '  2 ', 'Geslacht': ' Gemengd ', 'Huisdieren': ' Nee '}",
Bastion,in Lelystad,19 m,Totale oppervlakte: 138 m 2,â‚¬ 590,p/m | incl. g/w/e,Gemeubileerd,08-09-2021,Gisteren geplaatst,https://kamernet.nl/huren/kamer-lelystad/bastion/kamer-1985395,"{'Woonkamer': ' Gedeeld ', 'Keuken': ' Gedeeld ', 'Badkamer': ' Gedeeld ', 'Toilet': ' Gedeeld ', 'Internet': ' Ja ', 'Energielabel': ' Onbekend ', 'Huisgenoten': '  3 ', 'Geslacht': ' Man ', 'Huisdieren': ' In overleg '}",
Boeninlaan,in Amsterdam,9 m,,â‚¬ 600,p/m | incl. g/w/e,Gemeubileerd,05-09-2021,Gisteren geplaatst,https://kamernet.nl/huren/kamer-amsterdam/boeninlaan/kamer-1985369,"{'Woonkamer': ' Gedeeld ', 'Keuken': ' Gedeeld ', 'Badkamer': ' Gedeeld ', 'Toilet': ' Gedeeld ', 'Internet': ' Ja ', 'Energielabel': ' Onbekend ', 'Huisgenoten': '  3 ', 'Geslacht': ' Man ', 'Huisdieren': ' Nee '}",
Putmansveld,in Breda,15 m,Totale oppervlakte: 30 m 2,â‚¬ 380,p/m | incl. g/w/e,Gemeubileerd,13-09-2021,Gisteren geplaatst,https://kamernet.nl/huren/kamer-breda/putmansveld/kamer-1985305,"{'Woonkamer': ' Eigen ', 'Keuken': ' Gedeeld ', 'Badkamer': ' Gedeeld ', 'Toilet': ' Gedeeld ', 'Internet': ' Ja ', 'Energielabel': ' Onbekend ', 'Huisgenoten': '  2 ', 'Geslacht': ' Gemengd ', 'Huisdieren': ' Nee '}",
Bakkerstraat,in Haarlem,21 m,,â‚¬ 725,p/m | incl. g/w/e,Gemeubileerd,12-09-2021 tot 12-03-2022,Gisteren geplaatst,https://kamernet.nl/huren/kamer-haarlem/bakkerstraat/kamer-1985399,"{'Woonkamer': ' Geen ', 'Keuken': ' Gedeeld ', 'Badkamer': ' Gedeeld ', 'Toilet': ' Gedeeld ', 'Internet': ' Ja ', 'Energielabel': ' Onbekend ', 'Huisgenoten': '  3 ', 'Geslacht': ' Gemengd ', 'Huisdieren': ' Nee '}",
Parkweg,in De Steeg,18 m,,â‚¬ 295,p/m | incl. g/w/e,Gestoffeerd,01-10-2021,Gisteren geplaatst,https://kamernet.nl/huren/kamer-de-steeg/parkweg/kamer-1675886,"{'Woonkamer': ' Geen ', 'Keuken': ' Gedeeld ', 'Badkamer': ' Gedeeld ', 'Toilet': ' Gedeeld ', 'Internet': ' Ja ', 'Energielabel': ' Onbekend ', 'Huisgenoten': '  3 ', 'Geslacht': ' Gemengd ', 'Huisdieren': ' Nee '}",
Roerdompstraat,in Amersfoort,20 m,,â‚¬ 450,p/m | incl. g/w/e,Gestoffeerd,06-09-2021,13 uur geleden geplaatst,https://kamernet.nl/huren/kamer-amersfoort/roerdompstraat/kamer-1985479,"{'Woonkamer': ' Eigen ', 'Keuken': ' Gedeeld ', 'Badkamer': ' Gedeeld ', 'Toilet': ' Gedeeld ', 'Internet': ' Ja ', 'Energielabel': ' Onbekend ', 'Huisgenoten': '  3 ', 'Geslacht': ' Vrouw ', 'Huisdieren': ' Nee '}",
Bijlmerdreef,in Amsterdam,80 m,,â‚¬ 1750,p/m | excl. g/w/e,Gemeubileerd,15-09-2021,Gisteren geplaatst,https://kamernet.nl/huren/appartement-amsterdam/bijlmerdreef/appartement-1985370,"{'Woonkamer': ' Eigen ', 'Keuken': ' Eigen ', 'Badkamer': ' Eigen ', 'Toilet': ' Eigen ', 'Internet': ' Nee ', 'Energielabel': ' Onbekend ', 'Huisdieren': ' Nee '}",
Arendlaan,in Delft,24 m,Totale oppervlakte: 37 m 2,â‚¬ 347,p/m | incl. g/w/e,Gestoffeerd,30-09-2021,6 uur geleden geplaatst,https://kamernet.nl/huren/kamer-delft/arendlaan/kamer-1985595,"{'Woonkamer': ' Geen ', 'Keuken': ' Gedeeld ', 'Badkamer': ' Eigen ', 'Toilet': ' Eigen ', 'Internet': ' Ja ', 'Energielabel': ' Onbekend ', 'Huisgenoten': '  1 ', 'Geslacht': ' Man ', 'Huisdieren': ' Nee '}",
Kruisstraat,in Heerlen,12 m,,â‚¬ 325,p/m | incl. g/w/e,Gestoffeerd,06-09-2021,6 uur geleden geplaatst,https://kamernet.nl/huren/kamer-heerlen/kruisstraat/kamer-1985574,"{'Woonkamer': ' Gedeeld ', 'Keuken': ' Gedeeld ', 'Badkamer': ' Gedeeld ', 'Toilet': ' Gedeeld ', 'Internet': ' Ja ', 'Energielabel': ' Onbekend ', 'Huisgenoten': '  5 ', 'Geslacht': ' Vrouw ', 'Huisdieren': ' Nee '}",
Meander,in Amstelveen,90 m,Totaal 3 kamers (2 slaapkamers) ,â‚¬ 1650,p/m | excl. g/w/e,Gemeubileerd,05-09-2021,Gisteren geplaatst,https://kamernet.nl/huren/appartement-amstelveen/meander/appartement-1985358,"{'Woonkamer': ' Eigen ', 'Keuken': ' Eigen ', 'Badkamer': ' Eigen ', 'Toilet': ' Eigen ', 'Internet': ' Ja ', 'Energielabel': ' G ', 'Huisdieren': ' Nee '}",
Otto van Taverenstraat,in Enschede,9 m,Totale oppervlakte: 50 m 2,â‚¬ 315,p/m | incl. g/w/e,Kaal,01-10-2021 tot 30-07-2022,5 uur geleden geplaatst,https://kamernet.nl/huren/kamer-enschede/otto-van-taverenstraat/kamer-1985563,"{'Woonkamer': ' Gedeeld ', 'Keuken': ' Gedeeld ', 'Badkamer': ' Gedeeld ', 'Toilet': ' Gedeeld ', 'Internet': ' Ja ', 'Energielabel': ' Onbekend ', 'Huisgenoten': '  3 ', 'Geslacht': ' Man ', 'Huisdieren': ' Nee '}",
Voorstraat,in Dordrecht,13 m,,â‚¬ 525,p/m | excl. g/w/e,Gemeubileerd,01-10-2021,6 uur geleden geplaatst,https://kamernet.nl/huren/kamer-dordrecht/voorstraat/kamer-1985604,"{'Woonkamer': ' Gedeeld ', 'Keuken': ' Gedeeld ', 'Badkamer': ' Gedeeld ', 'Toilet': ' Gedeeld ', 'Internet': ' Ja ', 'Energielabel': ' C ', 'Huisgenoten': '  2 ', 'Geslacht': ' Man ', 'Huisdieren': ' Nee '}",
Zwaardemakerlaan,in Utrecht,15 m,Totale oppervlakte: 90 m 2,â‚¬ 700,p/m | incl. g/w/e,Gestoffeerd,01-11-2021,Gisteren geplaatst,https://kamernet.nl/huren/kamer-utrecht/zwaardemakerlaan/kamer-1985416,"{'Woonkamer': ' Gedeeld ', 'Keuken': ' Gedeeld ', 'Badkamer': ' Gedeeld ', 'Toilet': ' Gedeeld ', 'Internet': ' Ja ', 'Energielabel': ' E ', 'Huisgenoten': '  2 ', 'Geslacht': ' Vrouw ', 'Huisdieren': ' Nee '}",
B.W. ter Kuilestraat,in Enschede,12 m,Totale oppervlakte: 100 m 2,â‚¬ 300,p/m | excl. g/w/e,Gestoffeerd,10-09-2021,Gisteren geplaatst,https://kamernet.nl/huren/kamer-enschede/b.w.-ter-kuilestraat/kamer-1985400,"{'Woonkamer': ' Gedeeld ', 'Keuken': ' Gedeeld ', 'Badkamer': ' Gedeeld ', 'Toilet': ' Gedeeld ', 'Internet': ' Ja ', 'Energielabel': ' Onbekend ', 'Huisgenoten': '  3 ', 'Geslacht': ' Man ', 'Huisdieren': ' Nee '}",
Frank van Borselenstraat,in Rotterdam,20 m,Totale oppervlakte: 120 m 2,â‚¬ 550,p/m | incl. g/w/e,Gemeubileerd,19-09-2021 tot 29-10-2021,4 uur geleden geplaatst,https://kamernet.nl/huren/kamer-rotterdam/frank-van-borselenstraat/kamer-1985565,"{'Woonkamer': ' Gedeeld ', 'Keuken': ' Gedeeld ', 'Badkamer': ' Gedeeld ', 'Toilet': ' Gedeeld ', 'Internet': ' Ja ', 'Energielabel': ' Onbekend ', 'Huisgenoten': '  2 ', 'Geslacht': ' Vrouw ', 'Huisdieren': ' Nee '}",
Brinkstraat,in Bennekom,28 m,Totaal 2 kamers (1 slaapkamer) ,â‚¬ 525,p/m | excl. g/w/e,Kaal,01-10-2021,5 uur geleden geplaatst,https://kamernet.nl/huren/studio-bennekom/brinkstraat/studio-1985615,"{'Woonkamer': ' Eigen ', 'Keuken': ' Eigen ', 'Badkamer': ' Eigen ', 'Toilet': ' Eigen ', 'Internet': ' Ja ', 'Energielabel': ' C ', 'Huisdieren': ' Nee '}",
Gerdesstraat,in Wageningen,14 m,,â‚¬ 333,p/m | excl. g/w/e,Gestoffeerd,06-09-2021,6 uur geleden geplaatst,https://kamernet.nl/huren/kamer-wageningen/gerdesstraat/kamer-1985612,"{'Woonkamer': ' Gedeeld ', 'Keuken': ' Gedeeld ', 'Badkamer': ' Gedeeld ', 'Toilet': ' Gedeeld ', 'Internet': ' Ja ', 'Energielabel': ' Onbekend ', 'Huisgenoten': '  3 ', 'Geslacht': ' Man ', 'Huisdieren': ' Nee '}",
Gravenstraat,in Amsterdam,11 m,,â‚¬ 720,p/m | incl. g/w/e,Gestoffeerd,06-09-2021 tot 31-01-2022,3 uur geleden geplaatst,https://kamernet.nl/huren/kamer-amsterdam/gravenstraat/kamer-1985646,"{'Woonkamer': ' Gedeeld ', 'Keuken': ' Gedeeld ', 'Badkamer': ' Gedeeld ', 'Toilet': ' Gedeeld ', 'Internet': ' Ja ', 'Energielabel': ' Onbekend ', 'Huisgenoten': '  2 ', 'Geslacht': ' Man ', 'Huisdieren': ' Nee '}",
De Marke,in Drachten,11 m,,â‚¬ 330,p/m | incl. g/w/e,Gemeubileerd,18-09-2021 tot 30-12-2021,4 uur geleden geplaatst,https://kamernet.nl/huren/kamer-drachten/de-marke/kamer-1985640,"{'Woonkamer': ' Eigen ', 'Keuken': ' Gedeeld ', 'Badkamer': ' Onbekend ', 'Toilet': ' Gedeeld ', 'Internet': ' Onbekend ', 'Energielabel': ' Onbekend ', 'Huisgenoten': '  Onbekend  ', 'Geslacht': ' Onbekend ', 'Huisdieren': ' In overleg '}",
Leenderweg,in Eindhoven,50 m,Totaal 3 kamers (2 slaapkamers) ,â‚¬ 950,p/m | incl. g/w/e,Gestoffeerd,10-09-2021,Gisteren geplaatst,https://kamernet.nl/huren/appartement-eindhoven/leenderweg/appartement-1985410,"{'Woonkamer': ' Eigen ', 'Keuken': ' Eigen ', 'Badkamer': ' Eigen ', 'Toilet': ' Eigen ', 'Internet': ' Ja ', 'Energielabel': ' Onbekend ', 'Huisdieren': ' In overleg '}",
Hyacintplein,in Breda,13 m,Totale oppervlakte: 80 m 2,â‚¬ 425,p/m | incl. g/w/e,Kaal,10-09-2021,3 uur geleden geplaatst,https://kamernet.nl/huren/kamer-breda/hyacintplein/kamer-1985588,"{'Woonkamer': ' Geen ', 'Keuken': ' Gedeeld ', 'Badkamer': ' Gedeeld ', 'Toilet': ' Gedeeld ', 'Internet': ' Ja ', 'Energielabel': ' D ', 'Huisgenoten': '  3 ', 'Geslacht': ' Gemengd ', 'Huisdieren': ' Nee '}",
Hyacintplein,in Breda,19 m,Totale oppervlakte: 80 m 2,â‚¬ 490,p/m | incl. g/w/e,Kaal,10-09-2021,3 uur geleden geplaatst,https://kamernet.nl/huren/kamer-breda/hyacintplein/kamer-1985597,"{'Woonkamer': ' Geen ', 'Keuken': ' Gedeeld ', 'Badkamer': ' Gedeeld ', 'Toilet': ' Gedeeld ', 'Internet': ' Ja ', 'Energielabel': ' D ', 'Huisgenoten': '  6 ', 'Geslacht': ' Gemengd ', 'Huisdieren': ' Nee '}",
Hyacintplein,in Breda,19 m,Totale oppervlakte: 80 m 2,â‚¬ 490,p/m | incl. g/w/e,Kaal,10-09-2021,3 uur geleden geplaatst,https://kamernet.nl/huren/kamer-breda/hyacintplein/kamer-1985606,"{'Woonkamer': ' Geen ', 'Keuken': ' Gedeeld ', 'Badkamer': ' Gedeeld ', 'Toilet': ' Gedeeld ', 'Internet': ' Ja ', 'Energielabel': ' D ', 'Huisgenoten': '  5 ', 'Geslacht': ' Gemengd ', 'Huisdieren': ' Nee '}",
Hyacintplein,in Breda,9 m,Totale oppervlakte: 80 m 2,â‚¬ 380,p/m | incl. g/w/e,Kaal,10-09-2021,3 uur geleden geplaatst,https://kamernet.nl/huren/kamer-breda/hyacintplein/kamer-1985608,"{'Woonkamer': ' Geen ', 'Keuken': ' Gedeeld ', 'Badkamer': ' Gedeeld ', 'Toilet': ' Gedeeld ', 'Internet': ' Ja ', 'Energielabel': ' D ', 'Huisgenoten': '  3 ', 'Geslacht': ' Gemengd ', 'Huisdieren': ' Nee '}",
Hyacintplein,in Breda,16 m,Totale oppervlakte: 80 m 2,â‚¬ 440,p/m | incl. g/w/e,Kaal,10-09-2021,3 uur geleden geplaatst,https://kamernet.nl/huren/kamer-breda/hyacintplein/kamer-1985573,"{'Woonkamer': ' Geen ', 'Keuken': ' Gedeeld ', 'Badkamer': ' Gedeeld ', 'Toilet': ' Gedeeld ', 'Internet': ' Ja ', 'Energielabel': ' D ', 'Huisgenoten': '  3 ', 'Geslacht': ' Gemengd ', 'Huisdieren': ' Nee '}",
Hyacintplein,in Breda,17 m,Totale oppervlakte: 80 m 2,â‚¬ 465,p/m | incl. g/w/e,Kaal,11-09-2021,3 uur geleden geplaatst,https://kamernet.nl/huren/kamer-breda/hyacintplein/kamer-1985569,"{'Woonkamer': ' Geen ', 'Keuken': ' Gedeeld ', 'Badkamer': ' Gedeeld ', 'Toilet': ' Gedeeld ', 'Internet': ' Ja ', 'Energielabel': ' D ', 'Huisgenoten': '  3 ', 'Geslacht': ' Gemengd ', 'Huisdieren': ' Nee '}",
Benkoelenstraat,in Enschede,22 m,,â‚¬ 485,p/m | incl. g/w/e,Gestoffeerd,01-10-2021,Gisteren geplaatst,https://kamernet.nl/huren/kamer-enschede/benkoelenstraat/kamer-1985360,"{'Woonkamer': ' Gedeeld ', 'Keuken': ' Gedeeld ', 'Badkamer': ' Gedeeld ', 'Toilet': ' Gedeeld ', 'Internet': ' Ja ', 'Energielabel': ' B ', 'Huisgenoten': '  2 ', 'Geslacht': ' Gemengd ', 'Huisdieren': ' Nee '}",
Alexanderstraat,in Arnhem,21 m,Totaal 1 kamer (1 slaapkamer) ,â‚¬ 470,p/m | incl. g/w/e,Kaal,01-10-2021,3 uur geleden geplaatst,https://kamernet.nl/huren/studio-arnhem/alexanderstraat/studio-1985644,"{'Woonkamer': ' Eigen ', 'Keuken': ' Eigen ', 'Badkamer': ' Eigen ', 'Toilet': ' Eigen ', 'Internet': ' Ja ', 'Energielabel': ' Onbekend ', 'Huisdieren': ' Nee '}",
Rijnstraat,in Amsterdam,11 m,Totale oppervlakte: 100 m 2,â‚¬ 810,p/m | incl. g/w/e,Gemeubileerd,01-10-2021,Gisteren geplaatst,https://kamernet.nl/huren/kamer-amsterdam/rijnstraat/kamer-1985385,"{'Woonkamer': ' Gedeeld ', 'Keuken': ' Gedeeld ', 'Badkamer': ' Gedeeld ', 'Toilet': ' Gedeeld ', 'Internet': ' Ja ', 'Energielabel': ' Onbekend ', 'Huisgenoten': '  Onbekend  ', 'Geslacht': ' Onbekend ', 'Huisdieren': ' Nee '}",
Uilenstede,in Amstelveen,70 m,Totaal 3 kamers (2 slaapkamers) ,â‚¬ 1450,p/m | incl. g/w/e,Gemeubileerd,05-09-2021,Gisteren geplaatst,https://kamernet.nl/huren/appartement-amstelveen/uilenstede/appartement-1985367,"{'Woonkamer': ' Eigen ', 'Keuken': ' Eigen ', 'Badkamer': ' Eigen ', 'Toilet': ' Eigen ', 'Internet': ' Ja ', 'Energielabel': ' Onbekend ', 'Huisdieren': ' Ja '}",
Valkenburgerstraat,in Amsterdam,24 m,,â‚¬ 1040,p/m | incl. g/w/e,Gemeubileerd,01-10-2021,Gisteren geplaatst,https://kamernet.nl/huren/kamer-amsterdam/valkenburgerstraat/kamer-1985386,"{'Woonkamer': ' Gedeeld ', 'Keuken': ' Gedeeld ', 'Badkamer': ' Gedeeld ', 'Toilet': ' Gedeeld ', 'Internet': ' Ja ', 'Energielabel': ' Onbekend ', 'Huisgenoten': '  1 ', 'Geslacht': ' Vrouw ', 'Huisdieren': ' Ja '}",
Eelderstraat,in Groningen,12 m,Totale oppervlakte: 70 m 2,â‚¬ 450,p/m | excl. g/w/e,Gestoffeerd,01-10-2021,Gisteren geplaatst,https://kamernet.nl/huren/kamer-groningen/eelderstraat/kamer-1985377,"{'Woonkamer': ' Gedeeld ', 'Keuken': ' Gedeeld ', 'Badkamer': ' Gedeeld ', 'Toilet': ' Gedeeld ', 'Internet': ' Ja ', 'Energielabel': ' A ', 'Huisgenoten': '  2 ', 'Geslacht': ' Man ', 'Huisdieren': ' Nee '}",
Rooseveltlaan,in Utrecht,12 m,Totale oppervlakte: 59 m 2,â‚¬ 585,p/m | incl. g/w/e,Gemeubileerd,06-09-2021 tot 05-09-2022,Gisteren geplaatst,https://kamernet.nl/huren/kamer-utrecht/rooseveltlaan/kamer-1984304,"{'Woonkamer': ' Gedeeld ', 'Keuken': ' Gedeeld ', 'Badkamer': ' Gedeeld ', 'Toilet': ' Gedeeld ', 'Internet': ' Ja ', 'Energielabel': ' Onbekend ', 'Huisgenoten': '  Onbekend  ', 'Geslacht': ' Onbekend ', 'Huisdieren': ' Nee '}",
Van Oldenbarneveltstraat,in Nijkerk,18 m,,â‚¬ 475,p/m | incl. g/w/e,Gestoffeerd,22-06-2021,Gisteren geplaatst,https://kamernet.nl/huren/kamer-nijkerk/van-oldenbarneveltstraat/kamer-1960193,"{'Woonkamer': ' Eigen ', 'Keuken': ' Gedeeld ', 'Badkamer': ' Gedeeld ', 'Toilet': ' Gedeeld ', 'Internet': ' Ja ', 'Energielabel': ' Onbekend ', 'Huisgenoten': '  3 ', 'Geslacht': ' Gemengd ', 'Huisdieren': ' Nee '}",
Tolhuislaan,in Rotterdam,18 m,,â‚¬ 540,p/m | excl. g/w/e,Gemeubileerd,05-09-2021,Gisteren geplaatst,https://kamernet.nl/huren/kamer-rotterdam/tolhuislaan/kamer-1985382,"{'Woonkamer': ' Geen ', 'Keuken': ' Gedeeld ', 'Badkamer': ' Gedeeld ', 'Toilet': ' Gedeeld ', 'Internet': ' Ja ', 'Energielabel': ' A ', 'Huisgenoten': '  4  ', 'Geslacht': ' Onbekend ', 'Huisdieren': ' Nee '}",
Fischerstraat,in Den Haag,24 m,Totale oppervlakte: 16 m 2,â‚¬ 750,p/m | incl. g/w/e,Gemeubileerd,15-09-2021 tot 14-09-2023,Gisteren geplaatst,https://kamernet.nl/huren/kamer-den-haag/fischerstraat/kamer-1984797,"{'Woonkamer': ' Onbekend ', 'Keuken': ' Gedeeld ', 'Badkamer': ' Gedeeld ', 'Toilet': ' Gedeeld ', 'Internet': ' Ja ', 'Energielabel': ' A ', 'Huisgenoten': '  1 ', 'Geslacht': ' Man ', 'Huisdieren': ' Nee '}",
Adriaan van Bergenstraat,in Utrecht,12 m,,â‚¬ 285,p/m | incl. g/w/e,Gestoffeerd,01-10-2021,Gisteren geplaatst,https://kamernet.nl/huren/kamer-utrecht/adriaan-van-bergenstraat/kamer-1985354,"{'Woonkamer': ' Geen ', 'Keuken': ' Gedeeld ', 'Badkamer': ' Gedeeld ', 'Toilet': ' Gedeeld ', 'Internet': ' Ja ', 'Energielabel': ' Onbekend ', 'Huisgenoten': '  3 ', 'Geslacht': ' Vrouw ', 'Huisdieren': ' Nee '}",
De Waterjuffer,in Eelderwolde,35 m,Totale oppervlakte: 150 m 2,â‚¬ 1000,p/m | incl. g/w/e,Gestoffeerd,06-09-2021 tot 03-10-2021,Gisteren geplaatst,https://kamernet.nl/huren/kamer-eelderwolde/de-waterjuffer/kamer-1985361,"{'Woonkamer': ' Gedeeld ', 'Keuken': ' Gedeeld ', 'Badkamer': ' Gedeeld ', 'Toilet': ' Gedeeld ', 'Internet': ' Ja ', 'Energielabel': ' A ', 'Huisgenoten': '  Onbekend  ', 'Geslacht': ' Onbekend ', 'Huisdieren': ' Nee '}",
Saturnusstraat,in Enschede,90 m,,â‚¬ 1200,p/m | excl. g/w/e,Gestoffeerd,20-09-2021 tot 31-08-2023,8 uur geleden geplaatst,https://kamernet.nl/huren/appartement-enschede/saturnusstraat/appartement-1985520,"{'Woonkamer': ' Gedeeld ', 'Keuken': ' Gedeeld ', 'Badkamer': ' Gedeeld ', 'Toilet': ' Gedeeld ', 'Internet': ' Ja ', 'Energielabel': ' Onbekend ', 'Huisdieren': ' In overleg '}",
Nicolaas Anslijnstraat,in Amsterdam,80 m,Totaal 3 kamers (2 slaapkamers) ,â‚¬ 2000,p/m | excl. g/w/e,Gemeubileerd,01-11-2021,8 uur geleden geplaatst,https://kamernet.nl/huren/appartement-amsterdam/nicolaas-anslijnstraat/appartement-1985536,"{'Woonkamer': ' Gedeeld ', 'Keuken': ' Gedeeld ', 'Badkamer': ' Gedeeld ', 'Toilet': ' Gedeeld ', 'Internet': ' Ja ', 'Energielabel': ' Onbekend ', 'Huisdieren': ' Nee '}",
Kanaalzichthof,in Utrecht,21 m,Totaal 1 kamer (1 slaapkamer) ,â‚¬ 730,p/m | incl. g/w/e,Gemeubileerd,04-10-2021 tot 01-05-2022,Gisteren geplaatst,https://kamernet.nl/huren/studio-utrecht/kanaalzichthof/studio-1985349,"{'Woonkamer': ' Gedeeld ', 'Keuken': ' Eigen ', 'Badkamer': ' Eigen ', 'Toilet': ' Eigen ', 'Internet': ' Ja ', 'Energielabel': ' Onbekend ', 'Huisdieren': ' In overleg '}",
Bezembindersgas,in Nijmegen,15 m,,â‚¬ 305,p/m | incl. g/w/e,Gestoffeerd,01-10-2021,8 uur geleden geplaatst,https://kamernet.nl/huren/kamer-nijmegen/bezembindersgas/kamer-1985528,"{'Woonkamer': ' Gedeeld ', 'Keuken': ' Gedeeld ', 'Badkamer': ' Gedeeld ', 'Toilet': ' Gedeeld ', 'Internet': ' Ja ', 'Energielabel': ' Onbekend ', 'Huisgenoten': '  Onbekend  ', 'Geslacht': ' Onbekend ', 'Huisdieren': ' Nee '}",
Barestraat,in Groningen,20 m,,â‚¬ 395,p/m | incl. g/w/e,Kaal,06-09-2021,8 uur geleden geplaatst,https://kamernet.nl/huren/kamer-groningen/barestraat/kamer-1985537,"{'Woonkamer': ' Geen ', 'Keuken': ' Gedeeld ', 'Badkamer': ' Gedeeld ', 'Toilet': ' Gedeeld ', 'Internet': ' Ja ', 'Energielabel': ' Onbekend ', 'Huisgenoten': '  8  ', 'Geslacht': ' Vrouw ', 'Huisdieren': ' Nee '}",
Aldegondestraat,in Amersfoort,40 m,Totaal 2 kamers (1 slaapkamer) ,â‚¬ 995,p/m | excl. g/w/e,Gestoffeerd,01-10-2021,8 uur geleden geplaatst,https://kamernet.nl/huren/appartement-amersfoort/aldegondestraat/appartement-1985538,"{'Woonkamer': ' Eigen ', 'Keuken': ' Eigen ', 'Badkamer': ' Eigen ', 'Toilet': ' Eigen ', 'Internet': ' Ja ', 'Energielabel': ' A ', 'Huisdieren': ' Nee '}",
Sumatrakade,in Amsterdam,10 m,Totale oppervlakte: 90 m 2,â‚¬ 577,p/m | incl. g/w/e,Gestoffeerd,05-09-2021,Gisteren geplaatst,https://kamernet.nl/huren/kamer-amsterdam/sumatrakade/kamer-1985373,"{'Woonkamer': ' Gedeeld ', 'Keuken': ' Gedeeld ', 'Badkamer': ' Gedeeld ', 'Toilet': ' Gedeeld ', 'Internet': ' Ja ', 'Energielabel': ' Onbekend ', 'Huisgenoten': '  2 ', 'Geslacht': ' Man ', 'Huisdieren': ' Nee '}",
Nieuwezijds Voorburgwal,in Amsterdam,20 m,Totaal 1 kamer (1 slaapkamer) ,â‚¬ 870,p/m | excl. g/w/e,Gemeubileerd,02-10-2021 tot 01-10-2024,7 uur geleden geplaatst,https://kamernet.nl/huren/studio-amsterdam/nieuwezijds-voorburgwal/studio-1985562,"{'Woonkamer': ' Eigen ', 'Keuken': ' Eigen ', 'Badkamer': ' Eigen ', 'Toilet': ' Gedeeld ', 'Internet': ' Ja ', 'Energielabel': ' Onbekend ', 'Huisdieren': ' Nee '}",
Julianastraat,in Leende,75 m,Totaal 3 kamers (2 slaapkamers) ,â‚¬ 875,p/m | excl. g/w/e,Gestoffeerd,01-10-2021,7 uur geleden geplaatst,https://kamernet.nl/huren/appartement-leende/julianastraat/appartement-1985561,"{'Woonkamer': ' Eigen ', 'Keuken': ' Eigen ', 'Badkamer': ' Eigen ', 'Toilet': ' Eigen ', 'Internet': ' Onbekend ', 'Energielabel': ' Onbekend ', 'Huisdieren': ' Nee '}",
Stromarkt,in Amsterdam,33 m,Totaal 1 kamer (1 slaapkamer) ,â‚¬ 1100,p/m | incl. g/w/e,Gestoffeerd,11-09-2021 tot 10-09-2023,8 uur geleden geplaatst,https://kamernet.nl/huren/studio-amsterdam/stromarkt/studio-1985535,"{'Woonkamer': ' Eigen ', 'Keuken': ' Eigen ', 'Badkamer': ' Eigen ', 'Toilet': ' Eigen ', 'Internet': ' Ja ', 'Energielabel': ' Onbekend ', 'Huisdieren': ' Nee '}",
Pascalstraat,in Badhoevedorp,10 m,Totale oppervlakte: 16 m 2,â‚¬ 420,p/m | incl. g/w/e,Gemeubileerd,05-09-2021 tot 28-02-2022,Gisteren geplaatst,https://kamernet.nl/huren/kamer-badhoevedorp/pascalstraat/kamer-1985383,"{'Woonkamer': ' Geen ', 'Keuken': ' Gedeeld ', 'Badkamer': ' Gedeeld ', 'Toilet': ' Gedeeld ', 'Internet': ' Ja ', 'Energielabel': ' Onbekend ', 'Huisgenoten': '  4  ', 'Geslacht': ' Gemengd ', 'Huisdieren': ' Nee '}",
Huigenbos,in Amsterdam,16 m,Totale oppervlakte: 70 m 2,â‚¬ 650,p/m | incl. g/w/e,Gemeubileerd,05-10-2021,14 uur geleden geplaatst,https://kamernet.nl/huren/kamer-amsterdam/huigenbos/kamer-1992382,"{'Woonkamer': ' Gedeeld ', 'Keuken': ' Gedeeld ', 'Badkamer': ' Gedeeld ', 'Toilet': ' Gedeeld ', 'Internet': ' Ja ', 'Energielabel': ' Onbekend ', 'Huisgenoten': '  2 ', 'Geslacht': ' Vrouw ', 'Huisdieren': ' Nee '}",kamer-1992382.html
Langekerkstraat,in Huissen,22 m,Totaal 1 kamer,â‚¬ 495,p/m | incl. g/w/e,Gestoffeerd,06-10-2021,0 uur geleden geplaatst,https://kamernet.nl/huren/appartement-huissen/langekerkstraat/appartement-1993505,"{'Woonkamer': ' Onbekend ', 'Keuken': ' Onbekend ', 'Badkamer': ' Onbekend ', 'Toilet': ' Onbekend ', 'Internet': ' Onbekend ', 'Energielabel': ' Onbekend ', 'Huisdieren': ' Nee '}",appartement-1993505.html
Gedempte Schalk Burgergracht,in Haarlem,10 m,,â‚¬ 410,p/m | incl. g/w/e,Gestoffeerd,01-11-2021,14 uur geleden geplaatst,https://kamernet.nl/huren/kamer-haarlem/gedempte-schalk-burgergracht/kamer-1992384,"{'Woonkamer': ' Gedeeld ', 'Keuken': ' Gedeeld ', 'Badkamer': ' Gedeeld ', 'Toilet': ' Gedeeld ', 'Internet': ' Ja ', 'Energielabel': ' Onbekend ', 'Huisgenoten': '  4  ', 'Geslacht': ' Man ', 'Huisdieren': ' Nee '}",kamer-1992384.html
Brinkstraat,in Enschede,58 m,Totaal 2 kamers (1 slaapkamer) ,â‚¬ 850,p/m | excl. g/w/e,Gestoffeerd,15-11-2021,1 uur geleden geplaatst,https://kamernet.nl/huren/appartement-enschede/brinkstraat/appartement-1991277,"{'Woonkamer': ' Eigen ', 'Keuken': ' Eigen ', 'Badkamer': ' Eigen ', 'Toilet': ' Eigen ', 'Internet': ' Onbekend ', 'Energielabel': ' Onbekend ', 'Huisdieren': ' Nee '}",appartement-1991277.html
Waldeck-Pyrmontplein,in Groningen,90 m,Totaal 4 kamers (2 slaapkamers) ,â‚¬ 1200,p/m | excl. g/w/e,Gestoffeerd,01-11-2021,1 uur geleden geplaatst,https://kamernet.nl/huren/appartement-groningen/waldeck-pyrmontplein/appartement-1992466,"{'Woonkamer': ' Eigen ', 'Keuken': ' Eigen ', 'Badkamer': ' Eigen ', 'Toilet': ' Eigen ', 'Internet': ' Ja ', 'Energielabel': ' Onbekend ', 'Huisdieren': ' Nee '}",appartement-1992466.html
Openhartsteeg,in Amsterdam,9 m,Totale oppervlakte: 40 m 2,â‚¬ 796,p/m | incl. g/w/e,Gemeubileerd,01-11-2021,14 uur geleden geplaatst,https://kamernet.nl/huren/kamer-amsterdam/openhartsteeg/kamer-1992399,"{'Woonkamer': ' Gedeeld ', 'Keuken': ' Gedeeld ', 'Badkamer': ' Gedeeld ', 'Toilet': ' Gedeeld ', 'Internet': ' Ja ', 'Energielabel': ' Onbekend ', 'Huisgenoten': '  2 ', 'Geslacht': ' Gemengd ', 'Huisdieren': ' Nee '}",kamer-1992399.html
Uilegats,in Heerlen,10 m,,â‚¬ 225,p/m | incl. g/w/e,Gestoffeerd,01-11-2021,14 uur geleden geplaatst,https://kamernet.nl/huren/kamer-heerlen/uilegats/kamer-1992383,"{'Woonkamer': ' Geen ', 'Keuken': ' Gedeeld ', 'Badkamer': ' Gedeeld ', 'Toilet': ' Gedeeld ', 'Internet': ' Ja ', 'Energielabel': ' Onbekend ', 'Huisgenoten': '  5 ', 'Geslacht': ' Gemengd ', 'Huisdieren': ' Ja '}",kamer-1992383.html
Sporadenlaan,in Amsterdam,16 m,,â‚¬ 500,p/m | incl. g/w/e,Gemeubileerd,04-10-2021,2 dagen geleden geplaatst,https://kamernet.nl/huren/kamer-amsterdam/sporadenlaan/kamer-1992190,"{'Woonkamer': ' Onbekend ', 'Keuken': ' Gedeeld ', 'Badkamer': ' Gedeeld ', 'Toilet': ' Gedeeld ', 'Internet': ' Ja ', 'Energielabel': ' Onbekend ', 'Huisgenoten': '  1 ', 'Geslacht': ' Vrouw ', 'Huisdieren': ' Nee '}",kamer-1992190.html
Laagte Kadijk,in Amsterdam,34 m,Totaal 2 kamers (1 slaapkamer) ,â‚¬ 1250,p/m | incl. g/w/e,Gemeubileerd,01-11-2021 tot 01-06-2022,2 dagen geleden geplaatst,https://kamernet.nl/huren/studio-amsterdam/laagte-kadijk/studio-1990401,"{'Woonkamer': ' Eigen ', 'Keuken': ' Eigen ', 'Badkamer': ' Eigen ', 'Toilet': ' Eigen ', 'Internet': ' Ja ', 'Energielabel': ' Onbekend ', 'Huisdieren': ' Nee '}",studio-1990401.html
Fogelsanghstate,in Lelystad,70 m,Totaal 2 kamers (1 slaapkamer) ,â‚¬ 1095,p/m | excl. g/w/e,Gestoffeerd,01-11-2021,2 dagen geleden geplaatst,https://kamernet.nl/huren/appartement-lelystad/fogelsanghstate/appartement-1992163,"{'Woonkamer': ' Eigen ', 'Keuken': ' Eigen ', 'Badkamer': ' Eigen ', 'Toilet': ' Eigen ', 'Internet': ' Onbekend ', 'Energielabel': ' A ', 'Huisdieren': ' Nee '}",appartement-1992163.html
Marquette,in Lelystad,50 m,Totale oppervlakte: 200 m 2,â‚¬ 795,p/m | excl. g/w/e,Gestoffeerd,15-10-2021,2 dagen geleden geplaatst,https://kamernet.nl/huren/kamer-lelystad/marquette/kamer-1992165,"{'Woonkamer': ' Onbekend ', 'Keuken': ' Gedeeld ', 'Badkamer': ' Gedeeld ', 'Toilet': ' Gedeeld ', 'Internet': ' Ja ', 'Energielabel': ' A ', 'Huisgenoten': '  2 ', 'Geslacht': ' Gemengd ', 'Huisdieren': ' Nee '}",kamer-1992165.html
Vondellaan,in Utrecht,6 m,,â‚¬ 255,p/m | incl. g/w/e,Gemeubileerd,04-10-2021,2 dagen geleden geplaatst,https://kamernet.nl/huren/kamer-utrecht/vondellaan/kamer-1992167,"{'Woonkamer': ' Geen ', 'Keuken': ' Gedeeld ', 'Badkamer': ' Gedeeld ', 'Toilet': ' Gedeeld ', 'Internet': ' Ja ', 'Energielabel': ' Onbekend ', 'Huisgenoten': '  6 ', 'Geslacht': ' Gemengd ', 'Huisdieren': ' Nee '}",kamer-1992167.html
Pleinweg,in Rotterdam,12 m,,â‚¬ 488,p/m | excl. g/w/e,Gestoffeerd,04-10-2021,2 dagen geleden geplaatst,https://kamernet.nl/huren/kamer-rotterdam/pleinweg/kamer-1992183,"{'Woonkamer': ' Gedeeld ', 'Keuken': ' Gedeeld ', 'Badkamer': ' Gedeeld ', 'Toilet': ' Gedeeld ', 'Internet': ' Ja ', 'Energielabel': ' Onbekend ', 'Huisgenoten': '  5 ', 'Geslacht': ' Gemengd ', 'Huisdieren': ' Nee '}",kamer-1992183.html
Digna Johannaweg,in Hoogvliet Rotterdam,12 m,,â‚¬ 700,p/m | incl. g/w/e,Gemeubileerd,13-10-2021,2 dagen geleden geplaatst,https://kamernet.nl/huren/kamer-hoogvliet-rotterdam/digna-johannaweg/kamer-1992174,"{'Woonkamer': ' Geen ', 'Keuken': ' Gedeeld ', 'Badkamer': ' Gedeeld ', 'Toilet': ' Gedeeld ', 'Internet': ' Ja ', 'Energielabel': ' Onbekend ', 'Huisgenoten': '  2 ', 'Geslacht': ' Gemengd ', 'Huisdieren': ' Nee '}",kamer-1992174.html
Amsterdamsestraatweg,in Utrecht,16 m,,â‚¬ 450,p/m | incl. g/w/e,Gemeubileerd,31-10-2021,2 dagen geleden geplaatst,https://kamernet.nl/huren/kamer-utrecht/amsterdamsestraatweg/kamer-1981794,"{'Woonkamer': ' Geen ', 'Keuken': ' Gedeeld ', 'Badkamer': ' Gedeeld ', 'Toilet': ' Gedeeld ', 'Internet': ' Ja ', 'Energielabel': ' Onbekend ', 'Huisgenoten': '  4  ', 'Geslacht': ' Vrouw ', 'Huisdieren': ' Nee '}",kamer-1981794.html
Oeverpad,in Amsterdam,14 m,,â‚¬ 775,p/m | incl. g/w/e,Gestoffeerd,20-11-2021,2 dagen geleden geplaatst,https://kamernet.nl/huren/kamer-amsterdam/oeverpad/kamer-1992177,"{'Woonkamer': ' Eigen ', 'Keuken': ' Gedeeld ', 'Badkamer': ' Gedeeld ', 'Toilet': ' Gedeeld ', 'Internet': ' Ja ', 'Energielabel': ' Onbekend ', 'Huisgenoten': '  1 ', 'Geslacht': ' Onbekend ', 'Huisdieren': ' Nee '}",kamer-1992177.html
Moriaansteeg,in Leiden,160 m,Totaal 3 kamers (1 slaapkamer) ,â‚¬ 1700,p/m | excl. g/w/e,Gemeubileerd,17-10-2021 tot 31-05-2022,2 dagen geleden geplaatst,https://kamernet.nl/huren/appartement-leiden/moriaansteeg/appartement-1992176,"{'Woonkamer': ' Eigen ', 'Keuken': ' Eigen ', 'Badkamer': ' Eigen ', 'Toilet': ' Eigen ', 'Internet': ' Ja ', 'Energielabel': ' Onbekend ', 'Huisdieren': ' Nee '}",appartement-1992176.html
Woudsenderraklaan,in Utrecht,20 m,,â‚¬ 595,p/m | incl. g/w/e,Gemeubileerd,04-10-2021,2 dagen geleden geplaatst,https://kamernet.nl/huren/kamer-utrecht/woudsenderraklaan/kamer-1992187,"{'Woonkamer': ' Onbekend ', 'Keuken': ' Eigen ', 'Badkamer': ' Onbekend ', 'Toilet': ' Onbekend ', 'Internet': ' Ja ', 'Energielabel': ' Onbekend ', 'Huisgenoten': '  1 ', 'Geslacht': ' Man ', 'Huisdieren': ' Nee '}",kamer-1992187.html
De Heurne,in Enschede,20 m,Totale oppervlakte: 199 m 2,â‚¬ 285,p/m | incl. g/w/e,Gestoffeerd,01-11-2021,2 dagen geleden geplaatst,https://kamernet.nl/huren/kamer-enschede/de-heurne/kamer-1991437,"{'Woonkamer': ' Gedeeld ', 'Keuken': ' Gedeeld ', 'Badkamer': ' Gedeeld ', 'Toilet': ' Gedeeld ', 'Internet': ' Ja ', 'Energielabel': ' Onbekend ', 'Huisgenoten': '  4  ', 'Geslacht': ' Man ', 'Huisdieren': ' Nee '}",kamer-1991437.html
Olof Palmelaan,in Utrecht,6 m,Totale oppervlakte: 60 m 2,â‚¬ 400,p/m | incl. g/w/e,Kaal,01-12-2021 tot 31-07-2022,2 dagen geleden geplaatst,https://kamernet.nl/huren/kamer-utrecht/olof-palmelaan/kamer-1990869,"{'Woonkamer': ' Gedeeld ', 'Keuken': ' Gedeeld ', 'Badkamer': ' Gedeeld ', 'Toilet': ' Gedeeld ', 'Internet': ' Ja ', 'Energielabel': ' C ', 'Huisgenoten': '  1 ', 'Geslacht': ' Gemengd ', 'Huisdieren': ' Ja '}",kamer-1990869.html
Belgieplein,in Amsterdam,7 m,Totale oppervlakte: 90 m 2,â‚¬ 585,p/m | incl. g/w/e,Kaal,01-11-2021,2 dagen geleden geplaatst,https://kamernet.nl/huren/kamer-amsterdam/belgieplein/kamer-1992210,"{'Woonkamer': ' Gedeeld ', 'Keuken': ' Gedeeld ', 'Badkamer': ' Gedeeld ', 'Toilet': ' Gedeeld ', 'Internet': ' Ja ', 'Energielabel': ' Onbekend ', 'Huisgenoten': '  3 ', 'Geslacht': ' Vrouw ', 'Huisdieren': ' Nee '}",kamer-1992210.html
Reitdiepstraat,in Utrecht,19 m,Totale oppervlakte: 30 m 2,â‚¬ 600,p/m | incl. g/w/e,Gemeubileerd,01-11-2021,2 dagen geleden geplaatst,https://kamernet.nl/huren/kamer-utrecht/reitdiepstraat/kamer-1992129,"{'Woonkamer': ' Geen ', 'Keuken': ' Gedeeld ', 'Badkamer': ' Gedeeld ', 'Toilet': ' Gedeeld ', 'Internet': ' Ja ', 'Energielabel': ' E ', 'Huisgenoten': '  2 ', 'Geslacht': ' Vrouw ', 'Huisdieren': ' Nee '}",kamer-1992129.html
Adrianus van Waertweg,in Amsterdam,12 m,,â‚¬ 514,p/m | incl. g/w/e,Gemeubileerd,01-11-2021 tot 30-04-2022,2 dagen geleden geplaatst,https://kamernet.nl/huren/kamer-amsterdam/adrianus-van-waertweg/kamer-1992195,"{'Woonkamer': ' Gedeeld ', 'Keuken': ' Gedeeld ', 'Badkamer': ' Gedeeld ', 'Toilet': ' Gedeeld ', 'Internet': ' Ja ', 'Energielabel': ' Onbekend ', 'Huisgenoten': '  3 ', 'Geslacht': ' Vrouw ', 'Huisdieren': ' Nee '}",kamer-1992195.html
Scholtenstraat,in Leiden,120 m,Totale oppervlakte: 75 m 2,â‚¬ 1600,p/m | incl. g/w/e,Gemeubileerd,04-10-2021,2 dagen geleden geplaatst,https://kamernet.nl/huren/kamer-leiden/scholtenstraat/kamer-1992198,"{'Woonkamer': ' Eigen ', 'Keuken': ' Eigen ', 'Badkamer': ' Eigen ', 'Toilet': ' Eigen ', 'Internet': ' Ja ', 'Energielabel': ' Onbekend ', 'Huisgenoten': '  1 ', 'Geslacht': ' Vrouw ', 'Huisdieren': ' Nee '}",kamer-1992198.html
Meeuwenstraat,in Hoofddorp,35 m,,â‚¬ 650,p/m | incl. g/w/e,Gemeubileerd,04-10-2021,2 dagen geleden geplaatst,https://kamernet.nl/huren/kamer-hoofddorp/meeuwenstraat/kamer-1992197,"{'Woonkamer': ' Onbekend ', 'Keuken': ' Gedeeld ', 'Badkamer': ' Gedeeld ', 'Toilet': ' Gedeeld ', 'Internet': ' Ja ', 'Energielabel': ' Onbekend ', 'Huisgenoten': '  Onbekend  ', 'Geslacht': ' Onbekend ', 'Huisdieren': ' Nee '}",kamer-1992197.html
Oliemolensingel,in Enschede,20 m,,â‚¬ 260,p/m | incl. g/w/e,Gestoffeerd,30-09-2021,2 dagen geleden geplaatst,https://kamernet.nl/huren/kamer-enschede/oliemolensingel/kamer-1991424,"{'Woonkamer': ' Gedeeld ', 'Keuken': ' Gedeeld ', 'Badkamer': ' Gedeeld ', 'Toilet': ' Gedeeld ', 'Internet': ' Ja ', 'Energielabel': ' Onbekend ', 'Huisgenoten': '  5 ', 'Geslacht': ' Man ', 'Huisdieren': ' Nee '}",kamer-1991424.html
Milovan Djilasplein,in Amsterdam,12 m,,â‚¬ 600,p/m | incl. g/w/e,Gemeubileerd,01-11-2021,Gisteren geplaatst,https://kamernet.nl/huren/kamer-amsterdam/milovan-djilasplein/kamer-1992243,"{'Woonkamer': ' Gedeeld ', 'Keuken': ' Gedeeld ', 'Badkamer': ' Gedeeld ', 'Toilet': ' Gedeeld ', 'Internet': ' Ja ', 'Energielabel': ' Onbekend ', 'Huisgenoten': '  1 ', 'Geslacht': ' Vrouw ', 'Huisdieren': ' Nee '}",kamer-1992243.html
Frederik Hendriklaan,in Hillegom,72 m,,â‚¬ 475,p/m | excl. g/w/e,Kaal,05-10-2021,Gisteren geplaatst,https://kamernet.nl/huren/kamer-hillegom/frederik-hendriklaan/kamer-1992245,"{'Woonkamer': ' Onbekend ', 'Keuken': ' Onbekend ', 'Badkamer': ' Onbekend ', 'Toilet': ' Onbekend ', 'Internet': ' Onbekend ', 'Energielabel': ' Onbekend ', 'Huisgenoten': '  Onbekend  ', 'Geslacht': ' Onbekend ', 'Huisdieren': ' In overleg '}",kamer-1992245.html
Westerstraat,in Sassenheim,50 m,,â‚¬ 298,p/m | excl. g/w/e,Kaal,05-10-2021,Gisteren geplaatst,https://kamernet.nl/huren/kamer-sassenheim/westerstraat/kamer-1992246,"{'Woonkamer': ' Onbekend ', 'Keuken': ' Onbekend ', 'Badkamer': ' Onbekend ', 'Toilet': ' Onbekend ', 'Internet': ' Onbekend ', 'Energielabel': ' Onbekend ', 'Huisgenoten': '  Onbekend  ', 'Geslacht': ' Onbekend ', 'Huisdieren': ' In overleg '}",kamer-1992246.html
Stadhuisplein,in Rotterdam,1000 m,Totaal 3 kamers,â‚¬ 683,p/m | incl. g/w/e,Gemeubileerd,06-10-2021,Gisteren geplaatst,https://kamernet.nl/huren/studio-rotterdam/stadhuisplein/studio-1992264,"{'Woonkamer': ' Eigen ', 'Keuken': ' Eigen ', 'Badkamer': ' Eigen ', 'Toilet': ' Eigen ', 'Internet': ' Ja ', 'Energielabel': ' Onbekend ', 'Huisdieren': ' Nee '}",studio-1992264.html
Heistraat,in Helmond,103 m,Totaal 3 kamers,â‚¬ 573,p/m | excl. g/w/e,Kaal,05-10-2021,Gisteren geplaatst,https://kamernet.nl/huren/appartement-helmond/heistraat/appartement-1992244,"{'Woonkamer': ' Onbekend ', 'Keuken': ' Onbekend ', 'Badkamer': ' Onbekend ', 'Toilet': ' Onbekend ', 'Internet': ' Onbekend ', 'Energielabel': ' Onbekend ', 'Huisdieren': ' In overleg '}",appartement-1992244.html
Berkelstraat,in Almere,20 m,Totaal 1 kamer (1 slaapkamer) ,â‚¬ 675,p/m | incl. g/w/e,Gestoffeerd,14-09-2021,Gisteren geplaatst,https://kamernet.nl/huren/studio-almere/berkelstraat/studio-1988122,"{'Woonkamer': ' Eigen ', 'Keuken': ' Eigen ', 'Badkamer': ' Eigen ', 'Toilet': ' Eigen ', 'Internet': ' Onbekend ', 'Energielabel': ' B ', 'Huisdieren': ' In overleg '}",studio-1988122.html
Bankastraat,in Amsterdam,55 m,Totaal 3 kamers,â‚¬ 1750,p/m | excl. g/w/e,Gestoffeerd,01-11-2021,Gisteren geplaatst,https://kamernet.nl/huren/appartement-amsterdam/bankastraat/appartement-1992253,"{'Woonkamer': ' Onbekend ', 'Keuken': ' Onbekend ', 'Badkamer': ' Onbekend ', 'Toilet': ' Onbekend ', 'Internet': ' Onbekend ', 'Energielabel': ' Onbekend ', 'Huisdieren': ' In overleg '}",appartement-1992253.html
Hendrik van Viandenstraat,in Amersfoort,26 m,Totaal 1 kamer,â‚¬ 670,p/m | excl. g/w/e,Gestoffeerd,01-11-2021,Gisteren geplaatst,https://kamernet.nl/huren/appartement-amersfoort/hendrik-van-viandenstraat/appartement-1992254,"{'Woonkamer': ' Onbekend ', 'Keuken': ' Onbekend ', 'Badkamer': ' Onbekend ', 'Toilet': ' Onbekend ', 'Internet': ' Onbekend ', 'Energielabel': ' Onbekend ', 'Huisdieren': ' In overleg '}",appartement-1992254.html
Genemuidengracht,in Amersfoort,67 m,Totaal 3 kamers,â‚¬ 1235,p/m | excl. g/w/e,Gestoffeerd,01-12-2021,Gisteren geplaatst,https://kamernet.nl/huren/appartement-amersfoort/genemuidengracht/appartement-1992255,"{'Woonkamer': ' Onbekend ', 'Keuken': ' Onbekend ', 'Badkamer': ' Onbekend ', 'Toilet': ' Onbekend ', 'Internet': ' Onbekend ', 'Energielabel': ' Onbekend ', 'Huisdieren': ' In overleg '}",appartement-1992255.html
Saxenburgerdwarsstraat,in Amsterdam,48 m,Totaal 1 kamer (1 slaapkamer) ,â‚¬ 1390,p/m | incl. g/w/e,Gemeubileerd,05-10-2021 tot 29-11-2021,Gisteren geplaatst,https://kamernet.nl/huren/appartement-amsterdam/saxenburgerdwarsstraat/appartement-1992263,"{'Woonkamer': ' Eigen ', 'Keuken': ' Eigen ', 'Badkamer': ' Eigen ', 'Toilet': ' Eigen ', 'Internet': ' Ja ', 'Energielabel': ' F ', 'Huisdieren': ' Ja '}",appartement-1992263.html
Cornelis van Vollenhovenstraat,in Amsterdam,20 m,,â‚¬ 650,p/m | excl. g/w/e,Gemeubileerd,01-11-2021,Gisteren geplaatst,https://kamernet.nl/huren/kamer-amsterdam/cornelis-van-vollenhovenstraat/kamer-1992266,"{'Woonkamer': ' Gedeeld ', 'Keuken': ' Gedeeld ', 'Badkamer': ' Gedeeld ', 'Toilet': ' Gedeeld ', 'Internet': ' Ja ', 'Energielabel': ' Onbekend ', 'Huisgenoten': '  3 ', 'Geslacht': ' Gemengd ', 'Huisdieren': ' Nee '}",kamer-1992266.html
Industriestraat,in Hengelo,163 m,Totaal 6 kamers (5 slaapkamers) ,â‚¬ 2500,p/m | excl. g/w/e,Kaal,01-11-2021,Gisteren geplaatst,https://kamernet.nl/huren/appartement-hengelo/industriestraat/appartement-1992268,"{'Woonkamer': ' Gedeeld ', 'Keuken': ' Gedeeld ', 'Badkamer': ' Gedeeld ', 'Toilet': ' Gedeeld ', 'Internet': ' Nee ', 'Energielabel': ' Onbekend ', 'Huisdieren': ' Nee '}",appartement-1992268.html
Achterstraat,in Alkmaar,100 m,,â‚¬ 1250,p/m | excl. g/w/e,Gemeubileerd,05-10-2021,Gisteren geplaatst,https://kamernet.nl/huren/appartement-alkmaar/achterstraat/appartement-1992252,"{'Woonkamer': ' Onbekend ', 'Keuken': ' Onbekend ', 'Badkamer': ' Onbekend ', 'Toilet': ' Onbekend ', 'Internet': ' Onbekend ', 'Energielabel': ' Onbekend ', 'Huisdieren': ' In overleg '}",appartement-1992252.html
Stationsstraat,in Tilburg,25 m,,â‚¬ 650,p/m | excl. g/w/e,Gestoffeerd,01-12-2021,Gisteren geplaatst,https://kamernet.nl/huren/appartement-tilburg/stationsstraat/appartement-1992249,"{'Woonkamer': ' Onbekend ', 'Keuken': ' Onbekend ', 'Badkamer': ' Onbekend ', 'Toilet': ' Onbekend ', 'Internet': ' Onbekend ', 'Energielabel': ' Onbekend ', 'Huisdieren': ' In overleg '}",appartement-1992249.html
Waalstraat,in Arnhem,7 m,Totale oppervlakte: 42 m 2,â‚¬ 270,p/m | incl. g/w/e,Gemeubileerd,11-10-2021,21 uur geleden geplaatst,https://kamernet.nl/huren/kamer-arnhem/waalstraat/kamer-1992306,"{'Woonkamer': ' Gedeeld ', 'Keuken': ' Gedeeld ', 'Badkamer': ' Gedeeld ', 'Toilet': ' Gedeeld ', 'Internet': ' Ja ', 'Energielabel': ' A ', 'Huisgenoten': '  5 ', 'Geslacht': ' Gemengd ', 'Huisdieren': ' Nee '}",kamer-1992306.html
Albardaweg,in Wageningen,50 m,Totaal 2 kamers (1 slaapkamer) ,â‚¬ 850,p/m | incl. g/w/e,Gemeubileerd,01-11-2021,21 uur geleden geplaatst,https://kamernet.nl/huren/appartement-wageningen/albardaweg/appartement-1992303,"{'Woonkamer': ' Eigen ', 'Keuken': ' Eigen ', 'Badkamer': ' Eigen ', 'Toilet': ' Eigen ', 'Internet': ' Ja ', 'Energielabel': ' Onbekend ', 'Huisdieren': ' Nee '}",appartement-1992303.html
Kneppelhoutstraat,in Utrecht,29 m,Totale oppervlakte: 50 m 2,â‚¬ 630,p/m | incl. g/w/e,Gemeubileerd,03-01-2022 tot 20-02-2022,21 uur geleden geplaatst,https://kamernet.nl/huren/kamer-utrecht/kneppelhoutstraat/kamer-1992310,"{'Woonkamer': ' Eigen ', 'Keuken': ' Gedeeld ', 'Badkamer': ' Gedeeld ', 'Toilet': ' Gedeeld ', 'Internet': ' Ja ', 'Energielabel': ' Onbekend ', 'Huisgenoten': '  1 ', 'Geslacht': ' Vrouw ', 'Huisdieren': ' In overleg '}",kamer-1992310.html
Synagogestraat,in Veenendaal,11 m,Totale oppervlakte: 75 m 2,â‚¬ 500,p/m | excl. g/w/e,Kaal,01-11-2021,Gisteren geplaatst,https://kamernet.nl/huren/kamer-veenendaal/synagogestraat/kamer-1992241,"{'Woonkamer': ' Gedeeld ', 'Keuken': ' Gedeeld ', 'Badkamer': ' Gedeeld ', 'Toilet': ' Gedeeld ', 'Internet': ' Ja ', 'Energielabel': ' Onbekend ', 'Huisgenoten': '  1 ', 'Geslacht': ' Vrouw ', 'Huisdieren': ' In overleg '}",kamer-1992241.html
Amstelkade,in Amsterdam,18 m,Totale oppervlakte: 80 m 2,â‚¬ 500,p/m | excl. g/w/e,Gemeubileerd,01-11-2021,21 uur geleden geplaatst,https://kamernet.nl/huren/kamer-amsterdam/amstelkade/kamer-1992316,"{'Woonkamer': ' Eigen ', 'Keuken': ' Eigen ', 'Badkamer': ' Gedeeld ', 'Toilet': ' Gedeeld ', 'Internet': ' Ja ', 'Energielabel': ' Onbekend ', 'Huisgenoten': '  1 ', 'Geslacht': ' Gemengd ', 'Huisdieren': ' Nee '}",kamer-1992316.html
Verboomstraat,in Rotterdam,40 m,Totaal 2 kamers (1 slaapkamer) ,â‚¬ 800,p/m | excl. g/w/e,Gestoffeerd,05-10-2021,Gisteren geplaatst,https://kamernet.nl/huren/studio-rotterdam/verboomstraat/studio-1992279,"{'Woonkamer': ' Eigen ', 'Keuken': ' Eigen ', 'Badkamer': ' Eigen ', 'Toilet': ' Eigen ', 'Internet': ' Onbekend ', 'Energielabel': ' Onbekend ', 'Huisdieren': ' Nee '}",studio-1992279.html
Harmenkokslaan,in Delft,10 m,Totale oppervlakte: 42 m 2,â‚¬ 400,p/m | incl. g/w/e,Gestoffeerd,13-11-2021,21 uur geleden geplaatst,https://kamernet.nl/huren/kamer-delft/harmenkokslaan/kamer-1992045,"{'Woonkamer': ' Gedeeld ', 'Keuken': ' Gedeeld ', 'Badkamer': ' Gedeeld ', 'Toilet': ' Gedeeld ', 'Internet': ' Ja ', 'Energielabel': ' Onbekend ', 'Huisgenoten': '  1 ', 'Geslacht': ' Vrouw ', 'Huisdieren': ' Nee '}",kamer-1992045.html
Laan van Vlaanderen,in Amsterdam,20 m,,â‚¬ 1000,p/m | incl. g/w/e,Gemeubileerd,06-10-2021 tot 06-03-2022,21 uur geleden geplaatst,https://kamernet.nl/huren/kamer-amsterdam/laan-van-vlaanderen/kamer-1992307,"{'Woonkamer': ' Gedeeld ', 'Keuken': ' Gedeeld ', 'Badkamer': ' Gedeeld ', 'Toilet': ' Gedeeld ', 'Internet': ' Ja ', 'Energielabel': ' Onbekend ', 'Huisgenoten': '  1 ', 'Geslacht': ' Vrouw ', 'Huisdieren': ' Nee '}",kamer-1992307.html
Voorstreek,in Leeuwarden,18 m,,â‚¬ 620,p/m | incl. g/w/e,Gestoffeerd,01-11-2021,Gisteren geplaatst,https://kamernet.nl/huren/studio-leeuwarden/voorstreek/studio-1992271,"{'Woonkamer': ' Eigen ', 'Keuken': ' Eigen ', 'Badkamer': ' Eigen ', 'Toilet': ' Eigen ', 'Internet': ' Ja ', 'Energielabel': ' A ', 'Huisdieren': ' Nee '}",studio-1992271.html
Korte Noordstraat,in Middelburg,23 m,,â‚¬ 450,p/m | incl. g/w/e,Gestoffeerd,01-11-2021,21 uur geleden geplaatst,https://kamernet.nl/huren/kamer-middelburg/korte-noordstraat/kamer-1992326,"{'Woonkamer': ' Geen ', 'Keuken': ' Gedeeld ', 'Badkamer': ' Gedeeld ', 'Toilet': ' Gedeeld ', 'Internet': ' Ja ', 'Energielabel': ' Onbekend ', 'Huisgenoten': '  7 ', 'Geslacht': ' Gemengd ', 'Huisdieren': ' Nee '}",kamer-1992326.html
Hofgeest,in Amsterdam,14 m,Totale oppervlakte: 38 m 2,â‚¬ 1100,p/m | incl. g/w/e,Gemeubileerd,20-10-2021,21 uur geleden geplaatst,https://kamernet.nl/huren/kamer-amsterdam/hofgeest/kamer-1992317,"{'Woonkamer': ' Geen ', 'Keuken': ' Gedeeld ', 'Badkamer': ' Gedeeld ', 'Toilet': ' Gedeeld ', 'Internet': ' Ja ', 'Energielabel': ' Onbekend ', 'Huisgenoten': '  Onbekend  ', 'Geslacht': ' Onbekend ', 'Huisdieren': ' Nee '}",kamer-1992317.html
Korte Noordstraat,in Middelburg,11 m,,â‚¬ 350,p/m | incl. g/w/e,Gestoffeerd,01-11-2021,21 uur geleden geplaatst,https://kamernet.nl/huren/kamer-middelburg/korte-noordstraat/kamer-1992330,"{'Woonkamer': ' Geen ', 'Keuken': ' Gedeeld ', 'Badkamer': ' Gedeeld ', 'Toilet': ' Gedeeld ', 'Internet': ' Ja ', 'Energielabel': ' Onbekend ', 'Huisgenoten': '  7 ', 'Geslacht': ' Gemengd ', 'Huisdieren': ' Nee '}",kamer-1992330.html
Molenwater,in Middelburg,12 m,,â‚¬ 385,p/m | incl. g/w/e,Gestoffeerd,18-10-2021,21 uur geleden geplaatst,https://kamernet.nl/huren/kamer-middelburg/molenwater/kamer-1992333,"{'Woonkamer': ' Geen ', 'Keuken': ' Gedeeld ', 'Badkamer': ' Gedeeld ', 'Toilet': ' Gedeeld ', 'Internet': ' Ja ', 'Energielabel': ' Onbekend ', 'Huisgenoten': '  5 ', 'Geslacht': ' Gemengd ', 'Huisdieren': ' Nee '}",kamer-1992333.html
Parkstraat,in Haarlem,16 m,Totale oppervlakte: 5 m 2,â‚¬ 495,p/m | incl. g/w/e,Gestoffeerd,01-11-2021,21 uur geleden geplaatst,https://kamernet.nl/huren/kamer-haarlem/parkstraat/kamer-1992304,"{'Woonkamer': ' Eigen ', 'Keuken': ' Gedeeld ', 'Badkamer': ' Gedeeld ', 'Toilet': ' Gedeeld ', 'Internet': ' Ja ', 'Energielabel': ' Onbekend ', 'Huisgenoten': '  4  ', 'Geslacht': ' Gemengd ', 'Huisdieren': ' Nee '}",kamer-1992304.html
Jozef Israelskade,in Amsterdam,6 m,,â‚¬ 400,p/m | incl. g/w/e,Kaal,01-11-2021,20 uur geleden geplaatst,https://kamernet.nl/huren/kamer-amsterdam/jozef-israelskade/kamer-1992339,"{'Woonkamer': ' Geen ', 'Keuken': ' Gedeeld ', 'Badkamer': ' Gedeeld ', 'Toilet': ' Gedeeld ', 'Internet': ' Nee ', 'Energielabel': ' Onbekend ', 'Huisgenoten': '  Onbekend  ', 'Geslacht': ' Man ', 'Huisdieren': ' In overleg '}",kamer-1992339.html
Van Hogendorpstraat,in Amsterdam,36 m,Totaal 1 kamer (1 slaapkamer) ,â‚¬ 1350,p/m | excl. g/w/e,Gemeubileerd,01-11-2021,20 uur geleden geplaatst,https://kamernet.nl/huren/appartement-amsterdam/van-hogendorpstraat/appartement-1992349,"{'Woonkamer': ' Eigen ', 'Keuken': ' Eigen ', 'Badkamer': ' Eigen ', 'Toilet': ' Eigen ', 'Internet': ' Ja ', 'Energielabel': ' B ', 'Huisdieren': ' Nee '}",appartement-1992349.html
Zevenwouden,in Utrecht,76 m,Totaal 3 kamers (2 slaapkamers) ,â‚¬ 1300,p/m | excl. g/w/e,Gemeubileerd,01-11-2021,Gisteren geplaatst,https://kamernet.nl/huren/appartement-utrecht/zevenwouden/appartement-1992280,"{'Woonkamer': ' Eigen ', 'Keuken': ' Eigen ', 'Badkamer': ' Eigen ', 'Toilet': ' Eigen ', 'Internet': ' Nee ', 'Energielabel': ' B ', 'Huisdieren': ' Nee '}",appartement-1992280.html
Kanaalkade,in Alkmaar,28 m,,â‚¬ 650,p/m | incl. g/w/e,Gestoffeerd,01-11-2021,20 uur geleden geplaatst,https://kamernet.nl/huren/kamer-alkmaar/kanaalkade/kamer-1992350,"{'Woonkamer': ' Eigen ', 'Keuken': ' Gedeeld ', 'Badkamer': ' Gedeeld ', 'Toilet': ' Gedeeld ', 'Internet': ' Ja ', 'Energielabel': ' Onbekend ', 'Huisgenoten': '  2 ', 'Geslacht': ' Gemengd ', 'Huisdieren': ' Nee '}",kamer-1992350.html
Duinroosweg,in Callantsoog,188 m,Totaal 4 kamers (3 slaapkamers) ,â‚¬ 1895,p/m | incl. g/w/e,Gemeubileerd,01-11-2021 tot 01-05-2022,14 uur geleden geplaatst,https://kamernet.nl/huren/appartement-callantsoog/duinroosweg/appartement-1992401,"{'Woonkamer': ' Eigen ', 'Keuken': ' Eigen ', 'Badkamer': ' Eigen ', 'Toilet': ' Eigen ', 'Internet': ' Ja ', 'Energielabel': ' Onbekend ', 'Huisdieren': ' Nee '}",appartement-1992401.html
Sontdwarsstraat,in Leeuwarden,10 m,,â‚¬ 315,p/m | incl. g/w/e,Gestoffeerd,05-10-2021,14 uur geleden geplaatst,https://kamernet.nl/huren/kamer-leeuwarden/sontdwarsstraat/kamer-1992412,"{'Woonkamer': ' Geen ', 'Keuken': ' Gedeeld ', 'Badkamer': ' Gedeeld ', 'Toilet': ' Gedeeld ', 'Internet': ' Ja ', 'Energielabel': ' Onbekend ', 'Huisgenoten': '  5 ', 'Geslacht': ' Gemengd ', 'Huisdieren': ' Nee '}",kamer-1992412.html
Aan 't Verlaat,in Delft,12 m,,â‚¬ 360,p/m | incl. g/w/e,Gestoffeerd,01-11-2021,14 uur geleden geplaatst,https://kamernet.nl/huren/kamer-delft/aan-'t-verlaat/kamer-1992394,"{'Woonkamer': ' Gedeeld ', 'Keuken': ' Gedeeld ', 'Badkamer': ' Gedeeld ', 'Toilet': ' Gedeeld ', 'Internet': ' Ja ', 'Energielabel': ' Onbekend ', 'Huisgenoten': '  8  ', 'Geslacht': ' Man ', 'Huisdieren': ' Nee '}",kamer-1992394.html
Abraham Kuyperlaan,in Rotterdam,55 m,Totaal 2 kamers (1 slaapkamer) ,â‚¬ 1150,p/m | incl. g/w/e,Gestoffeerd,15-10-2021,14 uur geleden geplaatst,https://kamernet.nl/huren/appartement-rotterdam/abraham-kuyperlaan/appartement-1992411,"{'Woonkamer': ' Eigen ', 'Keuken': ' Eigen ', 'Badkamer': ' Eigen ', 'Toilet': ' Eigen ', 'Internet': ' Ja ', 'Energielabel': ' C ', 'Huisdieren': ' Nee '}",appartement-1992411.html
Herengracht,in Weesp,36 m,Totaal 1 kamer (1 slaapkamer) ,â‚¬ 900,p/m | incl. g/w/e,Gemeubileerd,15-10-2021 tot 30-06-2022,20 uur geleden geplaatst,https://kamernet.nl/huren/studio-weesp/herengracht/studio-1992345,"{'Woonkamer': ' Eigen ', 'Keuken': ' Eigen ', 'Badkamer': ' Eigen ', 'Toilet': ' Eigen ', 'Internet': ' Ja ', 'Energielabel': ' E ', 'Huisdieren': ' Nee '}",studio-1992345.html
Essenlaan,in Schagen,30 m,Totale oppervlakte: 25 m 2,â‚¬ 460,p/m | incl. g/w/e,Gestoffeerd,15-10-2021,21 uur geleden geplaatst,https://kamernet.nl/huren/kamer-schagen/essenlaan/kamer-1992327,"{'Woonkamer': ' Eigen ', 'Keuken': ' Gedeeld ', 'Badkamer': ' Gedeeld ', 'Toilet': ' Gedeeld ', 'Internet': ' Ja ', 'Energielabel': ' Onbekend ', 'Huisgenoten': '  1 ', 'Geslacht': ' Man ', 'Huisdieren': ' Nee '}",kamer-1992327.html
Muzenlaan,in Eindhoven,19 m,Totale oppervlakte: 15 m 2,â‚¬ 520,p/m | incl. g/w/e,Gestoffeerd,01-11-2021,20 uur geleden geplaatst,https://kamernet.nl/huren/kamer-eindhoven/muzenlaan/kamer-1992347,"{'Woonkamer': ' Eigen ', 'Keuken': ' Eigen ', 'Badkamer': ' Eigen ', 'Toilet': ' Eigen ', 'Internet': ' Ja ', 'Energielabel': ' Onbekend ', 'Huisgenoten': '  5 ', 'Geslacht': ' Gemengd ', 'Huisdieren': ' Nee '}",kamer-1992347.html
Driemolendrift,in Groningen,54 m,,â‚¬ 850,p/m | incl. g/w/e,Gemeubileerd,01-01-2022 tot 31-03-2022,13 uur geleden geplaatst,https://kamernet.nl/huren/kamer-groningen/driemolendrift/kamer-1992415,"{'Woonkamer': ' Eigen ', 'Keuken': ' Eigen ', 'Badkamer': ' Eigen ', 'Toilet': ' Eigen ', 'Internet': ' Ja ', 'Energielabel': ' A ', 'Huisgenoten': '  Onbekend  ', 'Geslacht': ' Onbekend ', 'Huisdieren': ' Nee '}",kamer-1992415.html
Potgieterlaan,in Uithoorn,24 m,,â‚¬ 500,p/m | incl. g/w/e,Gemeubileerd,04-10-2021,2 dagen geleden geplaatst,https://kamernet.nl/huren/kamer-uithoorn/potgieterlaan/kamer-1992204,"{'Woonkamer': ' Geen ', 'Keuken': ' Eigen ', 'Badkamer': ' Gedeeld ', 'Toilet': ' Gedeeld ', 'Internet': ' Ja ', 'Energielabel': ' Onbekend ', 'Huisgenoten': '  3 ', 'Geslacht': ' Gemengd ', 'Huisdieren': ' Ja '}",kamer-1992204.html
Morsweg,in Leiden,14 m,,â‚¬ 400,p/m | incl. g/w/e,Gestoffeerd,04-10-2021,2 dagen geleden geplaatst,https://kamernet.nl/huren/kamer-leiden/morsweg/kamer-1992218,"{'Woonkamer': ' Onbekend ', 'Keuken': ' Gedeeld ', 'Badkamer': ' Gedeeld ', 'Toilet': ' Gedeeld ', 'Internet': ' Ja ', 'Energielabel': ' Onbekend ', 'Huisgenoten': '  5 ', 'Geslacht': ' Gemengd ', 'Huisdieren': ' Nee '}",kamer-1992218.html
Sontdwarsstraat,in Leeuwarden,20 m,,â‚¬ 425,p/m | incl. g/w/e,Gestoffeerd,16-10-2021,2 dagen geleden geplaatst,https://kamernet.nl/huren/kamer-leeuwarden/sontdwarsstraat/kamer-1992219,"{'Woonkamer': ' Geen ', 'Keuken': ' Gedeeld ', 'Badkamer': ' Gedeeld ', 'Toilet': ' Gedeeld ', 'Internet': ' Ja ', 'Energielabel': ' Onbekend ', 'Huisgenoten': '  5 ', 'Geslacht': ' Gemengd ', 'Huisdieren': ' Nee '}",kamer-1992219.html
Hoornsediep,in Groningen,85 m,,â‚¬ 1250,p/m | excl. g/w/e,Gemeubileerd,01-11-2021 tot 01-11-2022,Gisteren geplaatst,https://kamernet.nl/huren/appartement-groningen/hoornsediep/appartement-1992240,"{'Woonkamer': ' Eigen ', 'Keuken': ' Eigen ', 'Badkamer': ' Eigen ', 'Toilet': ' Eigen ', 'Internet': ' Ja ', 'Energielabel': ' Onbekend ', 'Huisdieren': ' Nee '}",appartement-1992240.html
Dokter Nevenstraat,in Maastricht,20 m,,â‚¬ 721,p/m | incl. g/w/e,Kaal,01-11-2021,Gisteren geplaatst,https://kamernet.nl/huren/kamer-maastricht/dokter-nevenstraat/kamer-1992247,"{'Woonkamer': ' Onbekend ', 'Keuken': ' Onbekend ', 'Badkamer': ' Onbekend ', 'Toilet': ' Onbekend ', 'Internet': ' Ja ', 'Energielabel': ' Onbekend ', 'Huisgenoten': '  Onbekend  ', 'Geslacht': ' Onbekend ', 'Huisdieren': ' Nee '}",kamer-1992247.html
Geefhuishof,in Tilburg,51 m,Totaal 2 kamers,â‚¬ 931,p/m | excl. g/w/e,Onbekend,05-10-2021,Gisteren geplaatst,https://kamernet.nl/huren/appartement-tilburg/geefhuishof/appartement-1992248,"{'Woonkamer': ' Onbekend ', 'Keuken': ' Onbekend ', 'Badkamer': ' Onbekend ', 'Toilet': ' Onbekend ', 'Internet': ' Onbekend ', 'Energielabel': ' Onbekend ', 'Huisdieren': ' Nee '}",appartement-1992248.html
Willemstraat,in Eindhoven,70 m,Totaal 2 kamers,â‚¬ 1450,p/m | excl. g/w/e,Gemeubileerd,01-11-2021,Gisteren geplaatst,https://kamernet.nl/huren/appartement-eindhoven/willemstraat/appartement-1992250,"{'Woonkamer': ' Onbekend ', 'Keuken': ' Onbekend ', 'Badkamer': ' Onbekend ', 'Toilet': ' Onbekend ', 'Internet': ' Onbekend ', 'Energielabel': ' Onbekend ', 'Huisdieren': ' Nee '}",appartement-1992250.html
Roodeschoolstraat,in Tilburg,105 m,Totaal 5 kamers,â‚¬ 1200,p/m | excl. g/w/e,Onbekend,06-10-2021,3 uur geleden geplaatst,https://kamernet.nl/huren/appartement-tilburg/roodeschoolstraat/appartement-1992447,"{'Woonkamer': ' Onbekend ', 'Keuken': ' Onbekend ', 'Badkamer': ' Onbekend ', 'Toilet': ' Onbekend ', 'Internet': ' Onbekend ', 'Energielabel': ' Onbekend ', 'Huisdieren': ' Nee '}",appartement-1992447.html
Beukelsdijk,in Rotterdam,21 m,Totale oppervlakte: 130 m 2,â‚¬ 685,p/m | incl. g/w/e,Gemeubileerd,01-11-2021 tot 31-12-2021,3 uur geleden geplaatst,https://kamernet.nl/huren/kamer-rotterdam/beukelsdijk/kamer-1992442,"{'Woonkamer': ' Gedeeld ', 'Keuken': ' Gedeeld ', 'Badkamer': ' Gedeeld ', 'Toilet': ' Gedeeld ', 'Internet': ' Ja ', 'Energielabel': ' Onbekend ', 'Huisgenoten': '  4  ', 'Geslacht': ' Man ', 'Huisdieren': ' Nee '}",kamer-1992442.html
Biest,in Weert,140 m,Totaal 4 kamers (3 slaapkamers) ,â‚¬ 1350,p/m | excl. g/w/e,Gestoffeerd,23-10-2021,Gisteren geplaatst,https://kamernet.nl/huren/appartement-weert/biest/appartement-1992207,"{'Woonkamer': ' Eigen ', 'Keuken': ' Eigen ', 'Badkamer': ' Eigen ', 'Toilet': ' Eigen ', 'Internet': ' Nee ', 'Energielabel': ' B ', 'Huisdieren': ' In overleg '}",appartement-1992207.html
Asserlaan,in Utrecht,25 m,Totaal 1 kamer (1 slaapkamer) ,â‚¬ 975,p/m | incl. g/w/e,Gemeubileerd,18-10-2021,2 dagen geleden geplaatst,https://kamernet.nl/huren/studio-utrecht/asserlaan/studio-1992203,"{'Woonkamer': ' Eigen ', 'Keuken': ' Eigen ', 'Badkamer': ' Eigen ', 'Toilet': ' Eigen ', 'Internet': ' Ja ', 'Energielabel': ' A ', 'Huisdieren': ' Nee '}",studio-1992203.html
Balistraat,in Amsterdam,50 m,Totaal 2 kamers (1 slaapkamer) ,â‚¬ 1400,p/m | incl. g/w/e,Gemeubileerd,01-11-2021 tot 01-03-2022,Gisteren geplaatst,https://kamernet.nl/huren/appartement-amsterdam/balistraat/appartement-1992226,"{'Woonkamer': ' Eigen ', 'Keuken': ' Eigen ', 'Badkamer': ' Eigen ', 'Toilet': ' Eigen ', 'Internet': ' Ja ', 'Energielabel': ' A ', 'Huisdieren': ' Nee '}",appartement-1992226.html
St. Antonielaan,in Arnhem,28 m,Totaal 2 kamers (1 slaapkamer) ,â‚¬ 675,p/m | incl. g/w/e,Gemeubileerd,06-11-2021,Gisteren geplaatst,https://kamernet.nl/huren/appartement-arnhem/st.-antonielaan/appartement-1992225,"{'Woonkamer': ' Eigen ', 'Keuken': ' Eigen ', 'Badkamer': ' Eigen ', 'Toilet': ' Eigen ', 'Internet': ' Ja ', 'Energielabel': ' Onbekend ', 'Huisdieren': ' Nee '}",appartement-1992225.html
Rijn en Schiekade,in Leiden,14 m,,â‚¬ 300,p/m | incl. g/w/e,Kaal,12-10-2021,Gisteren geplaatst,https://kamernet.nl/huren/kamer-leiden/rijn-en-schiekade/kamer-1992262,"{'Woonkamer': ' Gedeeld ', 'Keuken': ' Gedeeld ', 'Badkamer': ' Gedeeld ', 'Toilet': ' Gedeeld ', 'Internet': ' Nee ', 'Energielabel': ' Onbekend ', 'Huisgenoten': '  8  ', 'Geslacht': ' Gemengd ', 'Huisdieren': ' Nee '}",kamer-1992262.html
Paviljoenshof,in Leiden,35 m,Totaal 2 kamers (1 slaapkamer) ,â‚¬ 800,p/m | incl. g/w/e,Gemeubileerd,04-11-2021 tot 04-02-2022,Gisteren geplaatst,https://kamernet.nl/huren/appartement-leiden/paviljoenshof/appartement-1992216,"{'Woonkamer': ' Eigen ', 'Keuken': ' Eigen ', 'Badkamer': ' Eigen ', 'Toilet': ' Eigen ', 'Internet': ' Ja ', 'Energielabel': ' E ', 'Huisdieren': ' Nee '}",appartement-1992216.html
Remmerdenplein,in Amsterdam,85 m,Totale oppervlakte: 85 m 2,â‚¬ 625,p/m | incl. g/w/e,Gemeubileerd,06-10-2021 tot 20-02-2022,2 uur geleden geplaatst,https://kamernet.nl/huren/kamer-amsterdam/remmerdenplein/kamer-1992397,"{'Woonkamer': ' Gedeeld ', 'Keuken': ' Gedeeld ', 'Badkamer': ' Gedeeld ', 'Toilet': ' Gedeeld ', 'Internet': ' Ja ', 'Energielabel': ' A ', 'Huisgenoten': '  2 ', 'Geslacht': ' Man ', 'Huisdieren': ' Nee '}",kamer-1992397.html
Hinthamereinde,in Den Bosch,35 m,,â‚¬ 576,p/m | incl. g/w/e,Gestoffeerd,05-10-2021,2 uur geleden geplaatst,https://kamernet.nl/huren/kamer-den-bosch/hinthamereinde/kamer-1992417,"{'Woonkamer': ' Gedeeld ', 'Keuken': ' Gedeeld ', 'Badkamer': ' Gedeeld ', 'Toilet': ' Gedeeld ', 'Internet': ' Ja ', 'Energielabel': ' Onbekend ', 'Huisgenoten': '  5 ', 'Geslacht': ' Gemengd ', 'Huisdieren': ' Nee '}",kamer-1992417.html
Wijnstraat,in Dordrecht,18 m,Totale oppervlakte: 100 m 2,â‚¬ 450,p/m | incl. g/w/e,Gemeubileerd,01-11-2021,2 uur geleden geplaatst,https://kamernet.nl/huren/kamer-dordrecht/wijnstraat/kamer-1992422,"{'Woonkamer': ' Gedeeld ', 'Keuken': ' Gedeeld ', 'Badkamer': ' Gedeeld ', 'Toilet': ' Gedeeld ', 'Internet': ' Ja ', 'Energielabel': ' C ', 'Huisgenoten': '  4  ', 'Geslacht': ' Gemengd ', 'Huisdieren': ' Nee '}",kamer-1992422.html
Sweerts de Landasstraat,in Arnhem,16 m,,â‚¬ 435,p/m | incl. g/w/e,Gestoffeerd,01-11-2021,2 uur geleden geplaatst,https://kamernet.nl/huren/kamer-arnhem/sweerts-de-landasstraat/kamer-1992424,"{'Woonkamer': ' Eigen ', 'Keuken': ' Gedeeld ', 'Badkamer': ' Gedeeld ', 'Toilet': ' Gedeeld ', 'Internet': ' Ja ', 'Energielabel': ' Onbekend ', 'Huisgenoten': '  7 ', 'Geslacht': ' Gemengd ', 'Huisdieren': ' Nee '}",kamer-1992424.html
Tofana,in Amsterdam,199 m,,â‚¬ 925,p/m | incl. g/w/e,Gemeubileerd,06-10-2021,2 uur geleden geplaatst,https://kamernet.nl/huren/kamer-amsterdam/tofana/kamer-1992427,"{'Woonkamer': ' Gedeeld ', 'Keuken': ' Gedeeld ', 'Badkamer': ' Gedeeld ', 'Toilet': ' Gedeeld ', 'Internet': ' Ja ', 'Energielabel': ' C ', 'Huisgenoten': '  3 ', 'Geslacht': ' Gemengd ', 'Huisdieren': ' Nee '}",kamer-1992427.html
De Heurne,in Enschede,25 m,Totaal 1 kamer (1 slaapkamer) ,â‚¬ 725,p/m | incl. g/w/e,Gemeubileerd,05-10-2021 tot 30-09-2022,Gisteren geplaatst,https://kamernet.nl/huren/studio-enschede/de-heurne/studio-1992239,"{'Woonkamer': ' Eigen ', 'Keuken': ' Eigen ', 'Badkamer': ' Eigen ', 'Toilet': ' Eigen ', 'Internet': ' Ja ', 'Energielabel': ' Onbekend ', 'Huisdieren': ' Nee '}",studio-1992239.html
Kasperenstraat,in Kerkrade,61 m,Totaal 3 kamers (2 slaapkamers) ,â‚¬ 752,p/m | excl. g/w/e,Gestoffeerd,05-10-2021,2 uur geleden geplaatst,https://kamernet.nl/huren/appartement-kerkrade/kasperenstraat/appartement-1992406,"{'Woonkamer': ' Eigen ', 'Keuken': ' Eigen ', 'Badkamer': ' Eigen ', 'Toilet': ' Eigen ', 'Internet': ' Onbekend ', 'Energielabel': ' Onbekend ', 'Huisdieren': ' Nee '}",appartement-1992406.html
Beeklaan,in Den Haag,16 m,,â‚¬ 575,p/m | incl. g/w/e,Gemeubileerd,10-10-2021,Gisteren geplaatst,https://kamernet.nl/huren/kamer-den-haag/beeklaan/kamer-1992232,"{'Woonkamer': ' Gedeeld ', 'Keuken': ' Gedeeld ', 'Badkamer': ' Gedeeld ', 'Toilet': ' Gedeeld ', 'Internet': ' Ja ', 'Energielabel': ' Onbekend ', 'Huisgenoten': '  2 ', 'Geslacht': ' Man ', 'Huisdieren': ' Nee '}",kamer-1992232.html
Oldenzaalsestraat,in Hengelo,15 m,,â‚¬ 310,p/m | incl. g/w/e,Kaal,01-11-2021,Gisteren geplaatst,https://kamernet.nl/huren/kamer-hengelo/oldenzaalsestraat/kamer-1992282,"{'Woonkamer': ' Geen ', 'Keuken': ' Gedeeld ', 'Badkamer': ' Gedeeld ', 'Toilet': ' Gedeeld ', 'Internet': ' Ja ', 'Energielabel': ' Onbekend ', 'Huisgenoten': '  3 ', 'Geslacht': ' Man ', 'Huisdieren': ' Nee '}",kamer-1992282.html
Brasserskade,in Delft,24 m,,â‚¬ 385,p/m | incl. g/w/e,Gemeubileerd,04-10-2021 tot 05-02-2022,Gisteren geplaatst,https://kamernet.nl/huren/kamer-delft/brasserskade/kamer-1992222,"{'Woonkamer': ' Gedeeld ', 'Keuken': ' Gedeeld ', 'Badkamer': ' Gedeeld ', 'Toilet': ' Gedeeld ', 'Internet': ' Ja ', 'Energielabel': ' Onbekend ', 'Huisgenoten': '  4  ', 'Geslacht': ' Gemengd ', 'Huisdieren': ' Nee '}",kamer-1992222.html
Molenwater,in Middelburg,16 m,,â‚¬ 385,p/m | incl. g/w/e,Gestoffeerd,05-10-2021,21 uur geleden geplaatst,https://kamernet.nl/huren/kamer-middelburg/molenwater/kamer-1992331,"{'Woonkamer': ' Geen ', 'Keuken': ' Gedeeld ', 'Badkamer': ' Gedeeld ', 'Toilet': ' Gedeeld ', 'Internet': ' Ja ', 'Energielabel': ' Onbekend ', 'Huisgenoten': '  5 ', 'Geslacht': ' Gemengd ', 'Huisdieren': ' Nee '}",kamer-1992331.html
Kleine Appelstraat,in Groningen,15 m,,â‚¬ 300,p/m | incl. g/w/e,Gestoffeerd,05-10-2021 tot 01-02-2022,Gisteren geplaatst,https://kamernet.nl/huren/kamer-groningen/kleine-appelstraat/kamer-1992284,"{'Woonkamer': ' Geen ', 'Keuken': ' Gedeeld ', 'Badkamer': ' Gedeeld ', 'Toilet': ' Gedeeld ', 'Internet': ' Onbekend ', 'Energielabel': ' Onbekend ', 'Huisgenoten': '  2 ', 'Geslacht': ' Man ', 'Huisdieren': ' In overleg '}",kamer-1992284.html
Badhuiskade,in Amsterdam,49 m,Totaal 2 kamers,â‚¬ 1850,p/m | excl. g/w/e,Gemeubileerd,05-10-2021,Gisteren geplaatst,https://kamernet.nl/huren/appartement-amsterdam/badhuiskade/appartement-1992291,"{'Woonkamer': ' Onbekend ', 'Keuken': ' Onbekend ', 'Badkamer': ' Onbekend ', 'Toilet': ' Onbekend ', 'Internet': ' Onbekend ', 'Energielabel': ' Onbekend ', 'Huisdieren': ' In overleg '}",appartement-1992291.html
Burg Letteweg,in Oostvoorne,55 m,Totaal 2 kamers,â‚¬ 1300,p/m | incl. g/w/e,Gemeubileerd,05-10-2021,Gisteren geplaatst,https://kamernet.nl/huren/appartement-oostvoorne/burg-letteweg/appartement-1992292,"{'Woonkamer': ' Onbekend ', 'Keuken': ' Onbekend ', 'Badkamer': ' Onbekend ', 'Toilet': ' Onbekend ', 'Internet': ' Onbekend ', 'Energielabel': ' Onbekend ', 'Huisdieren': ' In overleg '}",appartement-1992292.html
Burg Letteweg,in Oostvoorne,45 m,Totaal 2 kamers,â‚¬ 1150,p/m | incl. g/w/e,Gestoffeerd,05-10-2021,Gisteren geplaatst,https://kamernet.nl/huren/appartement-oostvoorne/burg-letteweg/appartement-1992293,"{'Woonkamer': ' Onbekend ', 'Keuken': ' Onbekend ', 'Badkamer': ' Onbekend ', 'Toilet': ' Onbekend ', 'Internet': ' Onbekend ', 'Energielabel': ' Onbekend ', 'Huisdieren': ' In overleg '}",appartement-1992293.html
Kortegracht,in Amersfoort,20 m,,â‚¬ 525,p/m | excl. g/w/e,Kaal,01-11-2021,Gisteren geplaatst,https://kamernet.nl/huren/kamer-amersfoort/kortegracht/kamer-1992278,"{'Woonkamer': ' Geen ', 'Keuken': ' Gedeeld ', 'Badkamer': ' Gedeeld ', 'Toilet': ' Gedeeld ', 'Internet': ' Nee ', 'Energielabel': ' Onbekend ', 'Huisgenoten': '  4  ', 'Geslacht': ' Man ', 'Huisdieren': ' Nee '}",kamer-1992278.html
Hoogstraat,in Schiedam,20 m,,â‚¬ 500,p/m | incl. g/w/e,Gemeubileerd,01-11-2021,22 uur geleden geplaatst,https://kamernet.nl/huren/kamer-schiedam/hoogstraat/kamer-1992320,"{'Woonkamer': ' Gedeeld ', 'Keuken': ' Gedeeld ', 'Badkamer': ' Gedeeld ', 'Toilet': ' Gedeeld ', 'Internet': ' Ja ', 'Energielabel': ' Onbekend ', 'Huisgenoten': '  1 ', 'Geslacht': ' Vrouw ', 'Huisdieren': ' Nee '}",kamer-1992320.html
Adenauerlaan,in Utrecht,55 m,Totaal 4 kamers (2 slaapkamers) ,â‚¬ 1475,p/m | excl. g/w/e,Gestoffeerd,05-10-2021,Gisteren geplaatst,https://kamernet.nl/huren/appartement-utrecht/adenauerlaan/appartement-1992297,"{'Woonkamer': ' Eigen ', 'Keuken': ' Eigen ', 'Badkamer': ' Eigen ', 'Toilet': ' Eigen ', 'Internet': ' Ja ', 'Energielabel': ' B ', 'Huisdieren': ' Nee '}",appartement-1992297.html
P.J. Bliekstraat,in Spijkenisse,70 m,,â‚¬ 285,p/m | incl. g/w/e,Gestoffeerd,05-10-2021 tot 06-04-2022,Gisteren geplaatst,https://kamernet.nl/huren/anti-kraak-spijkenisse/p.j.-bliekstraat/anti-kraak-1992276,"{'Woonkamer': ' Gedeeld ', 'Keuken': ' Gedeeld ', 'Badkamer': ' Gedeeld ', 'Toilet': ' Gedeeld ', 'Internet': ' Nee ', 'Energielabel': ' Onbekend ', 'Huisdieren': ' Nee '}",anti-kraak-1992276.html
Vrouwgeestweg,in Woubrugge,50 m,,â‚¬ 700,p/m | incl. g/w/e,Gestoffeerd,05-10-2021,21 uur geleden geplaatst,https://kamernet.nl/huren/kamer-woubrugge/vrouwgeestweg/kamer-1992295,"{'Woonkamer': ' Eigen ', 'Keuken': ' Gedeeld ', 'Badkamer': ' Gedeeld ', 'Toilet': ' Gedeeld ', 'Internet': ' Ja ', 'Energielabel': ' Onbekend ', 'Huisgenoten': '  Onbekend  ', 'Geslacht': ' Onbekend ', 'Huisdieren': ' In overleg '}",kamer-1992295.html
Balijelaan,in Utrecht,13 m,Totale oppervlakte: 20 m 2,â‚¬ 415,p/m | incl. g/w/e,Gestoffeerd,15-11-2021,22 uur geleden geplaatst,https://kamernet.nl/huren/kamer-utrecht/balijelaan/kamer-1992321,"{'Woonkamer': ' Eigen ', 'Keuken': ' Eigen ', 'Badkamer': ' Gedeeld ', 'Toilet': ' Gedeeld ', 'Internet': ' Ja ', 'Energielabel': ' Onbekend ', 'Huisgenoten': '  1 ', 'Geslacht': ' Man ', 'Huisdieren': ' Nee '}",kamer-1992321.html
Bakkerstraat,in Zandvoort,40 m,Totaal 2 kamers (1 slaapkamer) ,â‚¬ 1050,p/m | incl. g/w/e,Gemeubileerd,01-11-2021 tot 01-04-2022,21 uur geleden geplaatst,https://kamernet.nl/huren/appartement-zandvoort/bakkerstraat/appartement-1992302,"{'Woonkamer': ' Eigen ', 'Keuken': ' Eigen ', 'Badkamer': ' Eigen ', 'Toilet': ' Eigen ', 'Internet': ' Ja ', 'Energielabel': ' Onbekend ', 'Huisdieren': ' Nee '}",appartement-1992302.html
Willem Landrepad,in Amersfoort,32 m,,â‚¬ 600,p/m | incl. g/w/e,Onbekend,30-10-2021 tot 30-04-2022,21 uur geleden geplaatst,https://kamernet.nl/huren/kamer-amersfoort/willem-landrepad/kamer-1992301,"{'Woonkamer': ' Geen ', 'Keuken': ' Gedeeld ', 'Badkamer': ' Gedeeld ', 'Toilet': ' Gedeeld ', 'Internet': ' Ja ', 'Energielabel': ' Onbekend ', 'Huisgenoten': '  1 ', 'Geslacht': ' Vrouw ', 'Huisdieren': ' Nee '}",kamer-1992301.html
Busken Huetstraat,in Den Haag,12 m,,â‚¬ 550,p/m | incl. g/w/e,Gestoffeerd,05-10-2021,21 uur geleden geplaatst,https://kamernet.nl/huren/kamer-den-haag/busken-huetstraat/kamer-1992300,"{'Woonkamer': ' Gedeeld ', 'Keuken': ' Gedeeld ', 'Badkamer': ' Gedeeld ', 'Toilet': ' Gedeeld ', 'Internet': ' Ja ', 'Energielabel': ' B ', 'Huisgenoten': '  Onbekend  ', 'Geslacht': ' Onbekend ', 'Huisdieren': ' Nee '}",kamer-1992300.html
Herenweg,in Utrecht,22 m,,â‚¬ 350,p/m | incl. g/w/e,Gestoffeerd,04-11-2021,2 uur geleden geplaatst,https://kamernet.nl/huren/kamer-utrecht/herenweg/kamer-1992467,"{'Woonkamer': ' Gedeeld ', 'Keuken': ' Gedeeld ', 'Badkamer': ' Gedeeld ', 'Toilet': ' Gedeeld ', 'Internet': ' Ja ', 'Energielabel': ' Onbekend ', 'Huisgenoten': '  7 ', 'Geslacht': ' Gemengd ', 'Huisdieren': ' Nee '}",kamer-1992467.html
Azielaan,in Utrecht,17 m,,â‚¬ 615,p/m | incl. g/w/e,Kaal,04-10-2021,Gisteren geplaatst,https://kamernet.nl/huren/kamer-utrecht/azielaan/kamer-1992213,"{'Woonkamer': ' Gedeeld ', 'Keuken': ' Gedeeld ', 'Badkamer': ' Gedeeld ', 'Toilet': ' Gedeeld ', 'Internet': ' Ja ', 'Energielabel': ' Onbekend ', 'Huisgenoten': '  1 ', 'Geslacht': ' Vrouw ', 'Huisdieren': ' In overleg '}",kamer-1992213.html
Markendaalseweg,in Breda,60 m,Totale oppervlakte: 60 m 2,â‚¬ 150,p/m | incl. g/w/e,Gemeubileerd,18-10-2021,2 uur geleden geplaatst,https://kamernet.nl/huren/kamer-breda/markendaalseweg/kamer-1992435,"{'Woonkamer': ' Gedeeld ', 'Keuken': ' Gedeeld ', 'Badkamer': ' Gedeeld ', 'Toilet': ' Gedeeld ', 'Internet': ' Ja ', 'Energielabel': ' B ', 'Huisgenoten': '  1 ', 'Geslacht': ' Man ', 'Huisdieren': ' Nee '}",kamer-1992435.html
Het Kasteel,in Apeldoorn,14 m,,â‚¬ 450,p/m | excl. g/w/e,Gemeubileerd,06-10-2021,1 uur geleden geplaatst,https://kamernet.nl/huren/kamer-apeldoorn/het-kasteel/kamer-1992471,"{'Woonkamer': ' Gedeeld ', 'Keuken': ' Gedeeld ', 'Badkamer': ' Gedeeld ', 'Toilet': ' Gedeeld ', 'Internet': ' Ja ', 'Energielabel': ' A ', 'Huisgenoten': '  Geen ', 'Geslacht': ' Onbekend ', 'Huisdieren': ' Nee '}",kamer-1992471.html
Willem Lorestraat,in Leeuwarden,6 m,Totale oppervlakte: 62 m 2,â‚¬ 350,p/m | incl. g/w/e,Gemeubileerd,05-10-2021 tot 15-02-2022,22 uur geleden geplaatst,https://kamernet.nl/huren/kamer-leeuwarden/willem-lorestraat/kamer-1992318,"{'Woonkamer': ' Gedeeld ', 'Keuken': ' Gedeeld ', 'Badkamer': ' Gedeeld ', 'Toilet': ' Gedeeld ', 'Internet': ' Ja ', 'Energielabel': ' Onbekend ', 'Huisgenoten': '  Onbekend  ', 'Geslacht': ' Onbekend ', 'Huisdieren': ' Nee '}",kamer-1992318.html
Kuipersdijk,in Enschede,40 m,,â‚¬ 830,p/m | incl. g/w/e,Gestoffeerd,06-10-2021,1 uur geleden geplaatst,https://kamernet.nl/huren/studio-enschede/kuipersdijk/studio-1992441,"{'Woonkamer': ' Geen ', 'Keuken': ' Eigen ', 'Badkamer': ' Eigen ', 'Toilet': ' Eigen ', 'Internet': ' Ja ', 'Energielabel': ' Onbekend ', 'Huisdieren': ' Nee '}",studio-1992441.html
Brussestraat,in Rotterdam,85 m,Totaal 4 kamers (3 slaapkamers) ,â‚¬ 1250,p/m | incl. g/w/e,Gemeubileerd,11-10-2021,21 uur geleden geplaatst,https://kamernet.nl/huren/appartement-rotterdam/brussestraat/appartement-1992285,"{'Woonkamer': ' Eigen ', 'Keuken': ' Eigen ', 'Badkamer': ' Eigen ', 'Toilet': ' Eigen ', 'Internet': ' Ja ', 'Energielabel': ' Onbekend ', 'Huisdieren': ' Nee '}",appartement-1992285.html
Rembrandtlaan,in Papendrecht,25 m,Totale oppervlakte: 10 m 2,â‚¬ 475,p/m | incl. g/w/e,Gestoffeerd,06-10-2021 tot 16-09-2022,1 uur geleden geplaatst,https://kamernet.nl/huren/kamer-papendrecht/rembrandtlaan/kamer-1992440,"{'Woonkamer': ' Eigen ', 'Keuken': ' Geen ', 'Badkamer': ' Eigen ', 'Toilet': ' Eigen ', 'Internet': ' Ja ', 'Energielabel': ' Onbekend ', 'Huisgenoten': '  1 ', 'Geslacht': ' Vrouw ', 'Huisdieren': ' Nee '}",kamer-1992440.html
Alleenhouderstraat,in Tilburg,33 m,Totaal 1 kamer,â‚¬ 590,p/m | excl. g/w/e,Gestoffeerd,01-11-2021,1 uur geleden geplaatst,https://kamernet.nl/huren/appartement-tilburg/alleenhouderstraat/appartement-1992448,"{'Woonkamer': ' Onbekend ', 'Keuken': ' Onbekend ', 'Badkamer': ' Onbekend ', 'Toilet': ' Onbekend ', 'Internet': ' Onbekend ', 'Energielabel': ' Onbekend ', 'Huisdieren': ' Nee '}",appartement-1992448.html
Nieuwe Dukenburgseweg,in Nijmegen,16 m,,â‚¬ 264,p/m | incl. g/w/e,Kaal,06-10-2021,1 uur geleden geplaatst,https://kamernet.nl/huren/kamer-nijmegen/nieuwe-dukenburgseweg/kamer-1992446,"{'Woonkamer': ' Onbekend ', 'Keuken': ' Onbekend ', 'Badkamer': ' Onbekend ', 'Toilet': ' Onbekend ', 'Internet': ' Onbekend ', 'Energielabel': ' Onbekend ', 'Huisgenoten': '  Onbekend  ', 'Geslacht': ' Onbekend ', 'Huisdieren': ' Nee '}",kamer-1992446.html
Rechterstraat,in Boxtel,25 m,,â‚¬ 264,p/m | incl. g/w/e,Kaal,06-10-2021,1 uur geleden geplaatst,https://kamernet.nl/huren/kamer-boxtel/rechterstraat/kamer-1992444,"{'Woonkamer': ' Onbekend ', 'Keuken': ' Onbekend ', 'Badkamer': ' Onbekend ', 'Toilet': ' Onbekend ', 'Internet': ' Onbekend ', 'Energielabel': ' Onbekend ', 'Huisgenoten': '  Onbekend  ', 'Geslacht': ' Onbekend ', 'Huisdieren': ' Nee '}",kamer-1992444.html
Burgemeester van Roosmalenstraat,in Uitgeest,190 m,,â‚¬ 1850,p/m | excl. g/w/e,Gestoffeerd,01-11-2021,1 uur geleden geplaatst,https://kamernet.nl/huren/appartement-uitgeest/burgemeester-van-roosmalenstraat/appartement-1992453,"{'Woonkamer': ' Onbekend ', 'Keuken': ' Onbekend ', 'Badkamer': ' Onbekend ', 'Toilet': ' Onbekend ', 'Internet': ' Onbekend ', 'Energielabel': ' Onbekend ', 'Huisdieren': ' Nee '}",appartement-1992453.html
Kramersgildeplein,in Arnhem,85 m,Totaal 3 kamers,â‚¬ 1150,p/m | excl. g/w/e,Gestoffeerd,05-10-2021,Gisteren geplaatst,https://kamernet.nl/huren/appartement-arnhem/kramersgildeplein/appartement-1992290,"{'Woonkamer': ' Onbekend ', 'Keuken': ' Onbekend ', 'Badkamer': ' Onbekend ', 'Toilet': ' Onbekend ', 'Internet': ' Onbekend ', 'Energielabel': ' Onbekend ', 'Huisdieren': ' In overleg '}",appartement-1992290.html
Vossepark,in Heerlen,140 m,,â‚¬ 1150,p/m | excl. g/w/e,Gestoffeerd,01-11-2021,1 uur geleden geplaatst,https://kamernet.nl/huren/appartement-heerlen/vossepark/appartement-1992455,"{'Woonkamer': ' Onbekend ', 'Keuken': ' Onbekend ', 'Badkamer': ' Onbekend ', 'Toilet': ' Onbekend ', 'Internet': ' Onbekend ', 'Energielabel': ' Onbekend ', 'Huisdieren': ' Nee '}",appartement-1992455.html
Diepenallee,in Valkenburg,111 m,,â‚¬ 1550,p/m | excl. g/w/e,Gestoffeerd,01-11-2021,1 uur geleden geplaatst,https://kamernet.nl/huren/appartement-valkenburg/diepenallee/appartement-1992456,"{'Woonkamer': ' Onbekend ', 'Keuken': ' Onbekend ', 'Badkamer': ' Onbekend ', 'Toilet': ' Onbekend ', 'Internet': ' Onbekend ', 'Energielabel': ' Onbekend ', 'Huisdieren': ' Nee '}",appartement-1992456.html
Soesterweg,in Amersfoort,30 m,Totaal 2 kamers,â‚¬ 650,p/m | excl. g/w/e,Gestoffeerd,15-11-2021,1 uur geleden geplaatst,https://kamernet.nl/huren/appartement-amersfoort/soesterweg/appartement-1992457,"{'Woonkamer': ' Onbekend ', 'Keuken': ' Onbekend ', 'Badkamer': ' Onbekend ', 'Toilet': ' Onbekend ', 'Internet': ' Onbekend ', 'Energielabel': ' Onbekend ', 'Huisdieren': ' Nee '}",appartement-1992457.html
De Heuvel,in Amersfoort,140 m,Totaal 6 kamers,â‚¬ 1275,p/m | excl. g/w/e,Gestoffeerd,01-11-2021,1 uur geleden geplaatst,https://kamernet.nl/huren/appartement-amersfoort/de-heuvel/appartement-1992459,"{'Woonkamer': ' Onbekend ', 'Keuken': ' Onbekend ', 'Badkamer': ' Onbekend ', 'Toilet': ' Onbekend ', 'Internet': ' Onbekend ', 'Energielabel': ' Onbekend ', 'Huisdieren': ' Nee '}",appartement-1992459.html
Laan van Nieuw-Oost-Indie,in Den Haag,25 m,Totale oppervlakte: 50 m 2,â‚¬ 700,p/m | incl. g/w/e,Gemeubileerd,02-10-2021,20 uur geleden geplaatst,https://kamernet.nl/huren/kamer-den-haag/laan-van-nieuw-oost-indie/kamer-1991829,"{'Woonkamer': ' Eigen ', 'Keuken': ' Eigen ', 'Badkamer': ' Gedeeld ', 'Toilet': ' Gedeeld ', 'Internet': ' Ja ', 'Energielabel': ' A ', 'Huisgenoten': '  8  ', 'Geslacht': ' Gemengd ', 'Huisdieren': ' Nee '}",kamer-1991829.html
Tongelresestraat,in Eindhoven,27 m,Totale oppervlakte: 20 m 2,â‚¬ 690,p/m | incl. g/w/e,Gestoffeerd,01-11-2021,20 uur geleden geplaatst,https://kamernet.nl/huren/kamer-eindhoven/tongelresestraat/kamer-1992356,"{'Woonkamer': ' Eigen ', 'Keuken': ' Eigen ', 'Badkamer': ' Eigen ', 'Toilet': ' Eigen ', 'Internet': ' Ja ', 'Energielabel': ' Onbekend ', 'Huisgenoten': '  3 ', 'Geslacht': ' Gemengd ', 'Huisdieren': ' Nee '}",kamer-1992356.html
Javastraat,in Amsterdam,51 m,Totaal 3 kamers (2 slaapkamers) ,â‚¬ 1650,p/m | incl. g/w/e,Gemeubileerd,01-12-2021,19 uur geleden geplaatst,https://kamernet.nl/huren/appartement-amsterdam/javastraat/appartement-1992313,"{'Woonkamer': ' Eigen ', 'Keuken': ' Eigen ', 'Badkamer': ' Eigen ', 'Toilet': ' Eigen ', 'Internet': ' Ja ', 'Energielabel': ' B ', 'Huisdieren': ' Nee '}",appartement-1992313.html
Armagnaclaan,in Eindhoven,13 m,,â‚¬ 390,p/m | incl. g/w/e,Gestoffeerd,15-11-2021,19 uur geleden geplaatst,https://kamernet.nl/huren/kamer-eindhoven/armagnaclaan/kamer-1992358,"{'Woonkamer': ' Geen ', 'Keuken': ' Gedeeld ', 'Badkamer': ' Gedeeld ', 'Toilet': ' Gedeeld ', 'Internet': ' Ja ', 'Energielabel': ' C ', 'Huisgenoten': '  4  ', 'Geslacht': ' Gemengd ', 'Huisdieren': ' Nee '}",kamer-1992358.html
Nieuwe Herengracht,in Amsterdam,47 m,,â‚¬ 1450,p/m | excl. g/w/e,Gemeubileerd,25-10-2021,1 uur geleden geplaatst,https://kamernet.nl/huren/appartement-amsterdam/nieuwe-herengracht/appartement-1992454,"{'Woonkamer': ' Onbekend ', 'Keuken': ' Onbekend ', 'Badkamer': ' Onbekend ', 'Toilet': ' Onbekend ', 'Internet': ' Onbekend ', 'Energielabel': ' Onbekend ', 'Huisdieren': ' Nee '}",appartement-1992454.html
Vlietwaard,in Alkmaar,14 m,,â‚¬ 385,p/m | incl. g/w/e,Gestoffeerd,06-11-2021,19 uur geleden geplaatst,https://kamernet.nl/huren/kamer-alkmaar/vlietwaard/kamer-1992365,"{'Woonkamer': ' Gedeeld ', 'Keuken': ' Gedeeld ', 'Badkamer': ' Gedeeld ', 'Toilet': ' Gedeeld ', 'Internet': ' Ja ', 'Energielabel': ' Onbekend ', 'Huisgenoten': '  4  ', 'Geslacht': ' Gemengd ', 'Huisdieren': ' Nee '}",kamer-1992365.html
Heymanslaan,in Groningen,16 m,Totale oppervlakte: 85 m 2,â‚¬ 850,p/m | incl. g/w/e,Gemeubileerd,20-10-2021 tot 20-01-2022,19 uur geleden geplaatst,https://kamernet.nl/huren/kamer-groningen/heymanslaan/kamer-1992348,"{'Woonkamer': ' Gedeeld ', 'Keuken': ' Gedeeld ', 'Badkamer': ' Gedeeld ', 'Toilet': ' Gedeeld ', 'Internet': ' Ja ', 'Energielabel': ' C ', 'Huisgenoten': '  1 ', 'Geslacht': ' Man ', 'Huisdieren': ' Nee '}",kamer-1992348.html
Korte Hengelosestraat,in Enschede,13 m,,â‚¬ 360,p/m | incl. g/w/e,Gestoffeerd,07-02-2022,19 uur geleden geplaatst,https://kamernet.nl/huren/kamer-enschede/korte-hengelosestraat/kamer-1992193,"{'Woonkamer': ' Gedeeld ', 'Keuken': ' Gedeeld ', 'Badkamer': ' Gedeeld ', 'Toilet': ' Gedeeld ', 'Internet': ' Ja ', 'Energielabel': ' Onbekend ', 'Huisgenoten': '  7 ', 'Geslacht': ' Vrouw ', 'Huisdieren': ' Nee '}",kamer-1992193.html
Rembangstraat,in Haarlem,13 m,Totale oppervlakte: 75 m 2,â‚¬ 600,p/m | excl. g/w/e,Gestoffeerd,01-11-2021,Gisteren geplaatst,https://kamernet.nl/huren/kamer-haarlem/rembangstraat/kamer-1992251,"{'Woonkamer': ' Gedeeld ', 'Keuken': ' Gedeeld ', 'Badkamer': ' Gedeeld ', 'Toilet': ' Gedeeld ', 'Internet': ' Ja ', 'Energielabel': ' C ', 'Huisgenoten': '  2 ', 'Geslacht': ' Man ', 'Huisdieren': ' Nee '}",kamer-1992251.html
Smaragdstraat,in Breda,8 m,Totale oppervlakte: 30 m 2,â‚¬ 295,p/m | incl. g/w/e,Kaal,01-11-2021,19 uur geleden geplaatst,https://kamernet.nl/huren/kamer-breda/smaragdstraat/kamer-1992368,"{'Woonkamer': ' Gedeeld ', 'Keuken': ' Gedeeld ', 'Badkamer': ' Gedeeld ', 'Toilet': ' Gedeeld ', 'Internet': ' Ja ', 'Energielabel': ' Onbekend ', 'Huisgenoten': '  4  ', 'Geslacht': ' Gemengd ', 'Huisdieren': ' Nee '}",kamer-1992368.html
Steenstraat,in Arnhem,8 m,,â‚¬ 265,p/m | excl. g/w/e,Gestoffeerd,06-10-2021,1 uur geleden geplaatst,https://kamernet.nl/huren/kamer-arnhem/steenstraat/kamer-1992450,"{'Woonkamer': ' Onbekend ', 'Keuken': ' Onbekend ', 'Badkamer': ' Onbekend ', 'Toilet': ' Onbekend ', 'Internet': ' Onbekend ', 'Energielabel': ' Onbekend ', 'Huisgenoten': '  Onbekend  ', 'Geslacht': ' Onbekend ', 'Huisdieren': ' Nee '}",kamer-1992450.html
Timorstraat,in Enschede,35 m,,â‚¬ 440,p/m | incl. g/w/e,Gestoffeerd,01-11-2021,16 uur geleden geplaatst,https://kamernet.nl/huren/kamer-enschede/timorstraat/kamer-1992389,"{'Woonkamer': ' Gedeeld ', 'Keuken': ' Gedeeld ', 'Badkamer': ' Gedeeld ', 'Toilet': ' Gedeeld ', 'Internet': ' Ja ', 'Energielabel': ' Onbekend ', 'Huisgenoten': '  5 ', 'Geslacht': ' Gemengd ', 'Huisdieren': ' Nee '}",kamer-1992389.html
Jisperveldstraat,in Amsterdam,8 m,Totale oppervlakte: 60 m 2,â‚¬ 425,p/m | incl. g/w/e,Gestoffeerd,04-10-2021,16 uur geleden geplaatst,https://kamernet.nl/huren/kamer-amsterdam/jisperveldstraat/kamer-1992230,"{'Woonkamer': ' Gedeeld ', 'Keuken': ' Gedeeld ', 'Badkamer': ' Gedeeld ', 'Toilet': ' Gedeeld ', 'Internet': ' Ja ', 'Energielabel': ' D ', 'Huisgenoten': '  2 ', 'Geslacht': ' Man ', 'Huisdieren': ' Nee '}",kamer-1992230.html
Haarlemmerplein,in Amsterdam,65 m,Totaal 3 kamers (1 slaapkamer) ,â‚¬ 975,p/m | excl. g/w/e,Gemeubileerd,15-10-2021 tot 15-10-2022,16 uur geleden geplaatst,https://kamernet.nl/huren/appartement-amsterdam/haarlemmerplein/appartement-1992393,"{'Woonkamer': ' Eigen ', 'Keuken': ' Eigen ', 'Badkamer': ' Eigen ', 'Toilet': ' Eigen ', 'Internet': ' Nee ', 'Energielabel': ' A ', 'Huisdieren': ' Nee '}",appartement-1992393.html
Veerstraat,in Alkmaar,71 m,,â‚¬ 1195,p/m | excl. g/w/e,Gemeubileerd,06-10-2021,1 uur geleden geplaatst,https://kamernet.nl/huren/appartement-alkmaar/veerstraat/appartement-1992452,"{'Woonkamer': ' Onbekend ', 'Keuken': ' Onbekend ', 'Badkamer': ' Onbekend ', 'Toilet': ' Onbekend ', 'Internet': ' Onbekend ', 'Energielabel': ' Onbekend ', 'Huisdieren': ' Nee '}",appartement-1992452.html
Menno ter Braaklaan,in Delft,10 m,,â‚¬ 500,p/m | incl. g/w/e,Gemeubileerd,05-10-2021,15 uur geleden geplaatst,https://kamernet.nl/huren/kamer-delft/menno-ter-braaklaan/kamer-1992396,"{'Woonkamer': ' Gedeeld ', 'Keuken': ' Gedeeld ', 'Badkamer': ' Gedeeld ', 'Toilet': ' Gedeeld ', 'Internet': ' Ja ', 'Energielabel': ' Onbekend ', 'Huisgenoten': '  2 ', 'Geslacht': ' Vrouw ', 'Huisdieren': ' Nee '}",kamer-1992396.html
Fogelsanghstate,in Lelystad,55 m,Totale oppervlakte: 200 m 2,â‚¬ 795,p/m | excl. g/w/e,Gestoffeerd,01-11-2021,15 uur geleden geplaatst,https://kamernet.nl/huren/kamer-lelystad/fogelsanghstate/kamer-1992377,"{'Woonkamer': ' Onbekend ', 'Keuken': ' Gedeeld ', 'Badkamer': ' Gedeeld ', 'Toilet': ' Gedeeld ', 'Internet': ' Ja ', 'Energielabel': ' A ', 'Huisgenoten': '  Onbekend  ', 'Geslacht': ' Onbekend ', 'Huisdieren': ' Nee '}",kamer-1992377.html
Van Starkenborghstraat,in Groningen,22 m,,â‚¬ 410,p/m | incl. g/w/e,Gestoffeerd,04-12-2021,1 uur geleden geplaatst,https://kamernet.nl/huren/kamer-groningen/van-starkenborghstraat/kamer-1992460,"{'Woonkamer': ' Geen ', 'Keuken': ' Gedeeld ', 'Badkamer': ' Gedeeld ', 'Toilet': ' Gedeeld ', 'Internet': ' Ja ', 'Energielabel': ' Onbekend ', 'Huisgenoten': '  2 ', 'Geslacht': ' Gemengd ', 'Huisdieren': ' Nee '}",kamer-1992460.html
Kortelandseweg,in Nootdorp,14 m,Totale oppervlakte: 60 m 2,â‚¬ 265,p/m | incl. g/w/e,Gestoffeerd,01-11-2021,14 uur geleden geplaatst,https://kamernet.nl/huren/kamer-nootdorp/kortelandseweg/kamer-1992403,"{'Woonkamer': ' Gedeeld ', 'Keuken': ' Gedeeld ', 'Badkamer': ' Gedeeld ', 'Toilet': ' Gedeeld ', 'Internet': ' Ja ', 'Energielabel': ' Onbekend ', 'Huisgenoten': '  5 ', 'Geslacht': ' Man ', 'Huisdieren': ' Nee '}",kamer-1992403.html
Churchill-laan,in Amsterdam,18 m,,â‚¬ 850,p/m | incl. g/w/e,Gemeubileerd,11-10-2021,1 uur geleden geplaatst,https://kamernet.nl/huren/kamer-amsterdam/churchill-laan/kamer-1992472,"{'Woonkamer': ' Gedeeld ', 'Keuken': ' Gedeeld ', 'Badkamer': ' Gedeeld ', 'Toilet': ' Gedeeld ', 'Internet': ' Ja ', 'Energielabel': ' Onbekend ', 'Huisgenoten': '  1 ', 'Geslacht': ' Vrouw ', 'Huisdieren': ' Nee '}",kamer-1992472.html
Hendrik Smitstraat,in Hilversum,20 m,,â‚¬ 475,p/m | incl. g/w/e,Gemeubileerd,07-10-2021 tot 31-12-2021,1 uur geleden geplaatst,https://kamernet.nl/huren/kamer-hilversum/hendrik-smitstraat/kamer-1993476,"{'Woonkamer': ' Eigen ', 'Keuken': ' Gedeeld ', 'Badkamer': ' Gedeeld ', 'Toilet': ' Gedeeld ', 'Internet': ' Ja ', 'Energielabel': ' Onbekend ', 'Huisgenoten': '  3 ', 'Geslacht': ' Gemengd ', 'Huisdieren': ' Nee '}",kamer-1993476.html
Helper Oostsingel,in Groningen,20 m,Totale oppervlakte: 5 m 2,â‚¬ 380,p/m | excl. g/w/e,Gestoffeerd,12-10-2021,19 uur geleden geplaatst,https://kamernet.nl/huren/kamer-groningen/helper-oostsingel/kamer-1992357,"{'Woonkamer': ' Eigen ', 'Keuken': ' Eigen ', 'Badkamer': ' Gedeeld ', 'Toilet': ' Gedeeld ', 'Internet': ' Ja ', 'Energielabel': ' B ', 'Huisgenoten': '  3 ', 'Geslacht': ' Gemengd ', 'Huisdieren': ' Nee '}",kamer-1992357.html
Beiaard,in Etten-Leur,20 m,,â‚¬ 440,p/m | incl. g/w/e,Gemeubileerd,06-10-2021,0 uur geleden geplaatst,https://kamernet.nl/huren/kamer-etten-leur/beiaard/kamer-1993481,"{'Woonkamer': ' Gedeeld ', 'Keuken': ' Gedeeld ', 'Badkamer': ' Gedeeld ', 'Toilet': ' Gedeeld ', 'Internet': ' Ja ', 'Energielabel': ' Onbekend ', 'Huisgenoten': '  1 ', 'Geslacht': ' Man ', 'Huisdieren': ' Nee '}",kamer-1993481.html
Overtoom,in Amsterdam,70 m,Totaal 2 kamers (1 slaapkamer) ,â‚¬ 1980,p/m | excl. g/w/e,Gemeubileerd,01-12-2021,18 uur geleden geplaatst,https://kamernet.nl/huren/appartement-amsterdam/overtoom/appartement-1992344,"{'Woonkamer': ' Eigen ', 'Keuken': ' Eigen ', 'Badkamer': ' Eigen ', 'Toilet': ' Eigen ', 'Internet': ' Ja ', 'Energielabel': ' Onbekend ', 'Huisdieren': ' Nee '}",appartement-1992344.html
Bergselaan,in Rotterdam,16 m,,â‚¬ 605,p/m | excl. g/w/e,Gemeubileerd,05-11-2021 tot 18-12-2021,0 uur geleden geplaatst,https://kamernet.nl/huren/kamer-rotterdam/bergselaan/kamer-1993489,"{'Woonkamer': ' Gedeeld ', 'Keuken': ' Gedeeld ', 'Badkamer': ' Gedeeld ', 'Toilet': ' Gedeeld ', 'Internet': ' Ja ', 'Energielabel': ' Onbekend ', 'Huisgenoten': '  3 ', 'Geslacht': ' Man ', 'Huisdieren': ' Nee '}",kamer-1993489.html
Lingestraat,in Groningen,18 m,,â‚¬ 640,p/m | incl. g/w/e,Gemeubileerd,05-10-2021 tot 31-12-2021,19 uur geleden geplaatst,https://kamernet.nl/huren/kamer-groningen/lingestraat/kamer-1992366,"{'Woonkamer': ' Gedeeld ', 'Keuken': ' Gedeeld ', 'Badkamer': ' Gedeeld ', 'Toilet': ' Gedeeld ', 'Internet': ' Ja ', 'Energielabel': ' Onbekend ', 'Huisgenoten': '  1 ', 'Geslacht': ' Vrouw ', 'Huisdieren': ' Nee '}",kamer-1992366.html
Jan van Walrestraat,in Haarlem,45 m,Totaal 2 kamers (1 slaapkamer) ,â‚¬ 1200,p/m | incl. g/w/e,Gestoffeerd,01-11-2021,1 uur geleden geplaatst,https://kamernet.nl/huren/appartement-haarlem/jan-van-walrestraat/appartement-1993474,"{'Woonkamer': ' Eigen ', 'Keuken': ' Eigen ', 'Badkamer': ' Eigen ', 'Toilet': ' Eigen ', 'Internet': ' Ja ', 'Energielabel': ' Onbekend ', 'Huisdieren': ' Nee '}",appartement-1993474.html
Leverkruidweg,in Zaandam,12 m,,â‚¬ 690,p/m | incl. g/w/e,Gemeubileerd,06-10-2021,0 uur geleden geplaatst,https://kamernet.nl/huren/kamer-zaandam/leverkruidweg/kamer-1993497,"{'Woonkamer': ' Geen ', 'Keuken': ' Gedeeld ', 'Badkamer': ' Gedeeld ', 'Toilet': ' Gedeeld ', 'Internet': ' Ja ', 'Energielabel': ' Onbekend ', 'Huisgenoten': '  1 ', 'Geslacht': ' Vrouw ', 'Huisdieren': ' Nee '}",kamer-1993497.html
Kerkgracht,in Almere,22 m,Totale oppervlakte: 70 m 2,â‚¬ 950,p/m | incl. g/w/e,Gemeubileerd,01-11-2021 tot 01-02-2022,0 uur geleden geplaatst,https://kamernet.nl/huren/kamer-almere/kerkgracht/kamer-1993492,"{'Woonkamer': ' Gedeeld ', 'Keuken': ' Gedeeld ', 'Badkamer': ' Eigen ', 'Toilet': ' Eigen ', 'Internet': ' Ja ', 'Energielabel': ' Onbekend ', 'Huisgenoten': '  Onbekend  ', 'Geslacht': ' Onbekend ', 'Huisdieren': ' Nee '}",kamer-1993492.html
Hendrik Mandeweg,in Beverwijk,58 m,Totaal 2 kamers,â‚¬ 1050,p/m | excl. g/w/e,Gestoffeerd,06-10-2021,0 uur geleden geplaatst,https://kamernet.nl/huren/appartement-beverwijk/hendrik-mandeweg/appartement-1993499,"{'Woonkamer': ' Onbekend ', 'Keuken': ' Onbekend ', 'Badkamer': ' Onbekend ', 'Toilet': ' Onbekend ', 'Internet': ' Onbekend ', 'Energielabel': ' Onbekend ', 'Huisdieren': ' Nee '}",appartement-1993499.html
Hendrik Mandeweg,in Beverwijk,51 m,Totaal 2 kamers,â‚¬ 1000,p/m | excl. g/w/e,Gestoffeerd,06-10-2021,0 uur geleden geplaatst,https://kamernet.nl/huren/appartement-beverwijk/hendrik-mandeweg/appartement-1993500,"{'Woonkamer': ' Onbekend ', 'Keuken': ' Onbekend ', 'Badkamer': ' Onbekend ', 'Toilet': ' Onbekend ', 'Internet': ' Onbekend ', 'Energielabel': ' Onbekend ', 'Huisdieren': ' Nee '}",appartement-1993500.html
Hendrik Mandeweg,in Beverwijk,58 m,Totaal 2 kamers,â‚¬ 1050,p/m | excl. g/w/e,Gestoffeerd,06-10-2021,0 uur geleden geplaatst,https://kamernet.nl/huren/appartement-beverwijk/hendrik-mandeweg/appartement-1993501,"{'Woonkamer': ' Onbekend ', 'Keuken': ' Onbekend ', 'Badkamer': ' Onbekend ', 'Toilet': ' Onbekend ', 'Internet': ' Onbekend ', 'Energielabel': ' Onbekend ', 'Huisdieren': ' Nee '}",appartement-1993501.html
Hendrik Mandeweg,in Beverwijk,51 m,Totaal 2 kamers,â‚¬ 1000,p/m | excl. g/w/e,Gestoffeerd,06-10-2021,0 uur geleden geplaatst,https://kamernet.nl/huren/appartement-beverwijk/hendrik-mandeweg/appartement-1993502,"{'Woonkamer': ' Onbekend ', 'Keuken': ' Onbekend ', 'Badkamer': ' Onbekend ', 'Toilet': ' Onbekend ', 'Internet': ' Onbekend ', 'Energielabel': ' Onbekend ', 'Huisdieren': ' Nee '}",appartement-1993502.html
Emmastraat,in Arnhem,18 m,Totaal 1 kamer,â‚¬ 475,p/m | incl. g/w/e,Gestoffeerd,06-10-2021,0 uur geleden geplaatst,https://kamernet.nl/huren/appartement-arnhem/emmastraat/appartement-1993504,"{'Woonkamer': ' Onbekend ', 'Keuken': ' Onbekend ', 'Badkamer': ' Onbekend ', 'Toilet': ' Onbekend ', 'Internet': ' Onbekend ', 'Energielabel': ' Onbekend ', 'Huisdieren': ' Nee '}",appartement-1993504.html
Klipperstraat,in Zaandam,9 m,,â‚¬ 690,p/m | incl. g/w/e,Gemeubileerd,06-10-2021,0 uur geleden geplaatst,https://kamernet.nl/huren/kamer-zaandam/klipperstraat/kamer-1993493,"{'Woonkamer': ' Geen ', 'Keuken': ' Gedeeld ', 'Badkamer': ' Gedeeld ', 'Toilet': ' Gedeeld ', 'Internet': ' Ja ', 'Energielabel': ' Onbekend ', 'Huisgenoten': '  4  ', 'Geslacht': ' Gemengd ', 'Huisdieren': ' Nee '}",kamer-1993493.html
Trijntje Kemp-Haanstraat,in Beverwijk,55 m,Totaal 3 kamers,â‚¬ 1100,p/m | excl. g/w/e,Gestoffeerd,06-10-2021,0 uur geleden geplaatst,https://kamernet.nl/huren/appartement-beverwijk/trijntje-kemp-haanstraat/appartement-1993498,"{'Woonkamer': ' Onbekend ', 'Keuken': ' Onbekend ', 'Badkamer': ' Onbekend ', 'Toilet': ' Onbekend ', 'Internet': ' Onbekend ', 'Energielabel': ' Onbekend ', 'Huisdieren': ' Nee '}",appartement-1993498.html
Bergweg,in Rotterdam,14 m,Totale oppervlakte: 26 m 2,â‚¬ 392,p/m | incl. g/w/e,Kaal,15-10-2021,16 uur geleden geplaatst,https://kamernet.nl/huren/kamer-rotterdam/bergweg/kamer-1992189,"{'Woonkamer': ' Gedeeld ', 'Keuken': ' Gedeeld ', 'Badkamer': ' Gedeeld ', 'Toilet': ' Gedeeld ', 'Internet': ' Ja ', 'Energielabel': ' Onbekend ', 'Huisgenoten': '  3 ', 'Geslacht': ' Gemengd ', 'Huisdieren': ' Nee '}",kamer-1992189.html
Paardenmarkt,in Delft,18 m,,â‚¬ 430,p/m | incl. g/w/e,Kaal,01-11-2021,0 uur geleden geplaatst,https://kamernet.nl/huren/kamer-delft/paardenmarkt/kamer-1993491,"{'Woonkamer': ' Gedeeld ', 'Keuken': ' Gedeeld ', 'Badkamer': ' Gedeeld ', 'Toilet': ' Gedeeld ', 'Internet': ' Ja ', 'Energielabel': ' Onbekend ', 'Huisgenoten': '  8  ', 'Geslacht': ' Man ', 'Huisdieren': ' Nee '}",kamer-1993491.html
Van Hasseltlaan,in Delft,25 m,Totaal 1 kamer (1 slaapkamer) ,â‚¬ 500,p/m | incl. g/w/e,Gemeubileerd,05-10-2021 tot 06-09-2022,Gisteren geplaatst,https://kamernet.nl/huren/studio-delft/van-hasseltlaan/studio-1992287,"{'Woonkamer': ' Eigen ', 'Keuken': ' Eigen ', 'Badkamer': ' Eigen ', 'Toilet': ' Eigen ', 'Internet': ' Ja ', 'Energielabel': ' Onbekend ', 'Huisdieren': ' Nee '}",studio-1992287.html
Schrassertstraat,in Arnhem,50 m,Totaal 3 kamers (1 slaapkamer) ,â‚¬ 925,p/m | incl. g/w/e,Gemeubileerd,18-11-2021 tot 30-01-2022,2 uur geleden geplaatst,https://kamernet.nl/huren/appartement-arnhem/schrassertstraat/appartement-1992443,"{'Woonkamer': ' Eigen ', 'Keuken': ' Eigen ', 'Badkamer': ' Eigen ', 'Toilet': ' Eigen ', 'Internet': ' Ja ', 'Energielabel': ' B ', 'Huisdieren': ' Nee '}",appartement-1992443.html
Hogevecht,in Amsterdam,9 m,,â‚¬ 540,p/m | incl. g/w/e,Gemeubileerd,01-11-2021,Gisteren geplaatst,https://kamernet.nl/huren/kamer-amsterdam/hogevecht/kamer-1993634,"{'Woonkamer': ' Gedeeld ', 'Keuken': ' Gedeeld ', 'Badkamer': ' Gedeeld ', 'Toilet': ' Gedeeld ', 'Internet': ' Ja ', 'Energielabel': ' Onbekend ', 'Huisgenoten': '  4  ', 'Geslacht': ' Gemengd ', 'Huisdieren': ' Nee '}",kamer-1993634.html
Balthasar van der Polweg,in Delft,20 m,Totale oppervlakte: 30 m 2,â‚¬ 450,p/m | incl. g/w/e,Gestoffeerd,14-11-2021 tot 30-09-2022,Gisteren geplaatst,https://kamernet.nl/huren/kamer-delft/balthasar-van-der-polweg/kamer-1993624,"{'Woonkamer': ' Gedeeld ', 'Keuken': ' Gedeeld ', 'Badkamer': ' Gedeeld ', 'Toilet': ' Gedeeld ', 'Internet': ' Ja ', 'Energielabel': ' Onbekend ', 'Huisgenoten': '  3 ', 'Geslacht': ' Man ', 'Huisdieren': ' Nee '}",kamer-1993624.html
Hoefkestraat,in Eindhoven,16 m,,â‚¬ 387,p/m | incl. g/w/e,Gestoffeerd,01-11-2021,Gisteren geplaatst,https://kamernet.nl/huren/kamer-eindhoven/hoefkestraat/kamer-1993628,"{'Woonkamer': ' Onbekend ', 'Keuken': ' Onbekend ', 'Badkamer': ' Onbekend ', 'Toilet': ' Onbekend ', 'Internet': ' Onbekend ', 'Energielabel': ' Onbekend ', 'Huisgenoten': '  Onbekend  ', 'Geslacht': ' Onbekend ', 'Huisdieren': ' Nee '}",kamer-1993628.html
Raamstraat,in Delft,10 m,Totale oppervlakte: 25 m 2,â‚¬ 360,p/m | incl. g/w/e,Kaal,01-11-2021,Gisteren geplaatst,https://kamernet.nl/huren/kamer-delft/raamstraat/kamer-1993627,"{'Woonkamer': ' Gedeeld ', 'Keuken': ' Gedeeld ', 'Badkamer': ' Gedeeld ', 'Toilet': ' Gedeeld ', 'Internet': ' Ja ', 'Energielabel': ' A ', 'Huisgenoten': '  3 ', 'Geslacht': ' Man ', 'Huisdieren': ' Nee '}",kamer-1993627.html
Marie Curiestraat,in Nijmegen,47 m,Totaal 2 kamers (1 slaapkamer) ,â‚¬ 1095,p/m | excl. g/w/e,Gestoffeerd,15-12-2021,8 uur geleden geplaatst,https://kamernet.nl/huren/appartement-nijmegen/marie-curiestraat/appartement-1993799,"{'Woonkamer': ' Eigen ', 'Keuken': ' Eigen ', 'Badkamer': ' Eigen ', 'Toilet': ' Eigen ', 'Internet': ' Nee ', 'Energielabel': ' A ', 'Huisdieren': ' Nee '}",appartement-1993799.html
Trompkade,in Groningen,110 m,Totaal 2 kamers (1 slaapkamer) ,â‚¬ 1300,p/m | excl. g/w/e,Gestoffeerd,01-11-2021,Gisteren geplaatst,https://kamernet.nl/huren/appartement-groningen/trompkade/appartement-1993612,"{'Woonkamer': ' Eigen ', 'Keuken': ' Eigen ', 'Badkamer': ' Eigen ', 'Toilet': ' Eigen ', 'Internet': ' Ja ', 'Energielabel': ' A ', 'Huisdieren': ' Nee '}",appartement-1993612.html
Ceintuurbaan,in Amsterdam,38 m,Totale oppervlakte: 10 m 2,â‚¬ 791,p/m | incl. g/w/e,Gemeubileerd,07-10-2021,12 uur geleden geplaatst,https://kamernet.nl/huren/kamer-amsterdam/ceintuurbaan/kamer-1993719,"{'Woonkamer': ' Eigen ', 'Keuken': ' Gedeeld ', 'Badkamer': ' Gedeeld ', 'Toilet': ' Gedeeld ', 'Internet': ' Ja ', 'Energielabel': ' C ', 'Huisgenoten': '  Onbekend  ', 'Geslacht': ' Onbekend ', 'Huisdieren': ' Nee '}",kamer-1993719.html
Grote Leliestraat,in Groningen,17 m,,â‚¬ 308,p/m | incl. g/w/e,Gestoffeerd,01-12-2021,12 uur geleden geplaatst,https://kamernet.nl/huren/kamer-groningen/grote-leliestraat/kamer-1993731,"{'Woonkamer': ' Geen ', 'Keuken': ' Gedeeld ', 'Badkamer': ' Gedeeld ', 'Toilet': ' Gedeeld ', 'Internet': ' Ja ', 'Energielabel': ' Onbekend ', 'Huisgenoten': '  3 ', 'Geslacht': ' Gemengd ', 'Huisdieren': ' Nee '}",kamer-1993731.html
Achter de Arnhemse Poortwal,in Amersfoort,20 m,,â‚¬ 500,p/m | incl. g/w/e,Gestoffeerd,01-12-2021,Gisteren geplaatst,https://kamernet.nl/huren/kamer-amersfoort/achter-de-arnhemse-poortwal/kamer-1993541,"{'Woonkamer': ' Geen ', 'Keuken': ' Gedeeld ', 'Badkamer': ' Gedeeld ', 'Toilet': ' Gedeeld ', 'Internet': ' Ja ', 'Energielabel': ' Onbekend ', 'Huisgenoten': '  5 ', 'Geslacht': ' Gemengd ', 'Huisdieren': ' Nee '}",kamer-1993541.html
Breitnerstraat,in Groningen,19 m,,â‚¬ 463,p/m | incl. g/w/e,Gestoffeerd,01-11-2021,Gisteren geplaatst,https://kamernet.nl/huren/kamer-groningen/breitnerstraat/kamer-1993534,"{'Woonkamer': ' Gedeeld ', 'Keuken': ' Eigen ', 'Badkamer': ' Gedeeld ', 'Toilet': ' Gedeeld ', 'Internet': ' Ja ', 'Energielabel': ' Onbekend ', 'Huisgenoten': '  7 ', 'Geslacht': ' Gemengd ', 'Huisdieren': ' Nee '}",kamer-1993534.html
Diezerplein,in Zwolle,12 m,,â‚¬ 405,p/m | incl. g/w/e,Kaal,07-10-2021,Gisteren geplaatst,https://kamernet.nl/huren/kamer-zwolle/diezerplein/kamer-1993546,"{'Woonkamer': ' Gedeeld ', 'Keuken': ' Gedeeld ', 'Badkamer': ' Gedeeld ', 'Toilet': ' Gedeeld ', 'Internet': ' Onbekend ', 'Energielabel': ' Onbekend ', 'Huisgenoten': '  2 ', 'Geslacht': ' Gemengd ', 'Huisdieren': ' Nee '}",kamer-1993546.html
Darrenhof,in Nijmegen,13 m,,â‚¬ 500,p/m | incl. g/w/e,Gestoffeerd,23-10-2021,2 dagen geleden geplaatst,https://kamernet.nl/huren/kamer-nijmegen/darrenhof/kamer-1992390,"{'Woonkamer': ' Gedeeld ', 'Keuken': ' Gedeeld ', 'Badkamer': ' Gedeeld ', 'Toilet': ' Gedeeld ', 'Internet': ' Ja ', 'Energielabel': ' Onbekend ', 'Huisgenoten': '  1 ', 'Geslacht': ' Vrouw ', 'Huisdieren': ' Nee '}",kamer-1992390.html
Rembrandtstraat,in Nijmegen,12 m,Totale oppervlakte: 40 m 2,â‚¬ 263,p/m | excl. g/w/e,Gestoffeerd,15-10-2021,2 dagen geleden geplaatst,https://kamernet.nl/huren/kamer-nijmegen/rembrandtstraat/kamer-1992402,"{'Woonkamer': ' Geen ', 'Keuken': ' Gedeeld ', 'Badkamer': ' Gedeeld ', 'Toilet': ' Gedeeld ', 'Internet': ' Ja ', 'Energielabel': ' Onbekend ', 'Huisgenoten': '  1 ', 'Geslacht': ' Vrouw ', 'Huisdieren': ' Nee '}",kamer-1992402.html
Markendaalseweg,in Breda,60 m,,â‚¬ 150,p/m | incl. g/w/e,Gemeubileerd,18-10-2021,2 dagen geleden geplaatst,https://kamernet.nl/huren/studio-breda/markendaalseweg/studio-1992435,"{'Woonkamer': ' Gedeeld ', 'Keuken': ' Gedeeld ', 'Badkamer': ' Gedeeld ', 'Toilet': ' Gedeeld ', 'Internet': ' Ja ', 'Energielabel': ' B ', 'Huisdieren': ' Nee '}",studio-1992435.html
Welnastraat,in Amsterdam,28 m,Totaal 1 kamer,â‚¬ 1150,p/m | excl. g/w/e,Gemeubileerd,06-10-2021,2 dagen geleden geplaatst,https://kamernet.nl/huren/appartement-amsterdam/welnastraat/appartement-1993506,"{'Woonkamer': ' Onbekend ', 'Keuken': ' Onbekend ', 'Badkamer': ' Onbekend ', 'Toilet': ' Onbekend ', 'Internet': ' Onbekend ', 'Energielabel': ' Onbekend ', 'Huisdieren': ' Nee '}",appartement-1993506.html
Eliza Dorusstraat,in Delft,14 m,Totale oppervlakte: 33 m 2,â‚¬ 395,p/m | incl. g/w/e,Gestoffeerd,01-11-2021,Gisteren geplaatst,https://kamernet.nl/huren/kamer-delft/eliza-dorusstraat/kamer-1993503,"{'Woonkamer': ' Gedeeld ', 'Keuken': ' Gedeeld ', 'Badkamer': ' Gedeeld ', 'Toilet': ' Gedeeld ', 'Internet': ' Ja ', 'Energielabel': ' C ', 'Huisgenoten': '  2 ', 'Geslacht': ' Man ', 'Huisdieren': ' Nee '}",kamer-1993503.html
Van Musschenbroekstraat,in Den Haag,39 m,Totaal 2 kamers (1 slaapkamer) ,â‚¬ 800,p/m | excl. g/w/e,Gestoffeerd,19-11-2021,16 uur geleden geplaatst,https://kamernet.nl/huren/appartement-den-haag/van-musschenbroekstraat/appartement-1993674,"{'Woonkamer': ' Eigen ', 'Keuken': ' Eigen ', 'Badkamer': ' Eigen ', 'Toilet': ' Eigen ', 'Internet': ' Ja ', 'Energielabel': ' C ', 'Huisdieren': ' Nee '}",appartement-1993674.html
Nicolaas Beetsstraat,in Tilburg,20 m,Totale oppervlakte: 15 m 2,â‚¬ 450,p/m | incl. g/w/e,Kaal,01-11-2021,15 uur geleden geplaatst,https://kamernet.nl/huren/kamer-tilburg/nicolaas-beetsstraat/kamer-1842909,"{'Woonkamer': ' Geen ', 'Keuken': ' Gedeeld ', 'Badkamer': ' Gedeeld ', 'Toilet': ' Gedeeld ', 'Internet': ' Ja ', 'Energielabel': ' Onbekend ', 'Huisgenoten': '  2 ', 'Geslacht': ' Man ', 'Huisdieren': ' Nee '}",kamer-1842909.html
Bomanshof,in Eindhoven,105 m,Totaal 2 kamers,â‚¬ 1450,p/m | excl. g/w/e,Gemeubileerd,01-11-2021,15 uur geleden geplaatst,https://kamernet.nl/huren/appartement-eindhoven/bomanshof/appartement-1993688,"{'Woonkamer': ' Onbekend ', 'Keuken': ' Onbekend ', 'Badkamer': ' Onbekend ', 'Toilet': ' Onbekend ', 'Internet': ' Onbekend ', 'Energielabel': ' Onbekend ', 'Huisdieren': ' Nee '}",appartement-1993688.html
Leenderweg,in Eindhoven,45 m,Totaal 1 kamer,â‚¬ 775,p/m | excl. g/w/e,Gemeubileerd,07-10-2021,15 uur geleden geplaatst,https://kamernet.nl/huren/appartement-eindhoven/leenderweg/appartement-1993689,"{'Woonkamer': ' Onbekend ', 'Keuken': ' Onbekend ', 'Badkamer': ' Onbekend ', 'Toilet': ' Onbekend ', 'Internet': ' Onbekend ', 'Energielabel': ' Onbekend ', 'Huisdieren': ' Nee '}",appartement-1993689.html
Bloklaan,in Loosdrecht,30 m,Totaal 2 kamers (1 slaapkamer) ,â‚¬ 1100,p/m | incl. g/w/e,Gemeubileerd,08-11-2021 tot 01-06-2022,14 uur geleden geplaatst,https://kamernet.nl/huren/appartement-loosdrecht/bloklaan/appartement-1993646,"{'Woonkamer': ' Eigen ', 'Keuken': ' Eigen ', 'Badkamer': ' Eigen ', 'Toilet': ' Eigen ', 'Internet': ' Ja ', 'Energielabel': ' Onbekend ', 'Huisdieren': ' Nee '}",appartement-1993646.html
Op de Wal,in Enschede,13 m,,â‚¬ 285,p/m | incl. g/w/e,Gestoffeerd,01-11-2021,14 uur geleden geplaatst,https://kamernet.nl/huren/kamer-enschede/op-de-wal/kamer-1993696,"{'Woonkamer': ' Geen ', 'Keuken': ' Gedeeld ', 'Badkamer': ' Gedeeld ', 'Toilet': ' Gedeeld ', 'Internet': ' Ja ', 'Energielabel': ' Onbekend ', 'Huisgenoten': '  2 ', 'Geslacht': ' Man ', 'Huisdieren': ' Nee '}",kamer-1993696.html
Willem van Noortstraat,in Utrecht,45 m,,â‚¬ 920,p/m | incl. g/w/e,Gestoffeerd,15-10-2021,14 uur geleden geplaatst,https://kamernet.nl/huren/appartement-utrecht/willem-van-noortstraat/appartement-1993658,"{'Woonkamer': ' Eigen ', 'Keuken': ' Eigen ', 'Badkamer': ' Eigen ', 'Toilet': ' Eigen ', 'Internet': ' Ja ', 'Energielabel': ' Onbekend ', 'Huisdieren': ' Nee '}",appartement-1993658.html
Hoge Bothofstraat,in Enschede,12 m,Totale oppervlakte: 300 m 2,â‚¬ 310,p/m | incl. g/w/e,Gestoffeerd,01-11-2021,14 uur geleden geplaatst,https://kamernet.nl/huren/kamer-enschede/hoge-bothofstraat/kamer-1993652,"{'Woonkamer': ' Gedeeld ', 'Keuken': ' Gedeeld ', 'Badkamer': ' Gedeeld ', 'Toilet': ' Gedeeld ', 'Internet': ' Ja ', 'Energielabel': ' Onbekend ', 'Huisgenoten': '  Meer dan 8 ', 'Geslacht': ' Gemengd ', 'Huisdieren': ' Nee '}",kamer-1993652.html
Kreeftstraat,in Eindhoven,12 m,,â‚¬ 350,p/m | incl. g/w/e,Gemeubileerd,09-10-2021,14 uur geleden geplaatst,https://kamernet.nl/huren/kamer-eindhoven/kreeftstraat/kamer-1993663,"{'Woonkamer': ' Gedeeld ', 'Keuken': ' Gedeeld ', 'Badkamer': ' Gedeeld ', 'Toilet': ' Gedeeld ', 'Internet': ' Ja ', 'Energielabel': ' Onbekend ', 'Huisgenoten': '  2 ', 'Geslacht': ' Man ', 'Huisdieren': ' Nee '}",kamer-1993663.html
Reitzstraat,in Haarlem,70 m,,â‚¬ 1650,p/m | excl. g/w/e,Gestoffeerd,01-10-2021,14 uur geleden geplaatst,https://kamernet.nl/huren/appartement-haarlem/reitzstraat/appartement-1993665,"{'Woonkamer': ' Gedeeld ', 'Keuken': ' Gedeeld ', 'Badkamer': ' Gedeeld ', 'Toilet': ' Gedeeld ', 'Internet': ' Nee ', 'Energielabel': ' Onbekend ', 'Huisdieren': ' Nee '}",appartement-1993665.html
Pleinweg,in Rotterdam,25 m,,â‚¬ 800,p/m | incl. g/w/e,Gestoffeerd,22-10-2021,14 uur geleden geplaatst,https://kamernet.nl/huren/studio-rotterdam/pleinweg/studio-1993670,"{'Woonkamer': ' Geen ', 'Keuken': ' Eigen ', 'Badkamer': ' Eigen ', 'Toilet': ' Eigen ', 'Internet': ' Ja ', 'Energielabel': ' Onbekend ', 'Huisdieren': ' Nee '}",studio-1993670.html
Zeilstraat,in Amsterdam,10 m,,â‚¬ 785,p/m | incl. g/w/e,Kaal,07-10-2021,23 uur geleden geplaatst,https://kamernet.nl/huren/kamer-amsterdam/zeilstraat/kamer-1993672,"{'Woonkamer': ' Gedeeld ', 'Keuken': ' Gedeeld ', 'Badkamer': ' Gedeeld ', 'Toilet': ' Gedeeld ', 'Internet': ' Ja ', 'Energielabel': ' Onbekend ', 'Huisgenoten': '  1 ', 'Geslacht': ' Man ', 'Huisdieren': ' Nee '}",kamer-1993672.html
Hendrick Hamelplantsoen,in Den Haag,27 m,,â‚¬ 795,p/m | incl. g/w/e,Gemeubileerd,17-10-2021,Gisteren geplaatst,https://kamernet.nl/huren/studio-den-haag/hendrick-hamelplantsoen/studio-1993514,"{'Woonkamer': ' Geen ', 'Keuken': ' Eigen ', 'Badkamer': ' Eigen ', 'Toilet': ' Eigen ', 'Internet': ' Ja ', 'Energielabel': ' A ', 'Huisdieren': ' Nee '}",studio-1993514.html
Trans,in Arnhem,27 m,,â‚¬ 474,p/m | excl. g/w/e,Gestoffeerd,15-10-2021,14 uur geleden geplaatst,https://kamernet.nl/huren/kamer-arnhem/trans/kamer-1993685,"{'Woonkamer': ' Onbekend ', 'Keuken': ' Onbekend ', 'Badkamer': ' Onbekend ', 'Toilet': ' Onbekend ', 'Internet': ' Onbekend ', 'Energielabel': ' Onbekend ', 'Huisgenoten': '  Onbekend  ', 'Geslacht': ' Onbekend ', 'Huisdieren': ' Nee '}",kamer-1993685.html
Limietlaan,in Den Bosch,68 m,Totaal 3 kamers,â‚¬ 1225,p/m | excl. g/w/e,Gestoffeerd,01-11-2021,13 uur geleden geplaatst,https://kamernet.nl/huren/appartement-den-bosch/limietlaan/appartement-1993686,"{'Woonkamer': ' Onbekend ', 'Keuken': ' Onbekend ', 'Badkamer': ' Onbekend ', 'Toilet': ' Onbekend ', 'Internet': ' Onbekend ', 'Energielabel': ' Onbekend ', 'Huisdieren': ' Nee '}",appartement-1993686.html
Mijnsherenlaan,in Rotterdam,68 m,Totaal 2 kamers,â‚¬ 917,p/m | excl. g/w/e,Gestoffeerd,01-11-2021,14 uur geleden geplaatst,https://kamernet.nl/huren/appartement-rotterdam/mijnsherenlaan/appartement-1993684,"{'Woonkamer': ' Onbekend ', 'Keuken': ' Onbekend ', 'Badkamer': ' Onbekend ', 'Toilet': ' Onbekend ', 'Internet': ' Onbekend ', 'Energielabel': ' Onbekend ', 'Huisdieren': ' Nee '}",appartement-1993684.html
Ginnekenstraat,in Breda,33 m,Totaal 1 kamer,â‚¬ 725,p/m | excl. g/w/e,Gestoffeerd,07-10-2021,14 uur geleden geplaatst,https://kamernet.nl/huren/appartement-breda/ginnekenstraat/appartement-1993682,"{'Woonkamer': ' Onbekend ', 'Keuken': ' Onbekend ', 'Badkamer': ' Onbekend ', 'Toilet': ' Onbekend ', 'Internet': ' Onbekend ', 'Energielabel': ' Onbekend ', 'Huisdieren': ' Nee '}",appartement-1993682.html
Schuitenzand,in Delfzijl,75 m,Totaal 4 kamers (1 slaapkamer) ,â‚¬ 380,p/m | excl. g/w/e,Gestoffeerd,06-10-2021,Gisteren geplaatst,https://kamernet.nl/huren/anti-kraak-delfzijl/schuitenzand/anti-kraak-1993570,"{'Woonkamer': ' Eigen ', 'Keuken': ' Eigen ', 'Badkamer': ' Eigen ', 'Toilet': ' Eigen ', 'Internet': ' Ja ', 'Energielabel': ' Onbekend ', 'Huisdieren': ' Nee '}",anti-kraak-1993570.html
Milovan Djilasplein,in Amsterdam,12 m,,â‚¬ 650,p/m | incl. g/w/e,Gemeubileerd,06-10-2021,Gisteren geplaatst,https://kamernet.nl/huren/kamer-amsterdam/milovan-djilasplein/kamer-1993580,"{'Woonkamer': ' Gedeeld ', 'Keuken': ' Gedeeld ', 'Badkamer': ' Gedeeld ', 'Toilet': ' Gedeeld ', 'Internet': ' Ja ', 'Energielabel': ' Onbekend ', 'Huisgenoten': '  1 ', 'Geslacht': ' Vrouw ', 'Huisdieren': ' Nee '}",kamer-1993580.html
Pijlkruidstraat,in Wildervank,85 m,Totaal 4 kamers (2 slaapkamers) ,â‚¬ 353,p/m | excl. g/w/e,Kaal,06-10-2021,Gisteren geplaatst,https://kamernet.nl/huren/anti-kraak-wildervank/pijlkruidstraat/anti-kraak-1993575,"{'Woonkamer': ' Eigen ', 'Keuken': ' Eigen ', 'Badkamer': ' Eigen ', 'Toilet': ' Eigen ', 'Internet': ' Ja ', 'Energielabel': ' Onbekend ', 'Huisdieren': ' Nee '}",anti-kraak-1993575.html
Langs de Lijn,in Bedum,45 m,Totaal 2 kamers (1 slaapkamer) ,â‚¬ 260,p/m | incl. g/w/e,Gestoffeerd,24-10-2021,Gisteren geplaatst,https://kamernet.nl/huren/anti-kraak-bedum/langs-de-lijn/anti-kraak-1993581,"{'Woonkamer': ' Eigen ', 'Keuken': ' Eigen ', 'Badkamer': ' Eigen ', 'Toilet': ' Eigen ', 'Internet': ' Ja ', 'Energielabel': ' Onbekend ', 'Huisdieren': ' Nee '}",anti-kraak-1993581.html
Horsbornplaat,in Delfzijl,126 m,Totaal 5 kamers (2 slaapkamers) ,â‚¬ 460,p/m | excl. g/w/e,Kaal,06-10-2021,Gisteren geplaatst,https://kamernet.nl/huren/anti-kraak-delfzijl/horsbornplaat/anti-kraak-1993572,"{'Woonkamer': ' Eigen ', 'Keuken': ' Eigen ', 'Badkamer': ' Eigen ', 'Toilet': ' Eigen ', 'Internet': ' Ja ', 'Energielabel': ' Onbekend ', 'Huisdieren': ' Nee '}",anti-kraak-1993572.html
Barckemalaan,in Tolbert,116 m,Totaal 4 kamers (2 slaapkamers) ,â‚¬ 187,p/m | excl. g/w/e,Kaal,06-10-2021,Gisteren geplaatst,https://kamernet.nl/huren/anti-kraak-tolbert/barckemalaan/anti-kraak-1993588,"{'Woonkamer': ' Eigen ', 'Keuken': ' Eigen ', 'Badkamer': ' Eigen ', 'Toilet': ' Eigen ', 'Internet': ' Ja ', 'Energielabel': ' Onbekend ', 'Huisdieren': ' Nee '}",anti-kraak-1993588.html
Notaris A.H. Agessingel,in Leens,80 m,,â‚¬ 260,p/m | incl. g/w/e,Gestoffeerd,06-10-2021,Gisteren geplaatst,https://kamernet.nl/huren/kamer-leens/notaris-a.h.-agessingel/kamer-1993573,"{'Woonkamer': ' Eigen ', 'Keuken': ' Eigen ', 'Badkamer': ' Gedeeld ', 'Toilet': ' Gedeeld ', 'Internet': ' Ja ', 'Energielabel': ' Onbekend ', 'Huisgenoten': '  4  ', 'Geslacht': ' Gemengd ', 'Huisdieren': ' Nee '}",kamer-1993573.html
Graskopstraat,in Den Haag,18 m,,â‚¬ 750,p/m | incl. g/w/e,Gemeubileerd,06-10-2021,Gisteren geplaatst,https://kamernet.nl/huren/kamer-den-haag/graskopstraat/kamer-1993584,"{'Woonkamer': ' Gedeeld ', 'Keuken': ' Gedeeld ', 'Badkamer': ' Gedeeld ', 'Toilet': ' Gedeeld ', 'Internet': ' Ja ', 'Energielabel': ' Onbekend ', 'Huisgenoten': '  2 ', 'Geslacht': ' Man ', 'Huisdieren': ' Nee '}",kamer-1993584.html
Soesterweg,in Amersfoort,24 m,Totaal 1 kamer (1 slaapkamer) ,â‚¬ 460,p/m | incl. g/w/e,Kaal,01-11-2021,Gisteren geplaatst,https://kamernet.nl/huren/studio-amersfoort/soesterweg/studio-1993594,"{'Woonkamer': ' Eigen ', 'Keuken': ' Eigen ', 'Badkamer': ' Eigen ', 'Toilet': ' Eigen ', 'Internet': ' Onbekend ', 'Energielabel': ' Onbekend ', 'Huisdieren': ' Nee '}",studio-1993594.html
Schootsestraat,in Eindhoven,10 m,,â‚¬ 395,p/m | incl. g/w/e,Gestoffeerd,01-11-2021,Gisteren geplaatst,https://kamernet.nl/huren/kamer-eindhoven/schootsestraat/kamer-1993621,"{'Woonkamer': ' Gedeeld ', 'Keuken': ' Gedeeld ', 'Badkamer': ' Gedeeld ', 'Toilet': ' Gedeeld ', 'Internet': ' Ja ', 'Energielabel': ' Onbekend ', 'Huisgenoten': '  Meer dan 8 ', 'Geslacht': ' Man ', 'Huisdieren': ' Ja '}",kamer-1993621.html
Malzwin,in Lelystad,10 m,,â‚¬ 530,p/m | incl. g/w/e,Gemeubileerd,14-10-2021,Gisteren geplaatst,https://kamernet.nl/huren/kamer-lelystad/malzwin/kamer-1993591,"{'Woonkamer': ' Geen ', 'Keuken': ' Gedeeld ', 'Badkamer': ' Gedeeld ', 'Toilet': ' Gedeeld ', 'Internet': ' Ja ', 'Energielabel': ' Onbekend ', 'Huisgenoten': '  2 ', 'Geslacht': ' Onbekend ', 'Huisdieren': ' Nee '}",kamer-1993591.html
van Tolstraat,in Bodegraven,30 m,,â‚¬ 575,p/m | incl. g/w/e,Gestoffeerd,06-10-2021,Gisteren geplaatst,https://kamernet.nl/huren/kamer-bodegraven/van-tolstraat/kamer-1993587,"{'Woonkamer': ' Geen ', 'Keuken': ' Gedeeld ', 'Badkamer': ' Gedeeld ', 'Toilet': ' Gedeeld ', 'Internet': ' Onbekend ', 'Energielabel': ' Onbekend ', 'Huisgenoten': '  3 ', 'Geslacht': ' Gemengd ', 'Huisdieren': ' In overleg '}",kamer-1993587.html
Naritaweg,in Amsterdam,25 m,,â‚¬ 900,p/m | incl. g/w/e,Gemeubileerd,06-10-2021,Gisteren geplaatst,https://kamernet.nl/huren/studio-amsterdam/naritaweg/studio-1993601,"{'Woonkamer': ' Eigen ', 'Keuken': ' Eigen ', 'Badkamer': ' Eigen ', 'Toilet': ' Eigen ', 'Internet': ' Ja ', 'Energielabel': ' Onbekend ', 'Huisdieren': ' Ja '}",studio-1993601.html
Bethlehemstraat,in Rotterdam,21 m,,â‚¬ 365,p/m | incl. g/w/e,Kaal,01-11-2021,Gisteren geplaatst,https://kamernet.nl/huren/kamer-rotterdam/bethlehemstraat/kamer-1993589,"{'Woonkamer': ' Gedeeld ', 'Keuken': ' Gedeeld ', 'Badkamer': ' Gedeeld ', 'Toilet': ' Gedeeld ', 'Internet': ' Nee ', 'Energielabel': ' B ', 'Huisgenoten': '  5 ', 'Geslacht': ' Vrouw ', 'Huisdieren': ' Ja '}",kamer-1993589.html
Nieuwendammerdijk,in Amsterdam,130 m,Totaal 4 kamers (2 slaapkamers) ,â‚¬ 1500,p/m | incl. g/w/e,Gemeubileerd,07-11-2021 tot 29-01-2022,Gisteren geplaatst,https://kamernet.nl/huren/appartement-amsterdam/nieuwendammerdijk/appartement-1993552,"{'Woonkamer': ' Eigen ', 'Keuken': ' Eigen ', 'Badkamer': ' Eigen ', 'Toilet': ' Eigen ', 'Internet': ' Ja ', 'Energielabel': ' D ', 'Huisdieren': ' Nee '}",appartement-1993552.html
Frankrijkstraat,in Eindhoven,30 m,Totaal 1 kamer (1 slaapkamer) ,â‚¬ 725,p/m | incl. g/w/e,Gestoffeerd,01-11-2021,Gisteren geplaatst,https://kamernet.nl/huren/studio-eindhoven/frankrijkstraat/studio-1993547,"{'Woonkamer': ' Eigen ', 'Keuken': ' Eigen ', 'Badkamer': ' Eigen ', 'Toilet': ' Eigen ', 'Internet': ' Ja ', 'Energielabel': ' Onbekend ', 'Huisdieren': ' Nee '}",studio-1993547.html
Pijlslaan,in Haarlem,50 m,Totale oppervlakte: 6 m 2,â‚¬ 950,p/m | incl. g/w/e,Gestoffeerd,01-11-2021,Gisteren geplaatst,https://kamernet.nl/huren/kamer-haarlem/pijlslaan/kamer-1993625,"{'Woonkamer': ' Eigen ', 'Keuken': ' Eigen ', 'Badkamer': ' Gedeeld ', 'Toilet': ' Gedeeld ', 'Internet': ' Ja ', 'Energielabel': ' Onbekend ', 'Huisgenoten': '  3 ', 'Geslacht': ' Gemengd ', 'Huisdieren': ' Nee '}",kamer-1993625.html
Overhorsterweg,in Voorthuizen,16 m,,â‚¬ 355,p/m | incl. g/w/e,Kaal,01-11-2021,Gisteren geplaatst,https://kamernet.nl/huren/kamer-voorthuizen/overhorsterweg/kamer-1993554,"{'Woonkamer': ' Geen ', 'Keuken': ' Gedeeld ', 'Badkamer': ' Gedeeld ', 'Toilet': ' Gedeeld ', 'Internet': ' Ja ', 'Energielabel': ' Onbekend ', 'Huisgenoten': '  3 ', 'Geslacht': ' Gemengd ', 'Huisdieren': ' Nee '}",kamer-1993554.html
Zijlstraat,in Breda,26 m,Totale oppervlakte: 60 m 2,â‚¬ 415,p/m | excl. g/w/e,Gestoffeerd,01-11-2021,Gisteren geplaatst,https://kamernet.nl/huren/kamer-breda/zijlstraat/kamer-1993597,"{'Woonkamer': ' Eigen ', 'Keuken': ' Gedeeld ', 'Badkamer': ' Gedeeld ', 'Toilet': ' Gedeeld ', 'Internet': ' Ja ', 'Energielabel': ' C ', 'Huisgenoten': '  3 ', 'Geslacht': ' Gemengd ', 'Huisdieren': ' Nee '}",kamer-1993597.html
Parkweg,in Ede,13 m,,â‚¬ 330,p/m | incl. g/w/e,Kaal,01-11-2021,Gisteren geplaatst,https://kamernet.nl/huren/kamer-ede/parkweg/kamer-1993559,"{'Woonkamer': ' Gedeeld ', 'Keuken': ' Gedeeld ', 'Badkamer': ' Gedeeld ', 'Toilet': ' Gedeeld ', 'Internet': ' Ja ', 'Energielabel': ' Onbekend ', 'Huisgenoten': '  4  ', 'Geslacht': ' Onbekend ', 'Huisdieren': ' Nee '}",kamer-1993559.html
Raamstraat,in Utrecht,58 m,Totaal 2 kamers (1 slaapkamer) ,â‚¬ 1250,p/m | incl. g/w/e,Gemeubileerd,06-12-2021 tot 31-03-2022,Gisteren geplaatst,https://kamernet.nl/huren/appartement-utrecht/raamstraat/appartement-1993557,"{'Woonkamer': ' Eigen ', 'Keuken': ' Eigen ', 'Badkamer': ' Eigen ', 'Toilet': ' Eigen ', 'Internet': ' Ja ', 'Energielabel': ' Onbekend ', 'Huisdieren': ' Nee '}",appartement-1993557.html
Herengracht,in Amsterdam,17 m,,â‚¬ 925,p/m | incl. g/w/e,Gemeubileerd,01-11-2021 tot 01-11-2022,Gisteren geplaatst,https://kamernet.nl/huren/kamer-amsterdam/herengracht/kamer-1993562,"{'Woonkamer': ' Eigen ', 'Keuken': ' Eigen ', 'Badkamer': ' Eigen ', 'Toilet': ' Eigen ', 'Internet': ' Ja ', 'Energielabel': ' Onbekend ', 'Huisgenoten': '  Onbekend  ', 'Geslacht': ' Onbekend ', 'Huisdieren': ' Nee '}",kamer-1993562.html
Johan de Wittlaan,in Arnhem,73 m,Totaal 4 kamers (3 slaapkamers) ,â‚¬ 1225,p/m | excl. g/w/e,Kaal,12-11-2021,Gisteren geplaatst,https://kamernet.nl/huren/appartement-arnhem/johan-de-wittlaan/appartement-1992465,"{'Woonkamer': ' Eigen ', 'Keuken': ' Eigen ', 'Badkamer': ' Eigen ', 'Toilet': ' Eigen ', 'Internet': ' Ja ', 'Energielabel': ' E ', 'Huisdieren': ' Nee '}",appartement-1992465.html
Stuwweg,in Maastricht,20 m,,â‚¬ 535,p/m | incl. g/w/e,Gemeubileerd,06-10-2021,Gisteren geplaatst,https://kamernet.nl/huren/kamer-maastricht/stuwweg/kamer-1993548,"{'Woonkamer': ' Gedeeld ', 'Keuken': ' Gedeeld ', 'Badkamer': ' Gedeeld ', 'Toilet': ' Gedeeld ', 'Internet': ' Ja ', 'Energielabel': ' Onbekend ', 'Huisgenoten': '  3 ', 'Geslacht': ' Gemengd ', 'Huisdieren': ' Nee '}",kamer-1993548.html
Nieuwe Binnenweg,in Rotterdam,25 m,Totaal 6 kamers (3 slaapkamers) ,â‚¬ 650,p/m | incl. g/w/e,Gemeubileerd,13-10-2021 tot 07-05-2022,Gisteren geplaatst,https://kamernet.nl/huren/appartement-rotterdam/nieuwe-binnenweg/appartement-1993563,"{'Woonkamer': ' Gedeeld ', 'Keuken': ' Gedeeld ', 'Badkamer': ' Gedeeld ', 'Toilet': ' Gedeeld ', 'Internet': ' Ja ', 'Energielabel': ' Onbekend ', 'Huisdieren': ' In overleg '}",appartement-1993563.html
Weimarstraat,in Den Haag,23 m,,â‚¬ 550,p/m | incl. g/w/e,Gestoffeerd,18-10-2021,Gisteren geplaatst,https://kamernet.nl/huren/kamer-den-haag/weimarstraat/kamer-1993568,"{'Woonkamer': ' Geen ', 'Keuken': ' Gedeeld ', 'Badkamer': ' Gedeeld ', 'Toilet': ' Gedeeld ', 'Internet': ' Ja ', 'Energielabel': ' Onbekend ', 'Huisgenoten': '  2 ', 'Geslacht': ' Gemengd ', 'Huisdieren': ' Nee '}",kamer-1993568.html
Eliza Dorusstraat,in Delft,10 m,Totale oppervlakte: 33 m 2,â‚¬ 345,p/m | incl. g/w/e,Gestoffeerd,01-11-2021,Gisteren geplaatst,https://kamernet.nl/huren/kamer-delft/eliza-dorusstraat/kamer-1993556,"{'Woonkamer': ' Gedeeld ', 'Keuken': ' Gedeeld ', 'Badkamer': ' Gedeeld ', 'Toilet': ' Gedeeld ', 'Internet': ' Ja ', 'Energielabel': ' C ', 'Huisgenoten': '  2 ', 'Geslacht': ' Man ', 'Huisdieren': ' Nee '}",kamer-1993556.html
Buitenbassinweg,in Rotterdam,11 m,Totale oppervlakte: 53 m 2,â‚¬ 575,p/m | excl. g/w/e,Kaal,06-10-2021,Gisteren geplaatst,https://kamernet.nl/huren/kamer-rotterdam/buitenbassinweg/kamer-1993518,"{'Woonkamer': ' Gedeeld ', 'Keuken': ' Gedeeld ', 'Badkamer': ' Gedeeld ', 'Toilet': ' Gedeeld ', 'Internet': ' Ja ', 'Energielabel': ' Onbekend ', 'Huisgenoten': '  2 ', 'Geslacht': ' Vrouw ', 'Huisdieren': ' In overleg '}",kamer-1993518.html
Gevers Deynootweg,in Den Haag,10 m,Totale oppervlakte: 100 m 2,â‚¬ 495,p/m | incl. g/w/e,Gemeubileerd,06-10-2021,Gisteren geplaatst,https://kamernet.nl/huren/kamer-den-haag/gevers-deynootweg/kamer-1993567,"{'Woonkamer': ' Gedeeld ', 'Keuken': ' Gedeeld ', 'Badkamer': ' Gedeeld ', 'Toilet': ' Gedeeld ', 'Internet': ' Ja ', 'Energielabel': ' Onbekend ', 'Huisgenoten': '  2 ', 'Geslacht': ' Man ', 'Huisdieren': ' Nee '}",kamer-1993567.html
Tubantiastraat,in Enschede,9 m,Totale oppervlakte: 50 m 2,â‚¬ 280,p/m | incl. g/w/e,Gemeubileerd,15-11-2021,11 uur geleden geplaatst,https://kamernet.nl/huren/kamer-enschede/tubantiastraat/kamer-1993745,"{'Woonkamer': ' Gedeeld ', 'Keuken': ' Gedeeld ', 'Badkamer': ' Gedeeld ', 'Toilet': ' Gedeeld ', 'Internet': ' Ja ', 'Energielabel': ' B ', 'Huisgenoten': '  2 ', 'Geslacht': ' Man ', 'Huisdieren': ' Nee '}",kamer-1993745.html
Herman Colleniusstraat,in Groningen,20 m,,â‚¬ 415,p/m | incl. g/w/e,Kaal,01-11-2021,Gisteren geplaatst,https://kamernet.nl/huren/kamer-groningen/herman-colleniusstraat/kamer-1993586,"{'Woonkamer': ' Eigen ', 'Keuken': ' Gedeeld ', 'Badkamer': ' Gedeeld ', 'Toilet': ' Gedeeld ', 'Internet': ' Ja ', 'Energielabel': ' Onbekend ', 'Huisgenoten': '  7 ', 'Geslacht': ' Gemengd ', 'Huisdieren': ' Nee '}",kamer-1993586.html
Tubantiastraat,in Enschede,9 m,Totale oppervlakte: 50 m 2,â‚¬ 240,p/m | excl. g/w/e,Gemeubileerd,11-11-2021 tot 01-08-2022,10 uur geleden geplaatst,https://kamernet.nl/huren/kamer-enschede/tubantiastraat/kamer-1993761,"{'Woonkamer': ' Gedeeld ', 'Keuken': ' Gedeeld ', 'Badkamer': ' Gedeeld ', 'Toilet': ' Gedeeld ', 'Internet': ' Ja ', 'Energielabel': ' B ', 'Huisgenoten': '  2 ', 'Geslacht': ' Man ', 'Huisdieren': ' Nee '}",kamer-1993761.html
Noordwijkerweg,in Kornhorn,12 m,Totale oppervlakte: 160 m 2,â‚¬ 450,p/m | incl. g/w/e,Gemeubileerd,09-10-2021,10 uur geleden geplaatst,https://kamernet.nl/huren/kamer-kornhorn/noordwijkerweg/kamer-1993763,"{'Woonkamer': ' Gedeeld ', 'Keuken': ' Gedeeld ', 'Badkamer': ' Gedeeld ', 'Toilet': ' Gedeeld ', 'Internet': ' Ja ', 'Energielabel': ' G ', 'Huisgenoten': '  2 ', 'Geslacht': ' Gemengd ', 'Huisdieren': ' Nee '}",kamer-1993763.html
Orleansplein,in Maastricht,50 m,Totaal 2 kamers (1 slaapkamer) ,â‚¬ 945,p/m | excl. g/w/e,Gestoffeerd,05-11-2021,10 uur geleden geplaatst,https://kamernet.nl/huren/studio-maastricht/orleansplein/studio-1939727,"{'Woonkamer': ' Eigen ', 'Keuken': ' Eigen ', 'Badkamer': ' Eigen ', 'Toilet': ' Eigen ', 'Internet': ' Ja ', 'Energielabel': ' Onbekend ', 'Huisdieren': ' Nee '}",studio-1939727.html
1e Wilakkersstraat,in Eindhoven,60 m,Totaal 1 kamer,â‚¬ 1095,p/m | excl. g/w/e,Gemeubileerd,02-11-2021,15 uur geleden geplaatst,https://kamernet.nl/huren/appartement-eindhoven/1e-wilakkersstraat/appartement-1993687,"{'Woonkamer': ' Onbekend ', 'Keuken': ' Onbekend ', 'Badkamer': ' Onbekend ', 'Toilet': ' Onbekend ', 'Internet': ' Onbekend ', 'Energielabel': ' Onbekend ', 'Huisdieren': ' Nee '}",appartement-1993687.html
Zjoekowlaan,in Delft,8 m,,â‚¬ 415,p/m | incl. g/w/e,Gestoffeerd,15-10-2021,Gisteren geplaatst,https://kamernet.nl/huren/kamer-delft/zjoekowlaan/kamer-1992374,"{'Woonkamer': ' Gedeeld ', 'Keuken': ' Gedeeld ', 'Badkamer': ' Gedeeld ', 'Toilet': ' Gedeeld ', 'Internet': ' Ja ', 'Energielabel': ' Onbekend ', 'Huisgenoten': '  5 ', 'Geslacht': ' Gemengd ', 'Huisdieren': ' In overleg '}",kamer-1992374.html
Boterdiep,in Groningen,30 m,,â‚¬ 680,p/m | excl. g/w/e,Gestoffeerd,03-11-2021,9 uur geleden geplaatst,https://kamernet.nl/huren/studio-groningen/boterdiep/studio-1993730,"{'Woonkamer': ' Eigen ', 'Keuken': ' Eigen ', 'Badkamer': ' Eigen ', 'Toilet': ' Eigen ', 'Internet': ' Ja ', 'Energielabel': ' A ', 'Huisdieren': ' Nee '}",studio-1993730.html
Reitzstraat,in Haarlem,35 m,,â‚¬ 825,p/m | excl. g/w/e,Gestoffeerd,09-10-2021,9 uur geleden geplaatst,https://kamernet.nl/huren/kamer-haarlem/reitzstraat/kamer-1993736,"{'Woonkamer': ' Geen ', 'Keuken': ' Gedeeld ', 'Badkamer': ' Gedeeld ', 'Toilet': ' Gedeeld ', 'Internet': ' Ja ', 'Energielabel': ' Onbekend ', 'Huisgenoten': '  3 ', 'Geslacht': ' Gemengd ', 'Huisdieren': ' Nee '}",kamer-1993736.html
Quadenoord,in Rotterdam,62 m,Totaal 3 kamers (2 slaapkamers) ,â‚¬ 1500,p/m | excl. g/w/e,Gemeubileerd,01-11-2021 tot 01-12-2023,11 uur geleden geplaatst,https://kamernet.nl/huren/appartement-rotterdam/quadenoord/appartement-1993754,"{'Woonkamer': ' Eigen ', 'Keuken': ' Eigen ', 'Badkamer': ' Eigen ', 'Toilet': ' Eigen ', 'Internet': ' Nee ', 'Energielabel': ' D ', 'Huisdieren': ' Nee '}",appartement-1993754.html
Ruusbroecstraat,in Breda,25 m,Totale oppervlakte: 3 m 2,â‚¬ 490,p/m | incl. g/w/e,Gestoffeerd,01-11-2021,10 uur geleden geplaatst,https://kamernet.nl/huren/kamer-breda/ruusbroecstraat/kamer-1993770,"{'Woonkamer': ' Geen ', 'Keuken': ' Eigen ', 'Badkamer': ' Gedeeld ', 'Toilet': ' Gedeeld ', 'Internet': ' Ja ', 'Energielabel': ' Onbekend ', 'Huisgenoten': '  1 ', 'Geslacht': ' Vrouw ', 'Huisdieren': ' Nee '}",kamer-1993770.html
Rhijngeesterstraatweg,in Oegstgeest,30 m,,â‚¬ 600,p/m | incl. g/w/e,Gestoffeerd,01-11-2021,Gisteren geplaatst,https://kamernet.nl/huren/kamer-oegstgeest/rhijngeesterstraatweg/kamer-1993550,"{'Woonkamer': ' Eigen ', 'Keuken': ' Gedeeld ', 'Badkamer': ' Gedeeld ', 'Toilet': ' Gedeeld ', 'Internet': ' Ja ', 'Energielabel': ' Onbekend ', 'Huisgenoten': '  Meer dan 8 ', 'Geslacht': ' Onbekend ', 'Huisdieren': ' In overleg '}",kamer-1993550.html
Hollywoodlaan,in Almere,46 m,Totaal 2 kamers (1 slaapkamer) ,â‚¬ 1050,p/m | incl. g/w/e,Gestoffeerd,01-11-2021,9 uur geleden geplaatst,https://kamernet.nl/huren/appartement-almere/hollywoodlaan/appartement-1993746,"{'Woonkamer': ' Eigen ', 'Keuken': ' Eigen ', 'Badkamer': ' Eigen ', 'Toilet': ' Gedeeld ', 'Internet': ' Ja ', 'Energielabel': ' A ', 'Huisdieren': ' In overleg '}",appartement-1993746.html
Poolmansweg,in Enschede,18 m,,â‚¬ 355,p/m | incl. g/w/e,Gestoffeerd,24-10-2021,9 uur geleden geplaatst,https://kamernet.nl/huren/kamer-enschede/poolmansweg/kamer-1993750,"{'Woonkamer': ' Gedeeld ', 'Keuken': ' Gedeeld ', 'Badkamer': ' Gedeeld ', 'Toilet': ' Gedeeld ', 'Internet': ' Ja ', 'Energielabel': ' Onbekend ', 'Huisgenoten': '  4  ', 'Geslacht': ' Gemengd ', 'Huisdieren': ' Nee '}",kamer-1993750.html
Prinsengracht,in Amsterdam,24 m,Totale oppervlakte: 94 m 2,â‚¬ 1190,p/m | incl. g/w/e,Gemeubileerd,01-11-2021,9 uur geleden geplaatst,https://kamernet.nl/huren/kamer-amsterdam/prinsengracht/kamer-1993753,"{'Woonkamer': ' Gedeeld ', 'Keuken': ' Gedeeld ', 'Badkamer': ' Gedeeld ', 'Toilet': ' Gedeeld ', 'Internet': ' Ja ', 'Energielabel': ' Onbekend ', 'Huisgenoten': '  1 ', 'Geslacht': ' Man ', 'Huisdieren': ' Nee '}",kamer-1993753.html
Heyendaalseweg,in Nijmegen,20 m,,â‚¬ 650,p/m | incl. g/w/e,Gemeubileerd,01-11-2021,9 uur geleden geplaatst,https://kamernet.nl/huren/kamer-nijmegen/heyendaalseweg/kamer-1993739,"{'Woonkamer': ' Eigen ', 'Keuken': ' Gedeeld ', 'Badkamer': ' Gedeeld ', 'Toilet': ' Gedeeld ', 'Internet': ' Ja ', 'Energielabel': ' Onbekend ', 'Huisgenoten': '  Onbekend  ', 'Geslacht': ' Onbekend ', 'Huisdieren': ' Nee '}",kamer-1993739.html
Lekstraat,in Amsterdam,12 m,,â‚¬ 730,p/m | incl. g/w/e,Gemeubileerd,01-11-2021,9 uur geleden geplaatst,https://kamernet.nl/huren/kamer-amsterdam/lekstraat/kamer-1993735,"{'Woonkamer': ' Gedeeld ', 'Keuken': ' Gedeeld ', 'Badkamer': ' Gedeeld ', 'Toilet': ' Gedeeld ', 'Internet': ' Ja ', 'Energielabel': ' Onbekend ', 'Huisgenoten': '  2 ', 'Geslacht': ' Onbekend ', 'Huisdieren': ' Nee '}",kamer-1993735.html
Van Oldenbarneveldtplein,in Amsterdam,12 m,,â‚¬ 680,p/m | incl. g/w/e,Gemeubileerd,01-11-2021 tot 01-12-2021,Gisteren geplaatst,https://kamernet.nl/huren/kamer-amsterdam/van-oldenbarneveldtplein/kamer-1993596,"{'Woonkamer': ' Gedeeld ', 'Keuken': ' Gedeeld ', 'Badkamer': ' Gedeeld ', 'Toilet': ' Gedeeld ', 'Internet': ' Ja ', 'Energielabel': ' B ', 'Huisgenoten': '  3 ', 'Geslacht': ' Man ', 'Huisdieren': ' Nee '}",kamer-1993596.html
Eerste Hunzestraat,in Groningen,18 m,,â‚¬ 390,p/m | excl. g/w/e,Kaal,01-11-2021,Gisteren geplaatst,https://kamernet.nl/huren/studio-groningen/eerste-hunzestraat/studio-1993521,"{'Woonkamer': ' Geen ', 'Keuken': ' Eigen ', 'Badkamer': ' Eigen ', 'Toilet': ' Eigen ', 'Internet': ' Ja ', 'Energielabel': ' Onbekend ', 'Huisdieren': ' Nee '}",studio-1993521.html
Muldersweg,in Nijmegen,17 m,,â‚¬ 400,p/m | incl. g/w/e,Gestoffeerd,07-11-2021,9 uur geleden geplaatst,https://kamernet.nl/huren/kamer-nijmegen/muldersweg/kamer-1993755,"{'Woonkamer': ' Geen ', 'Keuken': ' Gedeeld ', 'Badkamer': ' Gedeeld ', 'Toilet': ' Gedeeld ', 'Internet': ' Ja ', 'Energielabel': ' Onbekend ', 'Huisgenoten': '  3 ', 'Geslacht': ' Vrouw ', 'Huisdieren': ' Nee '}",kamer-1993755.html
Everwijnstraat,in Culemborg,20 m,Totale oppervlakte: 25 m 2,â‚¬ 425,p/m | incl. g/w/e,Kaal,01-11-2021,Gisteren geplaatst,https://kamernet.nl/huren/kamer-culemborg/everwijnstraat/kamer-1899462,"{'Woonkamer': ' Geen ', 'Keuken': ' Gedeeld ', 'Badkamer': ' Eigen ', 'Toilet': ' Gedeeld ', 'Internet': ' Ja ', 'Energielabel': ' Onbekend ', 'Huisgenoten': '  3 ', 'Geslacht': ' Gemengd ', 'Huisdieren': ' Nee '}",kamer-1899462.html
Waldeck-Pyrmontstraat,in Groningen,90 m,Totaal 2 kamers (2 slaapkamers) ,â‚¬ 1500,p/m | incl. g/w/e,Gemeubileerd,01-01-2022 tot 31-03-2022,Gisteren geplaatst,https://kamernet.nl/huren/appartement-groningen/waldeck-pyrmontstraat/appartement-1993511,"{'Woonkamer': ' Eigen ', 'Keuken': ' Eigen ', 'Badkamer': ' Eigen ', 'Toilet': ' Eigen ', 'Internet': ' Ja ', 'Energielabel': ' A ', 'Huisdieren': ' Nee '}",appartement-1993511.html
Vaartweg,in Hilversum,18 m,,â‚¬ 620,p/m | incl. g/w/e,Gestoffeerd,10-10-2021,9 uur geleden geplaatst,https://kamernet.nl/huren/kamer-hilversum/vaartweg/kamer-1993734,"{'Woonkamer': ' Geen ', 'Keuken': ' Gedeeld ', 'Badkamer': ' Gedeeld ', 'Toilet': ' Gedeeld ', 'Internet': ' Ja ', 'Energielabel': ' Onbekend ', 'Huisgenoten': '  2 ', 'Geslacht': ' Gemengd ', 'Huisdieren': ' Nee '}",kamer-1993734.html
Admiraliteitslaan,in Den Bosch,54 m,,â‚¬ 900,p/m | excl. g/w/e,Gestoffeerd,06-10-2021,Gisteren geplaatst,https://kamernet.nl/huren/appartement-den-bosch/admiraliteitslaan/appartement-1993524,"{'Woonkamer': ' Eigen ', 'Keuken': ' Eigen ', 'Badkamer': ' Eigen ', 'Toilet': ' Eigen ', 'Internet': ' Ja ', 'Energielabel': ' Onbekend ', 'Huisdieren': ' Nee '}",appartement-1993524.html
Stuart Millstraat,in Rotterdam,13 m,Totale oppervlakte: 86 m 2,â‚¬ 550,p/m | incl. g/w/e,Gemeubileerd,01-11-2021,Gisteren geplaatst,https://kamernet.nl/huren/kamer-rotterdam/stuart-millstraat/kamer-1993531,"{'Woonkamer': ' Gedeeld ', 'Keuken': ' Gedeeld ', 'Badkamer': ' Gedeeld ', 'Toilet': ' Gedeeld ', 'Internet': ' Ja ', 'Energielabel': ' C ', 'Huisgenoten': '  3 ', 'Geslacht': ' Gemengd ', 'Huisdieren': ' Nee '}",kamer-1993531.html
Muldersweg,in Staphorst,49 m,,â‚¬ 410,p/m | incl. g/w/e,Kaal,07-10-2021,10 uur geleden geplaatst,https://kamernet.nl/huren/kamer-staphorst/muldersweg/kamer-1993773,"{'Woonkamer': ' Eigen ', 'Keuken': ' Eigen ', 'Badkamer': ' Gedeeld ', 'Toilet': ' Gedeeld ', 'Internet': ' Ja ', 'Energielabel': ' Onbekend ', 'Huisgenoten': '  Onbekend  ', 'Geslacht': ' Onbekend ', 'Huisdieren': ' Nee '}",kamer-1993773.html
Van Embdenstraat,in Delft,10 m,Totale oppervlakte: 105 m 2,â‚¬ 650,p/m | excl. g/w/e,Kaal,20-10-2021,Gisteren geplaatst,https://kamernet.nl/huren/kamer-delft/van-embdenstraat/kamer-1993528,"{'Woonkamer': ' Gedeeld ', 'Keuken': ' Gedeeld ', 'Badkamer': ' Gedeeld ', 'Toilet': ' Gedeeld ', 'Internet': ' Ja ', 'Energielabel': ' A ', 'Huisgenoten': '  1 ', 'Geslacht': ' Vrouw ', 'Huisdieren': ' In overleg '}",kamer-1993528.html
Grutterstraat,in Rhenen,17 m,Totale oppervlakte: 35 m 2,â‚¬ 500,p/m | incl. g/w/e,Gemeubileerd,10-11-2021 tot 31-03-2022,Gisteren geplaatst,https://kamernet.nl/huren/kamer-rhenen/grutterstraat/kamer-1993530,"{'Woonkamer': ' Eigen ', 'Keuken': ' Gedeeld ', 'Badkamer': ' Gedeeld ', 'Toilet': ' Gedeeld ', 'Internet': ' Ja ', 'Energielabel': ' Onbekend ', 'Huisgenoten': '  1 ', 'Geslacht': ' Vrouw ', 'Huisdieren': ' Nee '}",kamer-1993530.html
Oudegracht,in Utrecht,17 m,,â‚¬ 482,p/m | incl. g/w/e,Kaal,01-11-2021,Gisteren geplaatst,https://kamernet.nl/huren/kamer-utrecht/oudegracht/kamer-1993526,"{'Woonkamer': ' Gedeeld ', 'Keuken': ' Gedeeld ', 'Badkamer': ' Gedeeld ', 'Toilet': ' Gedeeld ', 'Internet': ' Ja ', 'Energielabel': ' Onbekend ', 'Huisgenoten': '  Onbekend  ', 'Geslacht': ' Onbekend ', 'Huisdieren': ' Nee '}",kamer-1993526.html
Dr. Nolensstraat,in Tilburg,21 m,,â‚¬ 550,p/m | incl. g/w/e,Gestoffeerd,01-12-2021,Gisteren geplaatst,https://kamernet.nl/huren/kamer-tilburg/dr.-nolensstraat/kamer-1993522,"{'Woonkamer': ' Eigen ', 'Keuken': ' Eigen ', 'Badkamer': ' Gedeeld ', 'Toilet': ' Gedeeld ', 'Internet': ' Ja ', 'Energielabel': ' Onbekend ', 'Huisgenoten': '  Onbekend  ', 'Geslacht': ' Onbekend ', 'Huisdieren': ' Nee '}",kamer-1993522.html
Amsterdamseweg,in Arnhem,50 m,Totaal 2 kamers,â‚¬ 845,p/m | excl. g/w/e,Gestoffeerd,01-12-2021,Gisteren geplaatst,https://kamernet.nl/huren/appartement-arnhem/amsterdamseweg/appartement-1992451,"{'Woonkamer': ' Onbekend ', 'Keuken': ' Onbekend ', 'Badkamer': ' Onbekend ', 'Toilet': ' Onbekend ', 'Internet': ' Onbekend ', 'Energielabel': ' Onbekend ', 'Huisdieren': ' Nee '}",appartement-1992451.html
Aquamarijnstraat,in Groningen,16 m,Totale oppervlakte: 80 m 2,â‚¬ 600,p/m | incl. g/w/e,Gemeubileerd,06-10-2021,Gisteren geplaatst,https://kamernet.nl/huren/kamer-groningen/aquamarijnstraat/kamer-1993542,"{'Woonkamer': ' Gedeeld ', 'Keuken': ' Gedeeld ', 'Badkamer': ' Gedeeld ', 'Toilet': ' Gedeeld ', 'Internet': ' Ja ', 'Energielabel': ' Onbekend ', 'Huisgenoten': '  1 ', 'Geslacht': ' Vrouw ', 'Huisdieren': ' Nee '}",kamer-1993542.html
Schoolstraat,in Nijmegen,110 m,Totaal 4 kamers (3 slaapkamers) ,â‚¬ 1350,p/m | excl. g/w/e,Gemeubileerd,01-11-2021 tot 01-11-2022,Gisteren geplaatst,https://kamernet.nl/huren/appartement-nijmegen/schoolstraat/appartement-1993539,"{'Woonkamer': ' Eigen ', 'Keuken': ' Eigen ', 'Badkamer': ' Eigen ', 'Toilet': ' Eigen ', 'Internet': ' Nee ', 'Energielabel': ' Onbekend ', 'Huisdieren': ' Nee '}",appartement-1993539.html
van Galenstraat,in Noordwijk,40 m,,â‚¬ 795,p/m | excl. g/w/e,Gemeubileerd,01-11-2021,13 uur geleden geplaatst,https://kamernet.nl/huren/appartement-noordwijk/van-galenstraat/appartement-1993690,"{'Woonkamer': ' Onbekend ', 'Keuken': ' Onbekend ', 'Badkamer': ' Onbekend ', 'Toilet': ' Onbekend ', 'Internet': ' Onbekend ', 'Energielabel': ' Onbekend ', 'Huisdieren': ' Nee '}",appartement-1993690.html
Rooseveltstraat,in Leiden,60 m,,â‚¬ 895,p/m | excl. g/w/e,Gestoffeerd,07-10-2021,13 uur geleden geplaatst,https://kamernet.nl/huren/studio-leiden/rooseveltstraat/studio-1993691,"{'Woonkamer': ' Onbekend ', 'Keuken': ' Onbekend ', 'Badkamer': ' Onbekend ', 'Toilet': ' Onbekend ', 'Internet': ' Onbekend ', 'Energielabel': ' Onbekend ', 'Huisdieren': ' Nee '}",studio-1993691.html
Foeliedwarsstraat,in Amsterdam,20 m,Totale oppervlakte: 90 m 2,â‚¬ 945,p/m | incl. g/w/e,Gemeubileerd,06-10-2021,Gisteren geplaatst,https://kamernet.nl/huren/kamer-amsterdam/foeliedwarsstraat/kamer-1993535,"{'Woonkamer': ' Gedeeld ', 'Keuken': ' Gedeeld ', 'Badkamer': ' Gedeeld ', 'Toilet': ' Gedeeld ', 'Internet': ' Ja ', 'Energielabel': ' Onbekend ', 'Huisgenoten': '  2 ', 'Geslacht': ' Gemengd ', 'Huisdieren': ' Nee '}",kamer-1993535.html
Johan Wagenaarstraat,in Amersfoort,40 m,Totaal 2 kamers,â‚¬ 795,p/m | excl. g/w/e,Gestoffeerd,01-11-2021,Gisteren geplaatst,https://kamernet.nl/huren/appartement-amersfoort/johan-wagenaarstraat/appartement-1992458,"{'Woonkamer': ' Onbekend ', 'Keuken': ' Onbekend ', 'Badkamer': ' Onbekend ', 'Toilet': ' Onbekend ', 'Internet': ' Onbekend ', 'Energielabel': ' Onbekend ', 'Huisdieren': ' Nee '}",appartement-1992458.html
Het Haagje,in Hoogeveen,25 m,,â‚¬ 675,p/m | incl. g/w/e,Gestoffeerd,07-10-2021,13 uur geleden geplaatst,https://kamernet.nl/huren/appartement-hoogeveen/het-haagje/appartement-1993709,"{'Woonkamer': ' Eigen ', 'Keuken': ' Eigen ', 'Badkamer': ' Eigen ', 'Toilet': ' Eigen ', 'Internet': ' Ja ', 'Energielabel': ' Onbekend ', 'Huisdieren': ' Nee '}",appartement-1993709.html
Osdorper Ban,in Amsterdam,11 m,Totaal 3 kamers (2 slaapkamers) ,â‚¬ 550,p/m | incl. g/w/e,Gemeubileerd,07-10-2021,13 uur geleden geplaatst,https://kamernet.nl/huren/appartement-amsterdam/osdorper-ban/appartement-1993713,"{'Woonkamer': ' Gedeeld ', 'Keuken': ' Gedeeld ', 'Badkamer': ' Gedeeld ', 'Toilet': ' Gedeeld ', 'Internet': ' Ja ', 'Energielabel': ' A ', 'Huisdieren': ' Nee '}",appartement-1993713.html
Berkelselaan,in Rotterdam,16 m,,â‚¬ 580,p/m | incl. g/w/e,Gemeubileerd,07-11-2021 tot 06-02-2022,13 uur geleden geplaatst,https://kamernet.nl/huren/kamer-rotterdam/berkelselaan/kamer-1993643,"{'Woonkamer': ' Gedeeld ', 'Keuken': ' Gedeeld ', 'Badkamer': ' Gedeeld ', 'Toilet': ' Gedeeld ', 'Internet': ' Ja ', 'Energielabel': ' Onbekend ', 'Huisgenoten': '  Onbekend  ', 'Geslacht': ' Onbekend ', 'Huisdieren': ' Nee '}",kamer-1993643.html
Mijnsherenlaan,in Rotterdam,6 m,,â‚¬ 450,p/m | incl. g/w/e,Gemeubileerd,17-10-2021,Gisteren geplaatst,https://kamernet.nl/huren/kamer-rotterdam/mijnsherenlaan/kamer-1993529,"{'Woonkamer': ' Geen ', 'Keuken': ' Gedeeld ', 'Badkamer': ' Gedeeld ', 'Toilet': ' Gedeeld ', 'Internet': ' Ja ', 'Energielabel': ' Onbekend ', 'Huisgenoten': '  4  ', 'Geslacht': ' Onbekend ', 'Huisdieren': ' Nee '}",kamer-1993529.html
Oudegracht,in Utrecht,50 m,Totaal 1 kamer (1 slaapkamer) ,â‚¬ 950,p/m | excl. g/w/e,Kaal,01-12-2021,13 uur geleden geplaatst,https://kamernet.nl/huren/appartement-utrecht/oudegracht/appartement-1993717,"{'Woonkamer': ' Eigen ', 'Keuken': ' Eigen ', 'Badkamer': ' Eigen ', 'Toilet': ' Eigen ', 'Internet': ' Ja ', 'Energielabel': ' Onbekend ', 'Huisdieren': ' Ja '}",appartement-1993717.html
Wandelpad,in Hilversum,16 m,,â‚¬ 415,p/m | incl. g/w/e,Kaal,01-11-2021,13 uur geleden geplaatst,https://kamernet.nl/huren/kamer-hilversum/wandelpad/kamer-1993701,"{'Woonkamer': ' Geen ', 'Keuken': ' Gedeeld ', 'Badkamer': ' Gedeeld ', 'Toilet': ' Gedeeld ', 'Internet': ' Ja ', 'Energielabel': ' Onbekend ', 'Huisgenoten': '  7 ', 'Geslacht': ' Gemengd ', 'Huisdieren': ' Nee '}",kamer-1993701.html
Weteringstraat,in Rotterdam,8 m,,â‚¬ 450,p/m | excl. g/w/e,Gestoffeerd,10-11-2021,13 uur geleden geplaatst,https://kamernet.nl/huren/kamer-rotterdam/weteringstraat/kamer-1993697,"{'Woonkamer': ' Geen ', 'Keuken': ' Gedeeld ', 'Badkamer': ' Gedeeld ', 'Toilet': ' Gedeeld ', 'Internet': ' Ja ', 'Energielabel': ' Onbekend ', 'Huisgenoten': '  2 ', 'Geslacht': ' Man ', 'Huisdieren': ' Nee '}",kamer-1993697.html
Gravenland,in Diemen,15 m,Totale oppervlakte: 20 m 2,â‚¬ 450,p/m | excl. g/w/e,Gemeubileerd,01-11-2021,12 uur geleden geplaatst,https://kamernet.nl/huren/kamer-diemen/gravenland/kamer-1993720,"{'Woonkamer': ' Gedeeld ', 'Keuken': ' Gedeeld ', 'Badkamer': ' Gedeeld ', 'Toilet': ' Gedeeld ', 'Internet': ' Ja ', 'Energielabel': ' Onbekend ', 'Huisgenoten': '  1 ', 'Geslacht': ' Man ', 'Huisdieren': ' Nee '}",kamer-1993720.html
Admiraal de Ruyterlaan,in Groningen,36 m,Totale oppervlakte: 24 m 2,â‚¬ 735,p/m | incl. g/w/e,Kaal,01-11-2021,13 uur geleden geplaatst,https://kamernet.nl/huren/kamer-groningen/admiraal-de-ruyterlaan/kamer-1993706,"{'Woonkamer': ' Eigen ', 'Keuken': ' Eigen ', 'Badkamer': ' Gedeeld ', 'Toilet': ' Gedeeld ', 'Internet': ' Ja ', 'Energielabel': ' F ', 'Huisgenoten': '  2 ', 'Geslacht': ' Man ', 'Huisdieren': ' Nee '}",kamer-1993706.html
Van der Hoevenplein,in Rotterdam,10 m,,â‚¬ 499,p/m | incl. g/w/e,Gemeubileerd,06-10-2021 tot 01-03-2022,Gisteren geplaatst,https://kamernet.nl/huren/kamer-rotterdam/van-der-hoevenplein/kamer-1993512,"{'Woonkamer': ' Geen ', 'Keuken': ' Gedeeld ', 'Badkamer': ' Gedeeld ', 'Toilet': ' Eigen ', 'Internet': ' Ja ', 'Energielabel': ' A ', 'Huisgenoten': '  1 ', 'Geslacht': ' Gemengd ', 'Huisdieren': ' Nee '}",kamer-1993512.html
Pleinweg,in Rotterdam,90 m,Totaal 4 kamers,â‚¬ 1295,p/m | excl. g/w/e,Gestoffeerd,07-10-2021,12 uur geleden geplaatst,https://kamernet.nl/huren/appartement-rotterdam/pleinweg/appartement-1993724,"{'Woonkamer': ' Onbekend ', 'Keuken': ' Onbekend ', 'Badkamer': ' Onbekend ', 'Toilet': ' Onbekend ', 'Internet': ' Onbekend ', 'Energielabel': ' Onbekend ', 'Huisdieren': ' Nee '}",appartement-1993724.html
Marwixstraat,in Groningen,56 m,Totaal 3 kamers,â‚¬ 1100,p/m | excl. g/w/e,Gestoffeerd,07-10-2021,12 uur geleden geplaatst,https://kamernet.nl/huren/appartement-groningen/marwixstraat/appartement-1993723,"{'Woonkamer': ' Onbekend ', 'Keuken': ' Onbekend ', 'Badkamer': ' Onbekend ', 'Toilet': ' Onbekend ', 'Internet': ' Onbekend ', 'Energielabel': ' Onbekend ', 'Huisdieren': ' Nee '}",appartement-1993723.html
Utrechtseweg,in Oosterbeek,75 m,Totaal 3 kamers,â‚¬ 985,p/m | excl. g/w/e,Gestoffeerd,07-10-2021,12 uur geleden geplaatst,https://kamernet.nl/huren/appartement-oosterbeek/utrechtseweg/appartement-1993727,"{'Woonkamer': ' Onbekend ', 'Keuken': ' Onbekend ', 'Badkamer': ' Onbekend ', 'Toilet': ' Onbekend ', 'Internet': ' Onbekend ', 'Energielabel': ' Onbekend ', 'Huisdieren': ' Nee '}",appartement-1993727.html
Hoofdstraat,in Hoogezand,35 m,Totale oppervlakte: 80 m 2,â‚¬ 520,p/m | incl. g/w/e,Gestoffeerd,17-10-2021,Gisteren geplaatst,https://kamernet.nl/huren/kamer-hoogezand/hoofdstraat/kamer-1993566,"{'Woonkamer': ' Geen ', 'Keuken': ' Gedeeld ', 'Badkamer': ' Gedeeld ', 'Toilet': ' Gedeeld ', 'Internet': ' Ja ', 'Energielabel': ' Onbekend ', 'Huisgenoten': '  4  ', 'Geslacht': ' Gemengd ', 'Huisdieren': ' Nee '}",kamer-1993566.html
Weteringkade,in Den Haag,18 m,,â‚¬ 400,p/m | incl. g/w/e,Gemeubileerd,01-01-2022 tot 01-06-2022,8 uur geleden geplaatst,https://kamernet.nl/huren/kamer-den-haag/weteringkade/kamer-1993802,"{'Woonkamer': ' Gedeeld ', 'Keuken': ' Gedeeld ', 'Badkamer': ' Gedeeld ', 'Toilet': ' Gedeeld ', 'Internet': ' Ja ', 'Energielabel': ' Onbekend ', 'Huisgenoten': '  Onbekend  ', 'Geslacht': ' Onbekend ', 'Huisdieren': ' Nee '}",kamer-1993802.html
Vijverlaan,in Arnhem,42 m,Totaal 2 kamers (1 slaapkamer) ,â‚¬ 850,p/m | incl. g/w/e,Gemeubileerd,20-11-2021 tot 01-05-2022,Gisteren geplaatst,https://kamernet.nl/huren/appartement-arnhem/vijverlaan/appartement-1993525,"{'Woonkamer': ' Eigen ', 'Keuken': ' Eigen ', 'Badkamer': ' Eigen ', 'Toilet': ' Eigen ', 'Internet': ' Ja ', 'Energielabel': ' B ', 'Huisdieren': ' Nee '}",appartement-1993525.html
Balistraat,in Delft,9 m,,â‚¬ 390,p/m | incl. g/w/e,Gestoffeerd,01-11-2021,8 uur geleden geplaatst,https://kamernet.nl/huren/kamer-delft/balistraat/kamer-1993805,"{'Woonkamer': ' Gedeeld ', 'Keuken': ' Gedeeld ', 'Badkamer': ' Gedeeld ', 'Toilet': ' Gedeeld ', 'Internet': ' Ja ', 'Energielabel': ' Onbekend ', 'Huisgenoten': '  2 ', 'Geslacht': ' Vrouw ', 'Huisdieren': ' In overleg '}",kamer-1993805.html
Coryluslaan,in Heerhugowaard,22 m,Totale oppervlakte: 150 m 2,â‚¬ 470,p/m | excl. g/w/e,Gemeubileerd,15-10-2021 tot 14-10-2022,8 uur geleden geplaatst,https://kamernet.nl/huren/kamer-heerhugowaard/coryluslaan/kamer-1993801,"{'Woonkamer': ' Gedeeld ', 'Keuken': ' Gedeeld ', 'Badkamer': ' Gedeeld ', 'Toilet': ' Gedeeld ', 'Internet': ' Ja ', 'Energielabel': ' Onbekend ', 'Huisgenoten': '  1 ', 'Geslacht': ' Man ', 'Huisdieren': ' Nee '}",kamer-1993801.html
Asselsestraat,in Apeldoorn,14 m,Totale oppervlakte: 140 m 2,â‚¬ 515,p/m | incl. g/w/e,Gestoffeerd,07-10-2021,8 uur geleden geplaatst,https://kamernet.nl/huren/kamer-apeldoorn/asselsestraat/kamer-1993807,"{'Woonkamer': ' Gedeeld ', 'Keuken': ' Gedeeld ', 'Badkamer': ' Gedeeld ', 'Toilet': ' Gedeeld ', 'Internet': ' Ja ', 'Energielabel': ' Onbekend ', 'Huisgenoten': '  2 ', 'Geslacht': ' Man ', 'Huisdieren': ' Nee '}",kamer-1993807.html
Stephensonstraat,in Amsterdam,12 m,,â‚¬ 880,p/m | incl. g/w/e,Gestoffeerd,01-11-2021,13 uur geleden geplaatst,https://kamernet.nl/huren/kamer-amsterdam/stephensonstraat/kamer-1993707,"{'Woonkamer': ' Gedeeld ', 'Keuken': ' Gedeeld ', 'Badkamer': ' Gedeeld ', 'Toilet': ' Gedeeld ', 'Internet': ' Ja ', 'Energielabel': ' A ', 'Huisgenoten': '  1 ', 'Geslacht': ' Vrouw ', 'Huisdieren': ' Nee '}",kamer-1993707.html
Vincent van Goghstraat,in Dordrecht,64 m,Totaal 3 kamers,â‚¬ 1100,p/m | excl. g/w/e,Gestoffeerd,07-10-2021,12 uur geleden geplaatst,https://kamernet.nl/huren/appartement-dordrecht/vincent-van-goghstraat/appartement-1993726,"{'Woonkamer': ' Onbekend ', 'Keuken': ' Onbekend ', 'Badkamer': ' Onbekend ', 'Toilet': ' Onbekend ', 'Internet': ' Onbekend ', 'Energielabel': ' Onbekend ', 'Huisdieren': ' Nee '}",appartement-1993726.html
Venuslaan,in Eindhoven,16 m,Totale oppervlakte: 115 m 2,â‚¬ 550,p/m | incl. g/w/e,Gemeubileerd,07-10-2021 tot 31-10-2021,8 uur geleden geplaatst,https://kamernet.nl/huren/kamer-eindhoven/venuslaan/kamer-1951877,"{'Woonkamer': ' Gedeeld ', 'Keuken': ' Gedeeld ', 'Badkamer': ' Gedeeld ', 'Toilet': ' Gedeeld ', 'Internet': ' Ja ', 'Energielabel': ' Onbekend ', 'Huisgenoten': '  1 ', 'Geslacht': ' Man ', 'Huisdieren': ' Nee '}",kamer-1951877.html
Cerberusstraat,in Rosmalen,16 m,,â‚¬ 500,p/m | incl. g/w/e,Gestoffeerd,01-11-2021 tot 01-01-2023,8 uur geleden geplaatst,https://kamernet.nl/huren/kamer-rosmalen/cerberusstraat/kamer-1993803,"{'Woonkamer': ' Geen ', 'Keuken': ' Gedeeld ', 'Badkamer': ' Gedeeld ', 'Toilet': ' Gedeeld ', 'Internet': ' Ja ', 'Energielabel': ' C ', 'Huisgenoten': '  1 ', 'Geslacht': ' Man ', 'Huisdieren': ' Nee '}",kamer-1993803.html
Eem,in Assen,90 m,Totaal 4 kamers (3 slaapkamers) ,â‚¬ 752,p/m | excl. g/w/e,Gestoffeerd,01-11-2021,8 uur geleden geplaatst,https://kamernet.nl/huren/appartement-assen/eem/appartement-1993808,"{'Woonkamer': ' Eigen ', 'Keuken': ' Eigen ', 'Badkamer': ' Eigen ', 'Toilet': ' Eigen ', 'Internet': ' Onbekend ', 'Energielabel': ' Onbekend ', 'Huisdieren': ' Nee '}",appartement-1993808.html
Midscheeps,in Amsterdam,8 m,,â‚¬ 700,p/m | incl. g/w/e,Gemeubileerd,08-10-2021,7 uur geleden geplaatst,https://kamernet.nl/huren/kamer-amsterdam/midscheeps/kamer-1993811,"{'Woonkamer': ' Gedeeld ', 'Keuken': ' Gedeeld ', 'Badkamer': ' Gedeeld ', 'Toilet': ' Gedeeld ', 'Internet': ' Ja ', 'Energielabel': ' Onbekend ', 'Huisgenoten': '  3 ', 'Geslacht': ' Gemengd ', 'Huisdieren': ' Nee '}",kamer-1993811.html
Meander,in Amstelveen,115 m,Totaal 4 kamers (3 slaapkamers) ,â‚¬ 2100,p/m | excl. g/w/e,Gemeubileerd,07-10-2021,7 uur geleden geplaatst,https://kamernet.nl/huren/appartement-amstelveen/meander/appartement-1993806,"{'Woonkamer': ' Eigen ', 'Keuken': ' Eigen ', 'Badkamer': ' Eigen ', 'Toilet': ' Eigen ', 'Internet': ' Nee ', 'Energielabel': ' Onbekend ', 'Huisdieren': ' Nee '}",appartement-1993806.html
Madeliefstraat,in Rotterdam,75 m,Totaal 4 kamers,â‚¬ 895,p/m | excl. g/w/e,Gestoffeerd,07-10-2021,12 uur geleden geplaatst,https://kamernet.nl/huren/appartement-rotterdam/madeliefstraat/appartement-1993725,"{'Woonkamer': ' Onbekend ', 'Keuken': ' Onbekend ', 'Badkamer': ' Onbekend ', 'Toilet': ' Onbekend ', 'Internet': ' Onbekend ', 'Energielabel': ' Onbekend ', 'Huisdieren': ' Nee '}",appartement-1993725.html
Heer van Scherpenzeelweg,in Mierlo,12 m,Totale oppervlakte: 100 m 2,â‚¬ 470,p/m | incl. g/w/e,Kaal,17-10-2021,7 uur geleden geplaatst,https://kamernet.nl/huren/kamer-mierlo/heer-van-scherpenzeelweg/kamer-1990419,"{'Woonkamer': ' Gedeeld ', 'Keuken': ' Gedeeld ', 'Badkamer': ' Gedeeld ', 'Toilet': ' Gedeeld ', 'Internet': ' Ja ', 'Energielabel': ' B ', 'Huisgenoten': '  1 ', 'Geslacht': ' Vrouw ', 'Huisdieren': ' Nee '}",kamer-1990419.html
Hooilaan,in Breda,13 m,,â‚¬ 435,p/m | incl. g/w/e,Kaal,07-10-2021,7 uur geleden geplaatst,https://kamernet.nl/huren/kamer-breda/hooilaan/kamer-1993815,"{'Woonkamer': ' Geen ', 'Keuken': ' Gedeeld ', 'Badkamer': ' Gedeeld ', 'Toilet': ' Gedeeld ', 'Internet': ' Ja ', 'Energielabel': ' Onbekend ', 'Huisgenoten': '  5 ', 'Geslacht': ' Man ', 'Huisdieren': ' Nee '}",kamer-1993815.html
Bergsingel,in Rotterdam,60 m,Totale oppervlakte: 80 m 2,â‚¬ 895,p/m | incl. g/w/e,Gemeubileerd,01-12-2021 tot 30-04-2022,7 uur geleden geplaatst,https://kamernet.nl/huren/kamer-rotterdam/bergsingel/kamer-1993813,"{'Woonkamer': ' Eigen ', 'Keuken': ' Gedeeld ', 'Badkamer': ' Gedeeld ', 'Toilet': ' Eigen ', 'Internet': ' Ja ', 'Energielabel': ' Onbekend ', 'Huisgenoten': '  1 ', 'Geslacht': ' Vrouw ', 'Huisdieren': ' Nee '}",kamer-1993813.html
Kuipersdijk,in Enschede,27 m,,â‚¬ 720,p/m | incl. g/w/e,Gestoffeerd,11-10-2021,7 uur geleden geplaatst,https://kamernet.nl/huren/studio-enschede/kuipersdijk/studio-1993812,"{'Woonkamer': ' Geen ', 'Keuken': ' Eigen ', 'Badkamer': ' Eigen ', 'Toilet': ' Eigen ', 'Internet': ' Ja ', 'Energielabel': ' Onbekend ', 'Huisdieren': ' Nee '}",studio-1993812.html
Duikerstraat,in Utrecht,12 m,,â‚¬ 429,p/m | incl. g/w/e,Gestoffeerd,01-11-2021,7 uur geleden geplaatst,https://kamernet.nl/huren/kamer-utrecht/duikerstraat/kamer-1824968,"{'Woonkamer': ' Geen ', 'Keuken': ' Gedeeld ', 'Badkamer': ' Gedeeld ', 'Toilet': ' Gedeeld ', 'Internet': ' Ja ', 'Energielabel': ' C ', 'Huisgenoten': '  3 ', 'Geslacht': ' Gemengd ', 'Huisdieren': ' Nee '}",kamer-1824968.html
Eerste Nassaustraat,in Amsterdam,18 m,Totaal 1 kamer (1 slaapkamer) ,â‚¬ 900,p/m | incl. g/w/e,Gemeubileerd,01-11-2021 tot 31-10-2022,7 uur geleden geplaatst,https://kamernet.nl/huren/appartement-amsterdam/eerste-nassaustraat/appartement-1993814,"{'Woonkamer': ' Eigen ', 'Keuken': ' Eigen ', 'Badkamer': ' Eigen ', 'Toilet': ' Eigen ', 'Internet': ' Ja ', 'Energielabel': ' A ', 'Huisdieren': ' Nee '}",appartement-1993814.html
Muldersweg,in Nijmegen,13 m,,â‚¬ 375,p/m | incl. g/w/e,Kaal,11-10-2021,9 uur geleden geplaatst,https://kamernet.nl/huren/kamer-nijmegen/muldersweg/kamer-1993756,"{'Woonkamer': ' Geen ', 'Keuken': ' Gedeeld ', 'Badkamer': ' Gedeeld ', 'Toilet': ' Gedeeld ', 'Internet': ' Ja ', 'Energielabel': ' Onbekend ', 'Huisgenoten': '  3 ', 'Geslacht': ' Vrouw ', 'Huisdieren': ' Nee '}",kamer-1993756.html
Tongelresestraat,in Eindhoven,45 m,Totaal 3 kamers (1 slaapkamer) ,â‚¬ 900,p/m | incl. g/w/e,Gestoffeerd,01-11-2021,9 uur geleden geplaatst,https://kamernet.nl/huren/appartement-eindhoven/tongelresestraat/appartement-1993765,"{'Woonkamer': ' Eigen ', 'Keuken': ' Eigen ', 'Badkamer': ' Eigen ', 'Toilet': ' Eigen ', 'Internet': ' Ja ', 'Energielabel': ' Onbekend ', 'Huisdieren': ' Nee '}",appartement-1993765.html
Bovenstraat,in Rotterdam,24 m,,â‚¬ 650,p/m | incl. g/w/e,Gestoffeerd,07-10-2021,12 uur geleden geplaatst,https://kamernet.nl/huren/kamer-rotterdam/bovenstraat/kamer-1993728,"{'Woonkamer': ' Geen ', 'Keuken': ' Gedeeld ', 'Badkamer': ' Gedeeld ', 'Toilet': ' Gedeeld ', 'Internet': ' Ja ', 'Energielabel': ' Onbekend ', 'Huisgenoten': '  2 ', 'Geslacht': ' Onbekend ', 'Huisdieren': ' Nee '}",kamer-1993728.html
Lodewijk Napoleonlaan,in Eindhoven,40 m,Totale oppervlakte: 70 m 2,â‚¬ 650,p/m | excl. g/w/e,Kaal,07-10-2021,9 uur geleden geplaatst,https://kamernet.nl/huren/kamer-eindhoven/lodewijk-napoleonlaan/kamer-1993779,"{'Woonkamer': ' Eigen ', 'Keuken': ' Gedeeld ', 'Badkamer': ' Gedeeld ', 'Toilet': ' Gedeeld ', 'Internet': ' Ja ', 'Energielabel': ' Onbekend ', 'Huisgenoten': '  1 ', 'Geslacht': ' Vrouw ', 'Huisdieren': ' Nee '}",kamer-1993779.html
Spaanse Aakstraat,in Groningen,10 m,,â‚¬ 380,p/m | incl. g/w/e,Onbekend,01-11-2021,9 uur geleden geplaatst,https://kamernet.nl/huren/kamer-groningen/spaanse-aakstraat/kamer-1993785,"{'Woonkamer': ' Gedeeld ', 'Keuken': ' Gedeeld ', 'Badkamer': ' Gedeeld ', 'Toilet': ' Gedeeld ', 'Internet': ' Ja ', 'Energielabel': ' Onbekend ', 'Huisgenoten': '  2 ', 'Geslacht': ' Man ', 'Huisdieren': ' Nee '}",kamer-1993785.html
Kolfstraat,in Groningen,55 m,Totaal 2 kamers (1 slaapkamer) ,â‚¬ 675,p/m | excl. g/w/e,Kaal,01-11-2021,9 uur geleden geplaatst,https://kamernet.nl/huren/appartement-groningen/kolfstraat/appartement-1993741,"{'Woonkamer': ' Eigen ', 'Keuken': ' Eigen ', 'Badkamer': ' Eigen ', 'Toilet': ' Eigen ', 'Internet': ' Onbekend ', 'Energielabel': ' Onbekend ', 'Huisdieren': ' Nee '}",appartement-1993741.html
IJburglaan,in Amsterdam,120 m,Totaal 4 kamers (2 slaapkamers) ,â‚¬ 1350,p/m | incl. g/w/e,Gemeubileerd,27-11-2021 tot 30-11-2022,9 uur geleden geplaatst,https://kamernet.nl/huren/appartement-amsterdam/ijburglaan/appartement-1993789,"{'Woonkamer': ' Eigen ', 'Keuken': ' Eigen ', 'Badkamer': ' Eigen ', 'Toilet': ' Eigen ', 'Internet': ' Ja ', 'Energielabel': ' B ', 'Huisdieren': ' Nee '}",appartement-1993789.html
Spilstraat,in Den Haag,20 m,,â‚¬ 440,p/m | incl. g/w/e,Gemeubileerd,11-10-2021,9 uur geleden geplaatst,https://kamernet.nl/huren/kamer-den-haag/spilstraat/kamer-1993791,"{'Woonkamer': ' Geen ', 'Keuken': ' Gedeeld ', 'Badkamer': ' Gedeeld ', 'Toilet': ' Gedeeld ', 'Internet': ' Ja ', 'Energielabel': ' Onbekend ', 'Huisgenoten': '  2 ', 'Geslacht': ' Gemengd ', 'Huisdieren': ' Nee '}",kamer-1993791.html
Herman Colleniusstraat,in Groningen,29 m,,â‚¬ 680,p/m | incl. g/w/e,Gestoffeerd,01-11-2021,9 uur geleden geplaatst,https://kamernet.nl/huren/kamer-groningen/herman-colleniusstraat/kamer-1993783,"{'Woonkamer': ' Eigen ', 'Keuken': ' Eigen ', 'Badkamer': ' Gedeeld ', 'Toilet': ' Gedeeld ', 'Internet': ' Onbekend ', 'Energielabel': ' Onbekend ', 'Huisgenoten': '  Onbekend  ', 'Geslacht': ' Onbekend ', 'Huisdieren': ' Nee '}",kamer-1993783.html
Tongelresestraat,in Eindhoven,50 m,Totaal 3 kamers (1 slaapkamer) ,â‚¬ 950,p/m | incl. g/w/e,Gestoffeerd,01-11-2021,9 uur geleden geplaatst,https://kamernet.nl/huren/appartement-eindhoven/tongelresestraat/appartement-1993775,"{'Woonkamer': ' Eigen ', 'Keuken': ' Eigen ', 'Badkamer': ' Eigen ', 'Toilet': ' Eigen ', 'Internet': ' Ja ', 'Energielabel': ' Onbekend ', 'Huisdieren': ' Nee '}",appartement-1993775.html
Hazepad,in Zaandijk,30 m,Totale oppervlakte: 30 m 2,â‚¬ 600,p/m | incl. g/w/e,Gemeubileerd,01-11-2021 tot 01-11-2023,9 uur geleden geplaatst,https://kamernet.nl/huren/kamer-zaandijk/hazepad/kamer-1993766,"{'Woonkamer': ' Eigen ', 'Keuken': ' Eigen ', 'Badkamer': ' Eigen ', 'Toilet': ' Eigen ', 'Internet': ' Ja ', 'Energielabel': ' A ', 'Huisgenoten': '  Onbekend  ', 'Geslacht': ' Onbekend ', 'Huisdieren': ' Nee '}",kamer-1993766.html
1e Oosterstraat,in Hilversum,15 m,,â‚¬ 425,p/m | incl. g/w/e,Gestoffeerd,01-11-2020 tot 01-11-2021,9 uur geleden geplaatst,https://kamernet.nl/huren/kamer-hilversum/1e-oosterstraat/kamer-1993760,"{'Woonkamer': ' Geen ', 'Keuken': ' Gedeeld ', 'Badkamer': ' Gedeeld ', 'Toilet': ' Gedeeld ', 'Internet': ' Ja ', 'Energielabel': ' Onbekend ', 'Huisgenoten': '  4  ', 'Geslacht': ' Gemengd ', 'Huisdieren': ' Nee '}",kamer-1993760.html
Piet Heinstraat,in Delft,6 m,Totale oppervlakte: 6 m 2,â‚¬ 180,p/m | incl. g/w/e,Gemeubileerd,01-11-2021 tot 01-03-2022,9 uur geleden geplaatst,https://kamernet.nl/huren/kamer-delft/piet-heinstraat/kamer-1993794,"{'Woonkamer': ' Onbekend ', 'Keuken': ' Gedeeld ', 'Badkamer': ' Gedeeld ', 'Toilet': ' Gedeeld ', 'Internet': ' Ja ', 'Energielabel': ' Onbekend ', 'Huisgenoten': '  5 ', 'Geslacht': ' Man ', 'Huisdieren': ' In overleg '}",kamer-1993794.html
Watersteeg,in Amsterdam,85 m,,â‚¬ 1200,p/m | excl. g/w/e,Gemeubileerd,01-11-2021,9 uur geleden geplaatst,https://kamernet.nl/huren/kamer-amsterdam/watersteeg/kamer-1993795,"{'Woonkamer': ' Gedeeld ', 'Keuken': ' Gedeeld ', 'Badkamer': ' Gedeeld ', 'Toilet': ' Gedeeld ', 'Internet': ' Ja ', 'Energielabel': ' C ', 'Huisgenoten': '  1 ', 'Geslacht': ' Man ', 'Huisdieren': ' Nee '}",kamer-1993795.html
Schieweg,in Rotterdam,62 m,Totaal 1 kamer (1 slaapkamer) ,â‚¬ 1050,p/m | excl. g/w/e,Gemeubileerd,01-11-2021,9 uur geleden geplaatst,https://kamernet.nl/huren/appartement-rotterdam/schieweg/appartement-1993787,"{'Woonkamer': ' Eigen ', 'Keuken': ' Eigen ', 'Badkamer': ' Eigen ', 'Toilet': ' Eigen ', 'Internet': ' Ja ', 'Energielabel': ' Onbekend ', 'Huisdieren': ' In overleg '}",appartement-1993787.html
Sadatweg,in Delft,15 m,,â‚¬ 399,p/m | incl. g/w/e,Gemeubileerd,06-10-2021,9 uur geleden geplaatst,https://kamernet.nl/huren/kamer-delft/sadatweg/kamer-1993607,"{'Woonkamer': ' Geen ', 'Keuken': ' Eigen ', 'Badkamer': ' Gedeeld ', 'Toilet': ' Gedeeld ', 'Internet': ' Ja ', 'Energielabel': ' Onbekend ', 'Huisgenoten': '  2 ', 'Geslacht': ' Gemengd ', 'Huisdieren': ' Nee '}",kamer-1993607.html
Reaumurlaan,in Utrecht,75 m,,â‚¬ 875,p/m | incl. g/w/e,Gemeubileerd,06-10-2021,Gisteren geplaatst,https://kamernet.nl/huren/kamer-utrecht/reaumurlaan/kamer-1993614,"{'Woonkamer': ' Gedeeld ', 'Keuken': ' Gedeeld ', 'Badkamer': ' Gedeeld ', 'Toilet': ' Gedeeld ', 'Internet': ' Ja ', 'Energielabel': ' Onbekend ', 'Huisgenoten': '  1 ', 'Geslacht': ' Vrouw ', 'Huisdieren': ' Nee '}",kamer-1993614.html
Rotterdamseweg,in Delft,22 m,,â‚¬ 595,p/m | incl. g/w/e,Gestoffeerd,07-10-2021,9 uur geleden geplaatst,https://kamernet.nl/huren/kamer-delft/rotterdamseweg/kamer-1993796,"{'Woonkamer': ' Eigen ', 'Keuken': ' Geen ', 'Badkamer': ' Gedeeld ', 'Toilet': ' Gedeeld ', 'Internet': ' Ja ', 'Energielabel': ' Onbekend ', 'Huisgenoten': '  2 ', 'Geslacht': ' Man ', 'Huisdieren': ' Nee '}",kamer-1993796.html
Campuslaan,in Enschede,14 m,,â‚¬ 283,p/m | incl. g/w/e,Kaal,04-11-2021,9 uur geleden geplaatst,https://kamernet.nl/huren/kamer-enschede/campuslaan/kamer-1993797,"{'Woonkamer': ' Gedeeld ', 'Keuken': ' Gedeeld ', 'Badkamer': ' Gedeeld ', 'Toilet': ' Gedeeld ', 'Internet': ' Ja ', 'Energielabel': ' Onbekend ', 'Huisgenoten': '  Meer dan 8 ', 'Geslacht': ' Gemengd ', 'Huisdieren': ' In overleg '}",kamer-1993797.html
Mijnsherenlaan,in Rotterdam,65 m,,â‚¬ 1095,p/m | excl. g/w/e,Gestoffeerd,06-10-2021,Gisteren geplaatst,https://kamernet.nl/huren/appartement-rotterdam/mijnsherenlaan/appartement-1993616,"{'Woonkamer': ' Eigen ', 'Keuken': ' Eigen ', 'Badkamer': ' Eigen ', 'Toilet': ' Eigen ', 'Internet': ' Nee ', 'Energielabel': ' Onbekend ', 'Huisdieren': ' Nee '}",appartement-1993616.html
Emmeline Pankhurststraat,in Amsterdam,30 m,,â‚¬ 1150,p/m | incl. g/w/e,Gemeubileerd,06-10-2021,Gisteren geplaatst,https://kamernet.nl/huren/studio-amsterdam/emmeline-pankhurststraat/studio-1993618,"{'Woonkamer': ' Eigen ', 'Keuken': ' Eigen ', 'Badkamer': ' Eigen ', 'Toilet': ' Eigen ', 'Internet': ' Ja ', 'Energielabel': ' Onbekend ', 'Huisdieren': ' Nee '}",studio-1993618.html
Deurningerstraat,in Enschede,12 m,,â‚¬ 249,p/m | incl. g/w/e,Kaal,01-11-2021,Gisteren geplaatst,https://kamernet.nl/huren/kamer-enschede/deurningerstraat/kamer-1993620,"{'Woonkamer': ' Gedeeld ', 'Keuken': ' Gedeeld ', 'Badkamer': ' Gedeeld ', 'Toilet': ' Gedeeld ', 'Internet': ' Ja ', 'Energielabel': ' Onbekend ', 'Huisgenoten': '  5 ', 'Geslacht': ' Gemengd ', 'Huisdieren': ' Nee '}",kamer-1993620.html
Petrarcalaan,in Utrecht,45 m,,â‚¬ 635,p/m | excl. g/w/e,Gemeubileerd,06-10-2021,Gisteren geplaatst,https://kamernet.nl/huren/kamer-utrecht/petrarcalaan/kamer-1993637,"{'Woonkamer': ' Eigen ', 'Keuken': ' Eigen ', 'Badkamer': ' Gedeeld ', 'Toilet': ' Gedeeld ', 'Internet': ' Ja ', 'Energielabel': ' Onbekend ', 'Huisgenoten': '  2 ', 'Geslacht': ' Gemengd ', 'Huisdieren': ' Nee '}",kamer-1993637.html
Strevelsweg,in Rotterdam,97 m,,â‚¬ 1500,p/m | excl. g/w/e,Gemeubileerd,16-10-2021 tot 16-10-2022,Gisteren geplaatst,https://kamernet.nl/huren/appartement-rotterdam/strevelsweg/appartement-1993640,"{'Woonkamer': ' Gedeeld ', 'Keuken': ' Gedeeld ', 'Badkamer': ' Gedeeld ', 'Toilet': ' Gedeeld ', 'Internet': ' Ja ', 'Energielabel': ' Onbekend ', 'Huisdieren': ' Nee '}",appartement-1993640.html
Oosterweg,in Groningen,20 m,,â‚¬ 450,p/m | incl. g/w/e,Gestoffeerd,01-11-2021,Gisteren geplaatst,https://kamernet.nl/huren/kamer-groningen/oosterweg/kamer-1993617,"{'Woonkamer': ' Geen ', 'Keuken': ' Eigen ', 'Badkamer': ' Gedeeld ', 'Toilet': ' Gedeeld ', 'Internet': ' Ja ', 'Energielabel': ' Onbekend ', 'Huisgenoten': '  Meer dan 8 ', 'Geslacht': ' Vrouw ', 'Huisdieren': ' Nee '}",kamer-1993617.html
Treubstraat,in Tilburg,12 m,,â‚¬ 420,p/m | incl. g/w/e,Gemeubileerd,01-01-2022 tot 31-07-2022,Gisteren geplaatst,https://kamernet.nl/huren/kamer-tilburg/treubstraat/kamer-1993645,"{'Woonkamer': ' Geen ', 'Keuken': ' Gedeeld ', 'Badkamer': ' Gedeeld ', 'Toilet': ' Gedeeld ', 'Internet': ' Ja ', 'Energielabel': ' D ', 'Huisgenoten': '  1 ', 'Geslacht': ' Vrouw ', 'Huisdieren': ' Nee '}",kamer-1993645.html
Johan Coussetstraat,in Diemen,10 m,,â‚¬ 550,p/m | incl. g/w/e,Gemeubileerd,06-10-2021 tot 06-10-2022,Gisteren geplaatst,https://kamernet.nl/huren/kamer-diemen/johan-coussetstraat/kamer-1993647,"{'Woonkamer': ' Gedeeld ', 'Keuken': ' Gedeeld ', 'Badkamer': ' Gedeeld ', 'Toilet': ' Gedeeld ', 'Internet': ' Ja ', 'Energielabel': ' Onbekend ', 'Huisgenoten': '  2 ', 'Geslacht': ' Gemengd ', 'Huisdieren': ' Nee '}",kamer-1993647.html
Noorderbeekdwarsstraat,in Den Haag,11 m,Totale oppervlakte: 103 m 2,â‚¬ 400,p/m | incl. g/w/e,Gestoffeerd,01-11-2021,Gisteren geplaatst,https://kamernet.nl/huren/kamer-den-haag/noorderbeekdwarsstraat/kamer-1993638,"{'Woonkamer': ' Gedeeld ', 'Keuken': ' Gedeeld ', 'Badkamer': ' Gedeeld ', 'Toilet': ' Gedeeld ', 'Internet': ' Ja ', 'Energielabel': ' Onbekend ', 'Huisgenoten': '  2 ', 'Geslacht': ' Man ', 'Huisdieren': ' Nee '}",kamer-1993638.html
Pieter Jelles Troelstralaan,in Zaandam,23 m,Totale oppervlakte: 40 m 2,â‚¬ 540,p/m | excl. g/w/e,Gestoffeerd,01-11-2021,23 uur geleden geplaatst,https://kamernet.nl/huren/kamer-zaandam/pieter-jelles-troelstralaan/kamer-1993671,"{'Woonkamer': ' Gedeeld ', 'Keuken': ' Gedeeld ', 'Badkamer': ' Gedeeld ', 'Toilet': ' Gedeeld ', 'Internet': ' Ja ', 'Energielabel': ' A ', 'Huisgenoten': '  4  ', 'Geslacht': ' Vrouw ', 'Huisdieren': ' Nee '}",kamer-1993671.html
Dahliastraat,in Utrecht,45 m,,â‚¬ 1100,p/m | incl. g/w/e,Kaal,06-10-2021,Gisteren geplaatst,https://kamernet.nl/huren/kamer-utrecht/dahliastraat/kamer-1993615,"{'Woonkamer': ' Eigen ', 'Keuken': ' Eigen ', 'Badkamer': ' Eigen ', 'Toilet': ' Eigen ', 'Internet': ' Ja ', 'Energielabel': ' Onbekend ', 'Huisgenoten': '  1 ', 'Geslacht': ' Vrouw ', 'Huisdieren': ' Nee '}",kamer-1993615.html
Slotlaan,in Doetinchem,20 m,,â‚¬ 415,p/m | incl. g/w/e,Kaal,01-11-2021,4 uur geleden geplaatst,https://kamernet.nl/huren/kamer-doetinchem/slotlaan/kamer-1993836,"{'Woonkamer': ' Geen ', 'Keuken': ' Gedeeld ', 'Badkamer': ' Gedeeld ', 'Toilet': ' Gedeeld ', 'Internet': ' Ja ', 'Energielabel': ' Onbekend ', 'Huisgenoten': '  3 ', 'Geslacht': ' Gemengd ', 'Huisdieren': ' Nee '}",kamer-1993836.html
Rooseveltlaan,in Utrecht,12 m,,â‚¬ 400,p/m | incl. g/w/e,Gestoffeerd,07-10-2021,5 uur geleden geplaatst,https://kamernet.nl/huren/kamer-utrecht/rooseveltlaan/kamer-1993835,"{'Woonkamer': ' Onbekend ', 'Keuken': ' Gedeeld ', 'Badkamer': ' Gedeeld ', 'Toilet': ' Gedeeld ', 'Internet': ' Ja ', 'Energielabel': ' Onbekend ', 'Huisgenoten': '  1 ', 'Geslacht': ' Man ', 'Huisdieren': ' Ja '}",kamer-1993835.html
Rijnlaan,in Utrecht,100 m,Totaal 3 kamers (2 slaapkamers) ,â‚¬ 1500,p/m | excl. g/w/e,Gestoffeerd,07-10-2021,3 uur geleden geplaatst,https://kamernet.nl/huren/appartement-utrecht/rijnlaan/appartement-1993848,"{'Woonkamer': ' Eigen ', 'Keuken': ' Eigen ', 'Badkamer': ' Eigen ', 'Toilet': ' Eigen ', 'Internet': ' Nee ', 'Energielabel': ' Onbekend ', 'Huisdieren': ' Ja '}",appartement-1993848.html
Sikkelstraat,in Enschede,11 m,,â‚¬ 263,p/m | excl. g/w/e,Gestoffeerd,01-11-2021,4 uur geleden geplaatst,https://kamernet.nl/huren/kamer-enschede/sikkelstraat/kamer-1993842,"{'Woonkamer': ' Gedeeld ', 'Keuken': ' Gedeeld ', 'Badkamer': ' Gedeeld ', 'Toilet': ' Gedeeld ', 'Internet': ' Ja ', 'Energielabel': ' Onbekend ', 'Huisgenoten': '  2 ', 'Geslacht': ' Man ', 'Huisdieren': ' Nee '}",kamer-1993842.html
Taarloseweg,in Ubbena,20 m,Totaal 6 kamers (4 slaapkamers) ,â‚¬ 350,p/m | incl. g/w/e,Gemeubileerd,16-09-2021,Gisteren geplaatst,https://kamernet.nl/huren/appartement-ubbena/taarloseweg/appartement-1988723,"{'Woonkamer': ' Gedeeld ', 'Keuken': ' Gedeeld ', 'Badkamer': ' Gedeeld ', 'Toilet': ' Gedeeld ', 'Internet': ' Ja ', 'Energielabel': ' E ', 'Huisdieren': ' Nee '}",appartement-1988723.html
Toekomststraat,in Enschede,13 m,Totale oppervlakte: 20 m 2,â‚¬ 375,p/m | incl. g/w/e,Kaal,01-11-2021,3 uur geleden geplaatst,https://kamernet.nl/huren/kamer-enschede/toekomststraat/kamer-1993827,"{'Woonkamer': ' Geen ', 'Keuken': ' Gedeeld ', 'Badkamer': ' Gedeeld ', 'Toilet': ' Gedeeld ', 'Internet': ' Ja ', 'Energielabel': ' Onbekend ', 'Huisgenoten': '  5 ', 'Geslacht': ' Gemengd ', 'Huisdieren': ' Nee '}",kamer-1993827.html
Arent Janszoon Ernststraat,in Amsterdam,78 m,Totaal 4 kamers (4 slaapkamers) ,â‚¬ 750,p/m | excl. g/w/e,Gemeubileerd,07-10-2021,3 uur geleden geplaatst,https://kamernet.nl/huren/appartement-amsterdam/arent-janszoon-ernststraat/appartement-1993838,"{'Woonkamer': ' Geen ', 'Keuken': ' Gedeeld ', 'Badkamer': ' Gedeeld ', 'Toilet': ' Gedeeld ', 'Internet': ' Onbekend ', 'Energielabel': ' Onbekend ', 'Huisdieren': ' Nee '}",appartement-1993838.html
Amperestraat,in Hilversum,18 m,,â‚¬ 485,p/m | incl. g/w/e,Gestoffeerd,01-11-2021 tot 01-11-2022,9 uur geleden geplaatst,https://kamernet.nl/huren/kamer-hilversum/amperestraat/kamer-1993759,"{'Woonkamer': ' Geen ', 'Keuken': ' Gedeeld ', 'Badkamer': ' Gedeeld ', 'Toilet': ' Gedeeld ', 'Internet': ' Ja ', 'Energielabel': ' Onbekend ', 'Huisgenoten': '  4  ', 'Geslacht': ' Gemengd ', 'Huisdieren': ' Nee '}",kamer-1993759.html
Weteringkade,in Den Haag,18 m,,â‚¬ 400,p/m | incl. g/w/e,Gemeubileerd,01-01-2022 tot 01-06-2022,3 uur geleden geplaatst,https://kamernet.nl/huren/kamer-den-haag/weteringkade/kamer-1993843,"{'Woonkamer': ' Gedeeld ', 'Keuken': ' Gedeeld ', 'Badkamer': ' Gedeeld ', 'Toilet': ' Gedeeld ', 'Internet': ' Ja ', 'Energielabel': ' Onbekend ', 'Huisgenoten': '  Onbekend  ', 'Geslacht': ' Onbekend ', 'Huisdieren': ' Nee '}",kamer-1993843.html
Paul Krugerstraat,in Vlissingen,12 m,,â‚¬ 300,p/m | incl. g/w/e,Gestoffeerd,07-10-2021,3 uur geleden geplaatst,https://kamernet.nl/huren/kamer-vlissingen/paul-krugerstraat/kamer-1993819,"{'Woonkamer': ' Gedeeld ', 'Keuken': ' Gedeeld ', 'Badkamer': ' Gedeeld ', 'Toilet': ' Gedeeld ', 'Internet': ' Ja ', 'Energielabel': ' Onbekend ', 'Huisgenoten': '  3 ', 'Geslacht': ' Onbekend ', 'Huisdieren': ' Nee '}",kamer-1993819.html
Zeeburgerstraat,in Amsterdam,91 m,,â‚¬ 1100,p/m | incl. g/w/e,Gemeubileerd,01-11-2021,3 uur geleden geplaatst,https://kamernet.nl/huren/kamer-amsterdam/zeeburgerstraat/kamer-1993856,"{'Woonkamer': ' Gedeeld ', 'Keuken': ' Gedeeld ', 'Badkamer': ' Eigen ', 'Toilet': ' Gedeeld ', 'Internet': ' Ja ', 'Energielabel': ' Onbekend ', 'Huisgenoten': '  1 ', 'Geslacht': ' Man ', 'Huisdieren': ' Ja '}",kamer-1993856.html
IJsselveld,in Montfoort,27 m,Totaal 1 kamer (1 slaapkamer) ,â‚¬ 450,p/m | incl. g/w/e,Gemeubileerd,07-10-2021,3 uur geleden geplaatst,https://kamernet.nl/huren/appartement-montfoort/ijsselveld/appartement-1993845,"{'Woonkamer': ' Eigen ', 'Keuken': ' Eigen ', 'Badkamer': ' Eigen ', 'Toilet': ' Eigen ', 'Internet': ' Onbekend ', 'Energielabel': ' Onbekend ', 'Huisdieren': ' Nee '}",appartement-1993845.html
Gaslaan,in Den Haag,10 m,Totale oppervlakte: 29 m 2,â‚¬ 440,p/m | incl. g/w/e,Gestoffeerd,01-11-2021,2 uur geleden geplaatst,https://kamernet.nl/huren/kamer-den-haag/gaslaan/kamer-1993859,"{'Woonkamer': ' Geen ', 'Keuken': ' Gedeeld ', 'Badkamer': ' Gedeeld ', 'Toilet': ' Gedeeld ', 'Internet': ' Ja ', 'Energielabel': ' Onbekend ', 'Huisgenoten': '  2 ', 'Geslacht': ' Gemengd ', 'Huisdieren': ' Nee '}",kamer-1993859.html
Prins Bernhardstraat,in Leeuwarden,70 m,Totaal 4 kamers (3 slaapkamers) ,â‚¬ 752,p/m | excl. g/w/e,Gestoffeerd,01-11-2021,2 uur geleden geplaatst,https://kamernet.nl/huren/appartement-leeuwarden/prins-bernhardstraat/appartement-1993850,"{'Woonkamer': ' Eigen ', 'Keuken': ' Eigen ', 'Badkamer': ' Eigen ', 'Toilet': ' Eigen ', 'Internet': ' Onbekend ', 'Energielabel': ' Onbekend ', 'Huisdieren': ' Nee '}",appartement-1993850.html
Tiendstraat,in Utrecht,44 m,Totaal 2 kamers (1 slaapkamer) ,â‚¬ 975,p/m | incl. g/w/e,Gestoffeerd,01-11-2021,3 uur geleden geplaatst,https://kamernet.nl/huren/appartement-utrecht/tiendstraat/appartement-1993840,"{'Woonkamer': ' Eigen ', 'Keuken': ' Eigen ', 'Badkamer': ' Eigen ', 'Toilet': ' Eigen ', 'Internet': ' Ja ', 'Energielabel': ' Onbekend ', 'Huisdieren': ' Nee '}",appartement-1993840.html
Tolsteegplantsoen,in Utrecht,14 m,Totale oppervlakte: 70 m 2,â‚¬ 775,p/m | excl. g/w/e,Gestoffeerd,01-11-2021,1 uur geleden geplaatst,https://kamernet.nl/huren/kamer-utrecht/tolsteegplantsoen/kamer-1993867,"{'Woonkamer': ' Gedeeld ', 'Keuken': ' Gedeeld ', 'Badkamer': ' Gedeeld ', 'Toilet': ' Gedeeld ', 'Internet': ' Ja ', 'Energielabel': ' C ', 'Huisgenoten': '  1 ', 'Geslacht': ' Vrouw ', 'Huisdieren': ' In overleg '}",kamer-1993867.html
Rotterdamseweg,in Delft,22 m,Totale oppervlakte: 5 m 2,â‚¬ 595,p/m | incl. g/w/e,Gestoffeerd,07-10-2021,2 uur geleden geplaatst,https://kamernet.nl/huren/kamer-delft/rotterdamseweg/kamer-1993860,"{'Woonkamer': ' Eigen ', 'Keuken': ' Geen ', 'Badkamer': ' Gedeeld ', 'Toilet': ' Gedeeld ', 'Internet': ' Ja ', 'Energielabel': ' B ', 'Huisgenoten': '  2 ', 'Geslacht': ' Man ', 'Huisdieren': ' Nee '}",kamer-1993860.html
Verheijstraat,in Vlaardingen,8 m,,â‚¬ 600,p/m | incl. g/w/e,Gemeubileerd,09-10-2021,3 uur geleden geplaatst,https://kamernet.nl/huren/kamer-vlaardingen/verheijstraat/kamer-1993826,"{'Woonkamer': ' Gedeeld ', 'Keuken': ' Gedeeld ', 'Badkamer': ' Gedeeld ', 'Toilet': ' Gedeeld ', 'Internet': ' Ja ', 'Energielabel': ' Onbekend ', 'Huisgenoten': '  2 ', 'Geslacht': ' Onbekend ', 'Huisdieren': ' Nee '}",kamer-1993826.html
Coriovallumstraat,in Heerlen,19 m,,â‚¬ 395,p/m | incl. g/w/e,Gestoffeerd,07-10-2021,7 uur geleden geplaatst,https://kamernet.nl/huren/kamer-heerlen/coriovallumstraat/kamer-1993809,"{'Woonkamer': ' Gedeeld ', 'Keuken': ' Gedeeld ', 'Badkamer': ' Gedeeld ', 'Toilet': ' Gedeeld ', 'Internet': ' Ja ', 'Energielabel': ' Onbekend ', 'Huisgenoten': '  7 ', 'Geslacht': ' Onbekend ', 'Huisdieren': ' Nee '}",kamer-1993809.html
Fruinplantsoen,in Utrecht,10 m,,â‚¬ 585,p/m | incl. g/w/e,Gestoffeerd,07-10-2021 tot 31-12-2022,2 uur geleden geplaatst,https://kamernet.nl/huren/kamer-utrecht/fruinplantsoen/kamer-1993864,"{'Woonkamer': ' Gedeeld ', 'Keuken': ' Gedeeld ', 'Badkamer': ' Gedeeld ', 'Toilet': ' Gedeeld ', 'Internet': ' Ja ', 'Energielabel': ' Onbekend ', 'Huisgenoten': '  2 ', 'Geslacht': ' Vrouw ', 'Huisdieren': ' Ja '}",kamer-1993864.html
Montfoorthof,in Amsterdam,112 m,Totaal 7 kamers (4 slaapkamers) ,â‚¬ 2500,p/m | excl. g/w/e,Gestoffeerd,01-12-2021,14 uur geleden geplaatst,https://kamernet.nl/huren/appartement-amsterdam/montfoorthof/appartement-1993649,"{'Woonkamer': ' Eigen ', 'Keuken': ' Eigen ', 'Badkamer': ' Eigen ', 'Toilet': ' Eigen ', 'Internet': ' Nee ', 'Energielabel': ' B ', 'Huisdieren': ' Nee '}",appartement-1993649.html
Oldenzaalsestraat,in Hengelo,15 m,,â‚¬ 310,p/m | incl. g/w/e,Kaal,01-11-2021,5 uur geleden geplaatst,https://kamernet.nl/huren/kamer-hengelo/oldenzaalsestraat/kamer-1993834,"{'Woonkamer': ' Geen ', 'Keuken': ' Gedeeld ', 'Badkamer': ' Gedeeld ', 'Toilet': ' Gedeeld ', 'Internet': ' Ja ', 'Energielabel': ' Onbekend ', 'Huisgenoten': '  3 ', 'Geslacht': ' Man ', 'Huisdieren': ' Nee '}",kamer-1993834.html
Hendrikxstraat,in Venlo,13 m,,â‚¬ 350,p/m | incl. g/w/e,Kaal,01-11-2021,13 uur geleden geplaatst,https://kamernet.nl/huren/kamer-venlo/hendrikxstraat/kamer-1993704,"{'Woonkamer': ' Onbekend ', 'Keuken': ' Gedeeld ', 'Badkamer': ' Gedeeld ', 'Toilet': ' Gedeeld ', 'Internet': ' Ja ', 'Energielabel': ' Onbekend ', 'Huisgenoten': '  4  ', 'Geslacht': ' Gemengd ', 'Huisdieren': ' Nee '}",kamer-1993704.html
Hofgeest,in Amsterdam,13 m,Totale oppervlakte: 62 m 2,â‚¬ 700,p/m | incl. g/w/e,Gemeubileerd,03-10-2021 tot 01-09-2022,5 dagen geleden geplaatst,https://kamernet.nl/huren/kamer-amsterdam/hofgeest/kamer-1991924,"{'Woonkamer': ' Geen ', 'Keuken': ' Gedeeld ', 'Badkamer': ' Gedeeld ', 'Toilet': ' Gedeeld ', 'Internet': ' Ja ', 'Energielabel': ' Onbekend ', 'Huisgenoten': '  4  ', 'Geslacht': ' Gemengd ', 'Huisdieren': ' Nee '}",kamer-1991924.html
Hofgeest,in Amsterdam,9 m,Totale oppervlakte: 62 m 2,â‚¬ 650,p/m | incl. g/w/e,Gemeubileerd,03-10-2021,4 dagen geleden geplaatst,https://kamernet.nl/huren/kamer-amsterdam/hofgeest/kamer-1991928,"{'Woonkamer': ' Onbekend ', 'Keuken': ' Onbekend ', 'Badkamer': ' Onbekend ', 'Toilet': ' Onbekend ', 'Internet': ' Onbekend ', 'Energielabel': ' Onbekend ', 'Huisgenoten': '  Onbekend  ', 'Geslacht': ' Onbekend ', 'Huisdieren': ' Nee '}",kamer-1991928.html
Sarphatistraat,in Amsterdam,30 m,,â‚¬ 1050,p/m | incl. g/w/e,Gemeubileerd,08-09-2021,17 uur geleden geplaatst,https://kamernet.nl/huren/kamer-amsterdam/sarphatistraat/kamer-1986813,"{'Woonkamer': ' Geen ', 'Keuken': ' Gedeeld ', 'Badkamer': ' Gedeeld ', 'Toilet': ' Gedeeld ', 'Internet': ' Ja ', 'Energielabel': ' Onbekend ', 'Huisgenoten': '  2 ', 'Geslacht': ' Gemengd ', 'Huisdieren': ' Nee '}",
Nachtwachtlaan,in Amsterdam,12 m,Totale oppervlakte: 100 m 2,â‚¬ 600,p/m | incl. g/w/e,Gestoffeerd,07-09-2021,22 uur geleden geplaatst,https://kamernet.nl/huren/kamer-amsterdam/nachtwachtlaan/kamer-1986740,"{'Woonkamer': ' Gedeeld ', 'Keuken': ' Gedeeld ', 'Badkamer': ' Gedeeld ', 'Toilet': ' Gedeeld ', 'Internet': ' Ja ', 'Energielabel': ' Onbekend ', 'Huisgenoten': '  2 ', 'Geslacht': ' Man ', 'Huisdieren': ' Nee '}",
De Wieken,in Malden,125 m,Totaal 6 kamers (5 slaapkamers) ,â‚¬ 500,p/m | excl. g/w/e,Gestoffeerd,03-12-2021,23 uur geleden geplaatst,https://kamernet.nl/huren/appartement-malden/de-wieken/appartement-1986666,"{'Woonkamer': ' Gedeeld ', 'Keuken': ' Gedeeld ', 'Badkamer': ' Gedeeld ', 'Toilet': ' Gedeeld ', 'Internet': ' Nee ', 'Energielabel': ' Onbekend ', 'Huisdieren': ' Nee '}",
Geessinkbrink,in Enschede,40 m,,â‚¬ 187,p/m | excl. g/w/e,Kaal,07-09-2021,21 uur geleden geplaatst,https://kamernet.nl/huren/anti-kraak-enschede/geessinkbrink/anti-kraak-1986750,"{'Woonkamer': ' Gedeeld ', 'Keuken': ' Gedeeld ', 'Badkamer': ' Gedeeld ', 'Toilet': ' Gedeeld ', 'Internet': ' Nee ', 'Energielabel': ' Onbekend ', 'Huisdieren': ' Nee '}",
Oldenzaalsestraat,in Enschede,25 m,Totaal 1 kamer (1 slaapkamer) ,â‚¬ 750,p/m | incl. g/w/e,Gestoffeerd,15-09-2021,23 uur geleden geplaatst,https://kamernet.nl/huren/studio-enschede/oldenzaalsestraat/studio-1986667,"{'Woonkamer': ' Eigen ', 'Keuken': ' Eigen ', 'Badkamer': ' Eigen ', 'Toilet': ' Eigen ', 'Internet': ' Ja ', 'Energielabel': ' A ', 'Huisdieren': ' Nee '}",
Van Bemmelenstraat,in Nieuw-Vennep,20 m,,â‚¬ 800,p/m | incl. g/w/e,Gemeubileerd,01-10-2021 tot 31-03-2022,12 uur geleden geplaatst,https://kamernet.nl/huren/appartement-nieuw-vennep/van-bemmelenstraat/appartement-1986858,"{'Woonkamer': ' Gedeeld ', 'Keuken': ' Gedeeld ', 'Badkamer': ' Gedeeld ', 'Toilet': ' Gedeeld ', 'Internet': ' Ja ', 'Energielabel': ' Onbekend ', 'Huisdieren': ' Nee '}",
Arubastraat,in Enschede,19 m,,â‚¬ 410,p/m | incl. g/w/e,Kaal,01-08-2021,12 uur geleden geplaatst,https://kamernet.nl/huren/kamer-enschede/arubastraat/kamer-1986868,"{'Woonkamer': ' Gedeeld ', 'Keuken': ' Gedeeld ', 'Badkamer': ' Gedeeld ', 'Toilet': ' Gedeeld ', 'Internet': ' Ja ', 'Energielabel': ' Onbekend ', 'Huisgenoten': '  8  ', 'Geslacht': ' Gemengd ', 'Huisdieren': ' Nee '}",
Smaragdstraat,in Groningen,15 m,Totale oppervlakte: 60 m 2,â‚¬ 500,p/m | incl. g/w/e,Gemeubileerd,19-09-2021 tot 01-02-2022,12 uur geleden geplaatst,https://kamernet.nl/huren/kamer-groningen/smaragdstraat/kamer-1986873,"{'Woonkamer': ' Gedeeld ', 'Keuken': ' Gedeeld ', 'Badkamer': ' Gedeeld ', 'Toilet': ' Gedeeld ', 'Internet': ' Ja ', 'Energielabel': ' Onbekend ', 'Huisgenoten': '  1 ', 'Geslacht': ' Man ', 'Huisdieren': ' Nee '}",
Dordtselaan,in Rotterdam,7 m,,â‚¬ 425,p/m | excl. g/w/e,Gemeubileerd,24-09-2021,11 uur geleden geplaatst,https://kamernet.nl/huren/kamer-rotterdam/dordtselaan/kamer-1986893,"{'Woonkamer': ' Gedeeld ', 'Keuken': ' Gedeeld ', 'Badkamer': ' Gedeeld ', 'Toilet': ' Gedeeld ', 'Internet': ' Ja ', 'Energielabel': ' Onbekend ', 'Huisgenoten': '  4  ', 'Geslacht': ' Onbekend ', 'Huisdieren': ' Nee '}",
2e Daalsedijk,in Utrecht,37 m,,â‚¬ 630,p/m | incl. g/w/e,Gestoffeerd,20-09-2021,10 uur geleden geplaatst,https://kamernet.nl/huren/kamer-utrecht/2e-daalsedijk/kamer-1983938,"{'Woonkamer': ' Geen ', 'Keuken': ' Eigen ', 'Badkamer': ' Gedeeld ', 'Toilet': ' Gedeeld ', 'Internet': ' Onbekend ', 'Energielabel': ' Onbekend ', 'Huisgenoten': '  5 ', 'Geslacht': ' Vrouw ', 'Huisdieren': ' In overleg '}",
Gildemeesterlaan,in IJsselstein,37 m,Totaal 2 kamers (1 slaapkamer) ,â‚¬ 966,p/m | incl. g/w/e,Gestoffeerd,31-10-2021,11 uur geleden geplaatst,https://kamernet.nl/huren/appartement-ijsselstein/gildemeesterlaan/appartement-1986886,"{'Woonkamer': ' Eigen ', 'Keuken': ' Eigen ', 'Badkamer': ' Eigen ', 'Toilet': ' Eigen ', 'Internet': ' Ja ', 'Energielabel': ' Onbekend ', 'Huisdieren': ' Nee '}",
Zandbank,in Katwijk,16 m,Totale oppervlakte: 70 m 2,â‚¬ 650,p/m | incl. g/w/e,Gemeubileerd,08-10-2021,8 uur geleden geplaatst,https://kamernet.nl/huren/kamer-katwijk/zandbank/kamer-1986926,"{'Woonkamer': ' Gedeeld ', 'Keuken': ' Gedeeld ', 'Badkamer': ' Gedeeld ', 'Toilet': ' Gedeeld ', 'Internet': ' Ja ', 'Energielabel': ' C ', 'Huisgenoten': '  2 ', 'Geslacht': ' Vrouw ', 'Huisdieren': ' Nee '}",
Beatrijsstraat,in Rotterdam,18 m,,â‚¬ 390,p/m | incl. g/w/e,Kaal,01-10-2021,19 uur geleden geplaatst,https://kamernet.nl/huren/kamer-rotterdam/beatrijsstraat/kamer-1986785,"{'Woonkamer': ' Geen ', 'Keuken': ' Gedeeld ', 'Badkamer': ' Gedeeld ', 'Toilet': ' Gedeeld ', 'Internet': ' Ja ', 'Energielabel': ' Onbekend ', 'Huisgenoten': '  5 ', 'Geslacht': ' Gemengd ', 'Huisdieren': ' Nee '}",
Kleine Hoogstraat,in Leeuwarden,45 m,Totaal 1 kamer (1 slaapkamer) ,â‚¬ 675,p/m | excl. g/w/e,Kaal,15-11-2021,19 uur geleden geplaatst,https://kamernet.nl/huren/appartement-leeuwarden/kleine-hoogstraat/appartement-1986797,"{'Woonkamer': ' Eigen ', 'Keuken': ' Eigen ', 'Badkamer': ' Eigen ', 'Toilet': ' Eigen ', 'Internet': ' Ja ', 'Energielabel': ' Onbekend ', 'Huisdieren': ' Nee '}",
Oudegracht,in Utrecht,43 m,Totaal 2 kamers (1 slaapkamer) ,â‚¬ 890,p/m | incl. g/w/e,Gemeubileerd,07-09-2021 tot 31-10-2021,19 uur geleden geplaatst,https://kamernet.nl/huren/appartement-utrecht/oudegracht/appartement-1986789,"{'Woonkamer': ' Eigen ', 'Keuken': ' Eigen ', 'Badkamer': ' Gedeeld ', 'Toilet': ' Gedeeld ', 'Internet': ' Ja ', 'Energielabel': ' Onbekend ', 'Huisdieren': ' Nee '}",
Jufferstraat,in Arnhem,47 m,Totaal 2 kamers (1 slaapkamer) ,â‚¬ 680,p/m | incl. g/w/e,Gestoffeerd,02-10-2021,18 uur geleden geplaatst,https://kamernet.nl/huren/studio-arnhem/jufferstraat/studio-1986770,"{'Woonkamer': ' Eigen ', 'Keuken': ' Eigen ', 'Badkamer': ' Eigen ', 'Toilet': ' Eigen ', 'Internet': ' Ja ', 'Energielabel': ' Onbekend ', 'Huisdieren': ' Nee '}",
Wandelpad,in Hilversum,15 m,,â‚¬ 695,p/m | incl. g/w/e,Gestoffeerd,01-10-2021 tot 01-10-2022,18 uur geleden geplaatst,https://kamernet.nl/huren/studio-hilversum/wandelpad/studio-1986775,"{'Woonkamer': ' Eigen ', 'Keuken': ' Eigen ', 'Badkamer': ' Eigen ', 'Toilet': ' Eigen ', 'Internet': ' Ja ', 'Energielabel': ' Onbekend ', 'Huisdieren': ' Nee '}",
Mijnsherenlaan,in Rotterdam,17 m,,â‚¬ 590,p/m | incl. g/w/e,Gemeubileerd,12-09-2021,19 uur geleden geplaatst,https://kamernet.nl/huren/kamer-rotterdam/mijnsherenlaan/kamer-1986699,"{'Woonkamer': ' Geen ', 'Keuken': ' Gedeeld ', 'Badkamer': ' Gedeeld ', 'Toilet': ' Gedeeld ', 'Internet': ' Ja ', 'Energielabel': ' Onbekend ', 'Huisgenoten': '  4  ', 'Geslacht': ' Onbekend ', 'Huisdieren': ' Nee '}",
Kapelaanstraat,in Maastricht,15 m,Totale oppervlakte: 65 m 2,â‚¬ 600,p/m | incl. g/w/e,Gemeubileerd,01-11-2021 tot 09-01-2022,18 uur geleden geplaatst,https://kamernet.nl/huren/kamer-maastricht/kapelaanstraat/kamer-1986792,"{'Woonkamer': ' Gedeeld ', 'Keuken': ' Gedeeld ', 'Badkamer': ' Gedeeld ', 'Toilet': ' Gedeeld ', 'Internet': ' Ja ', 'Energielabel': ' C ', 'Huisgenoten': '  1 ', 'Geslacht': ' Vrouw ', 'Huisdieren': ' Nee '}",
Dr. Benthemstraat,in Enschede,60 m,Totaal 4 kamers (3 slaapkamers) ,â‚¬ 1225,p/m | excl. g/w/e,Gestoffeerd,01-11-2021,18 uur geleden geplaatst,https://kamernet.nl/huren/appartement-enschede/dr.-benthemstraat/appartement-1986769,"{'Woonkamer': ' Eigen ', 'Keuken': ' Eigen ', 'Badkamer': ' Eigen ', 'Toilet': ' Eigen ', 'Internet': ' Onbekend ', 'Energielabel': ' Onbekend ', 'Huisdieren': ' Nee '}",
Klikspaanweg,in Leiden,16 m,,â‚¬ 340,p/m | incl. g/w/e,Gemeubileerd,18-09-2021 tot 15-01-2022,18 uur geleden geplaatst,https://kamernet.nl/huren/kamer-leiden/klikspaanweg/kamer-1986795,"{'Woonkamer': ' Gedeeld ', 'Keuken': ' Gedeeld ', 'Badkamer': ' Gedeeld ', 'Toilet': ' Gedeeld ', 'Internet': ' Ja ', 'Energielabel': ' Onbekend ', 'Huisgenoten': '  Meer dan 8 ', 'Geslacht': ' Gemengd ', 'Huisdieren': ' Nee '}",
Noordmolenstraat,in Rotterdam,19 m,,â‚¬ 520,p/m | incl. g/w/e,Gemeubileerd,01-11-2021 tot 01-02-2022,18 uur geleden geplaatst,https://kamernet.nl/huren/kamer-rotterdam/noordmolenstraat/kamer-1986794,"{'Woonkamer': ' Gedeeld ', 'Keuken': ' Gedeeld ', 'Badkamer': ' Gedeeld ', 'Toilet': ' Gedeeld ', 'Internet': ' Ja ', 'Energielabel': ' Onbekend ', 'Huisgenoten': '  2 ', 'Geslacht': ' Man ', 'Huisdieren': ' Nee '}",
Pluimstraat,in Enschede,20 m,,â‚¬ 281,p/m | incl. g/w/e,Gestoffeerd,01-11-2021,18 uur geleden geplaatst,https://kamernet.nl/huren/kamer-enschede/pluimstraat/kamer-1986766,"{'Woonkamer': ' Gedeeld ', 'Keuken': ' Gedeeld ', 'Badkamer': ' Gedeeld ', 'Toilet': ' Gedeeld ', 'Internet': ' Ja ', 'Energielabel': ' B ', 'Huisgenoten': '  4  ', 'Geslacht': ' Vrouw ', 'Huisdieren': ' Nee '}",
Teding van Berkhoutlaan,in Delft,11 m,Totale oppervlakte: 60 m 2,â‚¬ 400,p/m | incl. g/w/e,Gemeubileerd,07-09-2021,18 uur geleden geplaatst,https://kamernet.nl/huren/kamer-delft/teding-van-berkhoutlaan/kamer-1986807,"{'Woonkamer': ' Geen ', 'Keuken': ' Gedeeld ', 'Badkamer': ' Gedeeld ', 'Toilet': ' Gedeeld ', 'Internet': ' Ja ', 'Energielabel': ' B ', 'Huisgenoten': '  2 ', 'Geslacht': ' Gemengd ', 'Huisdieren': ' Nee '}",
Weezenhof,in Nijmegen,13 m,Totale oppervlakte: 92 m 2,â‚¬ 359,p/m | excl. g/w/e,Gestoffeerd,15-09-2021 tot 31-01-2022,18 uur geleden geplaatst,https://kamernet.nl/huren/kamer-nijmegen/weezenhof/kamer-1986798,"{'Woonkamer': ' Gedeeld ', 'Keuken': ' Gedeeld ', 'Badkamer': ' Gedeeld ', 'Toilet': ' Gedeeld ', 'Internet': ' Ja ', 'Energielabel': ' Onbekend ', 'Huisgenoten': '  2 ', 'Geslacht': ' Man ', 'Huisdieren': ' Nee '}",
Langestraat,in Enschede,45 m,Totaal 2 kamers (1 slaapkamer) ,â‚¬ 850,p/m | excl. g/w/e,Gestoffeerd,01-11-2021,18 uur geleden geplaatst,https://kamernet.nl/huren/appartement-enschede/langestraat/appartement-1986790,"{'Woonkamer': ' Eigen ', 'Keuken': ' Eigen ', 'Badkamer': ' Eigen ', 'Toilet': ' Eigen ', 'Internet': ' Ja ', 'Energielabel': ' Onbekend ', 'Huisdieren': ' Nee '}",
Haaksbergerstraat,in Enschede,22 m,Totale oppervlakte: 110 m 2,â‚¬ 380,p/m | excl. g/w/e,Gestoffeerd,06-09-2021 tot 01-08-2022,18 uur geleden geplaatst,https://kamernet.nl/huren/kamer-enschede/haaksbergerstraat/kamer-1977874,"{'Woonkamer': ' Gedeeld ', 'Keuken': ' Gedeeld ', 'Badkamer': ' Gedeeld ', 'Toilet': ' Gedeeld ', 'Internet': ' Ja ', 'Energielabel': ' Onbekend ', 'Huisgenoten': '  3 ', 'Geslacht': ' Man ', 'Huisdieren': ' Nee '}",
Grote Baan,in Zwolle,10 m,,â‚¬ 175,p/m | excl. g/w/e,Kaal,07-09-2021,18 uur geleden geplaatst,https://kamernet.nl/huren/kamer-zwolle/grote-baan/kamer-1986804,"{'Woonkamer': ' Geen ', 'Keuken': ' Gedeeld ', 'Badkamer': ' Gedeeld ', 'Toilet': ' Gedeeld ', 'Internet': ' Ja ', 'Energielabel': ' Onbekend ', 'Huisgenoten': '  5 ', 'Geslacht': ' Gemengd ', 'Huisdieren': ' Nee '}",
Bijleveldsingel,in Nijmegen,11 m,Totale oppervlakte: 255 m 2,â‚¬ 245,p/m | incl. g/w/e,Gestoffeerd,01-10-2021,23 uur geleden geplaatst,https://kamernet.nl/huren/kamer-nijmegen/bijleveldsingel/kamer-1986671,"{'Woonkamer': ' Gedeeld ', 'Keuken': ' Gedeeld ', 'Badkamer': ' Gedeeld ', 'Toilet': ' Gedeeld ', 'Internet': ' Ja ', 'Energielabel': ' Onbekend ', 'Huisgenoten': '  8  ', 'Geslacht': ' Man ', 'Huisdieren': ' Ja '}",
Jouwsmastraat,in Leeuwarden,12 m,,â‚¬ 300,p/m | incl. g/w/e,Kaal,01-10-2021,23 uur geleden geplaatst,https://kamernet.nl/huren/kamer-leeuwarden/jouwsmastraat/kamer-1986700,"{'Woonkamer': ' Eigen ', 'Keuken': ' Gedeeld ', 'Badkamer': ' Gedeeld ', 'Toilet': ' Gedeeld ', 'Internet': ' Ja ', 'Energielabel': ' C ', 'Huisgenoten': '  3 ', 'Geslacht': ' Gemengd ', 'Huisdieren': ' Nee '}",
De Houtmanstraat,in Arnhem,9 m,,â‚¬ 315,p/m | incl. g/w/e,Gemeubileerd,07-09-2021,23 uur geleden geplaatst,https://kamernet.nl/huren/kamer-arnhem/de-houtmanstraat/kamer-1986695,"{'Woonkamer': ' Gedeeld ', 'Keuken': ' Gedeeld ', 'Badkamer': ' Gedeeld ', 'Toilet': ' Gedeeld ', 'Internet': ' Ja ', 'Energielabel': ' Onbekend ', 'Huisgenoten': '  3 ', 'Geslacht': ' Onbekend ', 'Huisdieren': ' Nee '}",
Nicolaasstraat,in Utrecht,24 m,Totaal 1 kamer,â‚¬ 820,p/m | excl. g/w/e,Gestoffeerd,01-10-2021,23 uur geleden geplaatst,https://kamernet.nl/huren/appartement-utrecht/nicolaasstraat/appartement-1986701,"{'Woonkamer': ' Onbekend ', 'Keuken': ' Onbekend ', 'Badkamer': ' Onbekend ', 'Toilet': ' Onbekend ', 'Internet': ' Onbekend ', 'Energielabel': ' Onbekend ', 'Huisdieren': ' Nee '}",
Arent van 's Gravesandestraat,in Tilburg,125 m,Totaal 3 kamers,â‚¬ 1250,p/m | excl. g/w/e,Gestoffeerd,01-10-2021,23 uur geleden geplaatst,https://kamernet.nl/huren/appartement-tilburg/arent-van-'s-gravesandestraat/appartement-1986708,"{'Woonkamer': ' Onbekend ', 'Keuken': ' Onbekend ', 'Badkamer': ' Onbekend ', 'Toilet': ' Onbekend ', 'Internet': ' Onbekend ', 'Energielabel': ' Onbekend ', 'Huisdieren': ' In overleg '}",
Tuinstraat,in Hoogkarspel,50 m,Totaal 1 kamer,â‚¬ 380,p/m | excl. g/w/e,Kaal,07-09-2021,23 uur geleden geplaatst,https://kamernet.nl/huren/appartement-hoogkarspel/tuinstraat/appartement-1986704,"{'Woonkamer': ' Onbekend ', 'Keuken': ' Onbekend ', 'Badkamer': ' Onbekend ', 'Toilet': ' Onbekend ', 'Internet': ' Onbekend ', 'Energielabel': ' Onbekend ', 'Huisdieren': ' In overleg '}",
Hulkstraat,in Almere,24 m,,â‚¬ 620,p/m | incl. g/w/e,Gemeubileerd,01-10-2021,23 uur geleden geplaatst,https://kamernet.nl/huren/kamer-almere/hulkstraat/kamer-1986680,"{'Woonkamer': ' Eigen ', 'Keuken': ' Gedeeld ', 'Badkamer': ' Gedeeld ', 'Toilet': ' Gedeeld ', 'Internet': ' Ja ', 'Energielabel': ' Onbekend ', 'Huisgenoten': '  1 ', 'Geslacht': ' Vrouw ', 'Huisdieren': ' Nee '}",
Amerikalaan,in Utrecht,17 m,Totale oppervlakte: 8 m 2,â‚¬ 595,p/m | incl. g/w/e,Gestoffeerd,16-09-2021,23 uur geleden geplaatst,https://kamernet.nl/huren/kamer-utrecht/amerikalaan/kamer-1986697,"{'Woonkamer': ' Onbekend ', 'Keuken': ' Gedeeld ', 'Badkamer': ' Gedeeld ', 'Toilet': ' Gedeeld ', 'Internet': ' Ja ', 'Energielabel': ' Onbekend ', 'Huisgenoten': '  2 ', 'Geslacht': ' Man ', 'Huisdieren': ' Nee '}",
Groeseindstraat,in Tilburg,53 m,Totaal 1 kamer,â‚¬ 725,p/m | excl. g/w/e,Gestoffeerd,01-11-2021,23 uur geleden geplaatst,https://kamernet.nl/huren/appartement-tilburg/groeseindstraat/appartement-1986707,"{'Woonkamer': ' Onbekend ', 'Keuken': ' Onbekend ', 'Badkamer': ' Onbekend ', 'Toilet': ' Onbekend ', 'Internet': ' Onbekend ', 'Energielabel': ' Onbekend ', 'Huisdieren': ' In overleg '}",
Flanorpad,in Leiden,13 m,,â‚¬ 295,p/m | incl. g/w/e,Kaal,15-09-2021,23 uur geleden geplaatst,https://kamernet.nl/huren/kamer-leiden/flanorpad/kamer-1986674,"{'Woonkamer': ' Gedeeld ', 'Keuken': ' Gedeeld ', 'Badkamer': ' Gedeeld ', 'Toilet': ' Gedeeld ', 'Internet': ' Ja ', 'Energielabel': ' Onbekend ', 'Huisgenoten': '  Meer dan 8 ', 'Geslacht': ' Gemengd ', 'Huisdieren': ' Nee '}",
Vissteeg,in Arnhem,33 m,Totaal 1 kamer,â‚¬ 635,p/m | excl. g/w/e,Gestoffeerd,15-09-2021,23 uur geleden geplaatst,https://kamernet.nl/huren/studio-arnhem/vissteeg/studio-1986709,"{'Woonkamer': ' Onbekend ', 'Keuken': ' Onbekend ', 'Badkamer': ' Onbekend ', 'Toilet': ' Onbekend ', 'Internet': ' Onbekend ', 'Energielabel': ' Onbekend ', 'Huisdieren': ' In overleg '}",
Montfoorthof,in Amsterdam,12 m,,â‚¬ 650,p/m | incl. g/w/e,Gemeubileerd,07-09-2021,21 uur geleden geplaatst,https://kamernet.nl/huren/kamer-amsterdam/montfoorthof/kamer-1986746,"{'Woonkamer': ' Onbekend ', 'Keuken': ' Gedeeld ', 'Badkamer': ' Gedeeld ', 'Toilet': ' Gedeeld ', 'Internet': ' Ja ', 'Energielabel': ' Onbekend ', 'Huisgenoten': '  Onbekend  ', 'Geslacht': ' Onbekend ', 'Huisdieren': ' Nee '}",
Samuel de Langestraat,in Eindhoven,15 m,,â‚¬ 438,p/m | incl. g/w/e,Gestoffeerd,15-10-2021,21 uur geleden geplaatst,https://kamernet.nl/huren/kamer-eindhoven/samuel-de-langestraat/kamer-1986749,"{'Woonkamer': ' Geen ', 'Keuken': ' Gedeeld ', 'Badkamer': ' Gedeeld ', 'Toilet': ' Gedeeld ', 'Internet': ' Ja ', 'Energielabel': ' Onbekend ', 'Huisgenoten': '  5 ', 'Geslacht': ' Gemengd ', 'Huisdieren': ' Nee '}",
Valkenboslaan,in Den Haag,24 m,Totale oppervlakte: 24 m 2,â‚¬ 575,p/m | incl. g/w/e,Kaal,07-09-2021,21 uur geleden geplaatst,https://kamernet.nl/huren/kamer-den-haag/valkenboslaan/kamer-1986755,"{'Woonkamer': ' Eigen ', 'Keuken': ' Gedeeld ', 'Badkamer': ' Gedeeld ', 'Toilet': ' Gedeeld ', 'Internet': ' Ja ', 'Energielabel': ' Onbekend ', 'Huisgenoten': '  1 ', 'Geslacht': ' Gemengd ', 'Huisdieren': ' Nee '}",
Theresiastraat,in Hengelo,45 m,Totaal 1 kamer (1 slaapkamer) ,â‚¬ 187,p/m | excl. g/w/e,Kaal,07-09-2021,21 uur geleden geplaatst,https://kamernet.nl/huren/appartement-hengelo/theresiastraat/appartement-1986752,"{'Woonkamer': ' Eigen ', 'Keuken': ' Eigen ', 'Badkamer': ' Eigen ', 'Toilet': ' Eigen ', 'Internet': ' Onbekend ', 'Energielabel': ' Onbekend ', 'Huisdieren': ' Nee '}",
Nieuwe Doelenstraat,in Hilversum,95 m,Totaal 4 kamers,â‚¬ 2000,p/m | excl. g/w/e,Gemeubileerd,14-09-2021 tot 29-09-2021,21 uur geleden geplaatst,https://kamernet.nl/huren/appartement-hilversum/nieuwe-doelenstraat/appartement-1986761,"{'Woonkamer': ' Onbekend ', 'Keuken': ' Onbekend ', 'Badkamer': ' Onbekend ', 'Toilet': ' Onbekend ', 'Internet': ' Onbekend ', 'Energielabel': ' Onbekend ', 'Huisdieren': ' In overleg '}",
Kritostraat,in Rotterdam,67 m,Totaal 3 kamers,â‚¬ 945,p/m | excl. g/w/e,Gestoffeerd,07-09-2021,21 uur geleden geplaatst,https://kamernet.nl/huren/appartement-rotterdam/kritostraat/appartement-1986760,"{'Woonkamer': ' Onbekend ', 'Keuken': ' Onbekend ', 'Badkamer': ' Onbekend ', 'Toilet': ' Onbekend ', 'Internet': ' Onbekend ', 'Energielabel': ' Onbekend ', 'Huisdieren': ' In overleg '}",
4e Binnenvestgracht,in Leiden,40 m,Totaal 3 kamers (2 slaapkamers) ,â‚¬ 1200,p/m | excl. g/w/e,Gestoffeerd,10-09-2021,21 uur geleden geplaatst,https://kamernet.nl/huren/appartement-leiden/4e-binnenvestgracht/appartement-1986754,"{'Woonkamer': ' Eigen ', 'Keuken': ' Eigen ', 'Badkamer': ' Eigen ', 'Toilet': ' Eigen ', 'Internet': ' Ja ', 'Energielabel': ' C ', 'Huisdieren': ' Nee '}",
Flanorpad,in Leiden,13 m,,â‚¬ 290,p/m | incl. g/w/e,Gestoffeerd,07-09-2021,21 uur geleden geplaatst,https://kamernet.nl/huren/kamer-leiden/flanorpad/kamer-1986764,"{'Woonkamer': ' Gedeeld ', 'Keuken': ' Gedeeld ', 'Badkamer': ' Gedeeld ', 'Toilet': ' Gedeeld ', 'Internet': ' Ja ', 'Energielabel': ' Onbekend ', 'Huisgenoten': '  Meer dan 8 ', 'Geslacht': ' Gemengd ', 'Huisdieren': ' Nee '}",
Hanzestraat,in Arnhem,9 m,,â‚¬ 320,p/m | incl. g/w/e,Gestoffeerd,07-09-2021,20 uur geleden geplaatst,https://kamernet.nl/huren/kamer-arnhem/hanzestraat/kamer-1986763,"{'Woonkamer': ' Onbekend ', 'Keuken': ' Onbekend ', 'Badkamer': ' Onbekend ', 'Toilet': ' Onbekend ', 'Internet': ' Onbekend ', 'Energielabel': ' Onbekend ', 'Huisgenoten': '  Onbekend  ', 'Geslacht': ' Onbekend ', 'Huisdieren': ' In overleg '}",
Betuwestraat,in Arnhem,58 m,Totaal 2 kamers,â‚¬ 1350,p/m | incl. g/w/e,Gestoffeerd,07-09-2021,21 uur geleden geplaatst,https://kamernet.nl/huren/appartement-arnhem/betuwestraat/appartement-1986762,"{'Woonkamer': ' Onbekend ', 'Keuken': ' Onbekend ', 'Badkamer': ' Onbekend ', 'Toilet': ' Onbekend ', 'Internet': ' Onbekend ', 'Energielabel': ' Onbekend ', 'Huisdieren': ' In overleg '}",
Ternatestraat,in Delft,20 m,Totale oppervlakte: 150 m 2,â‚¬ 530,p/m | excl. g/w/e,Gemeubileerd,01-10-2021,20 uur geleden geplaatst,https://kamernet.nl/huren/kamer-delft/ternatestraat/kamer-1986739,"{'Woonkamer': ' Gedeeld ', 'Keuken': ' Gedeeld ', 'Badkamer': ' Gedeeld ', 'Toilet': ' Gedeeld ', 'Internet': ' Ja ', 'Energielabel': ' D ', 'Huisgenoten': '  2 ', 'Geslacht': ' Vrouw ', 'Huisdieren': ' Nee '}",
Keucheniusstraat,in Rotterdam,20 m,,â‚¬ 850,p/m | incl. g/w/e,Gemeubileerd,01-11-2021,21 uur geleden geplaatst,https://kamernet.nl/huren/studio-rotterdam/keucheniusstraat/studio-1985494,"{'Woonkamer': ' Geen ', 'Keuken': ' Eigen ', 'Badkamer': ' Eigen ', 'Toilet': ' Eigen ', 'Internet': ' Ja ', 'Energielabel': ' Onbekend ', 'Huisdieren': ' Nee '}",
Wittevrouwensingel,in Utrecht,34 m,Totaal 1 kamer,â‚¬ 795,p/m | excl. g/w/e,Gestoffeerd,01-10-2021,23 uur geleden geplaatst,https://kamernet.nl/huren/appartement-utrecht/wittevrouwensingel/appartement-1986702,"{'Woonkamer': ' Onbekend ', 'Keuken': ' Onbekend ', 'Badkamer': ' Onbekend ', 'Toilet': ' Onbekend ', 'Internet': ' Onbekend ', 'Energielabel': ' Onbekend ', 'Huisdieren': ' Nee '}",
Adrien Mildersstraat,in Rotterdam,24 m,,â‚¬ 495,p/m | incl. g/w/e,Gemeubileerd,15-09-2021,23 uur geleden geplaatst,https://kamernet.nl/huren/kamer-rotterdam/adrien-mildersstraat/kamer-1986718,"{'Woonkamer': ' Geen ', 'Keuken': ' Gedeeld ', 'Badkamer': ' Gedeeld ', 'Toilet': ' Gedeeld ', 'Internet': ' Ja ', 'Energielabel': ' Onbekend ', 'Huisgenoten': '  8  ', 'Geslacht': ' Gemengd ', 'Huisdieren': ' Nee '}",
Prinses Julianaplein,in Amersfoort,45 m,Totaal 2 kamers,â‚¬ 875,p/m | excl. g/w/e,Gestoffeerd,01-10-2021,23 uur geleden geplaatst,https://kamernet.nl/huren/appartement-amersfoort/prinses-julianaplein/appartement-1986715,"{'Woonkamer': ' Onbekend ', 'Keuken': ' Onbekend ', 'Badkamer': ' Onbekend ', 'Toilet': ' Onbekend ', 'Internet': ' Onbekend ', 'Energielabel': ' Onbekend ', 'Huisdieren': ' In overleg '}",
Zwart Janstraat,in Rotterdam,35 m,Totaal 1 kamer (1 slaapkamer) ,â‚¬ 795,p/m | incl. g/w/e,Gemeubileerd,10-09-2021,22 uur geleden geplaatst,https://kamernet.nl/huren/studio-rotterdam/zwart-janstraat/studio-1986721,"{'Woonkamer': ' Eigen ', 'Keuken': ' Eigen ', 'Badkamer': ' Eigen ', 'Toilet': ' Eigen ', 'Internet': ' Ja ', 'Energielabel': ' Onbekend ', 'Huisdieren': ' Nee '}",
Isaak Hoornbeekstraat,in Delft,7 m,,â‚¬ 265,p/m | incl. g/w/e,Gestoffeerd,01-10-2021,22 uur geleden geplaatst,https://kamernet.nl/huren/kamer-delft/isaak-hoornbeekstraat/kamer-1986724,"{'Woonkamer': ' Gedeeld ', 'Keuken': ' Gedeeld ', 'Badkamer': ' Gedeeld ', 'Toilet': ' Gedeeld ', 'Internet': ' Ja ', 'Energielabel': ' Onbekend ', 'Huisgenoten': '  Onbekend  ', 'Geslacht': ' Onbekend ', 'Huisdieren': ' Nee '}",
Molenstraat,in Nijmegen,33 m,Totaal 2 kamers (1 slaapkamer) ,â‚¬ 850,p/m | incl. g/w/e,Kaal,01-10-2021,22 uur geleden geplaatst,https://kamernet.nl/huren/appartement-nijmegen/molenstraat/appartement-1986737,"{'Woonkamer': ' Eigen ', 'Keuken': ' Eigen ', 'Badkamer': ' Eigen ', 'Toilet': ' Eigen ', 'Internet': ' Nee ', 'Energielabel': ' Onbekend ', 'Huisdieren': ' Nee '}",
Berewoutstraat,in Den Bosch,50 m,Totaal 2 kamers,â‚¬ 995,p/m | excl. g/w/e,Gestoffeerd,01-10-2021,23 uur geleden geplaatst,https://kamernet.nl/huren/appartement-den-bosch/berewoutstraat/appartement-1986711,"{'Woonkamer': ' Onbekend ', 'Keuken': ' Onbekend ', 'Badkamer': ' Onbekend ', 'Toilet': ' Onbekend ', 'Internet': ' Onbekend ', 'Energielabel': ' Onbekend ', 'Huisdieren': ' In overleg '}",
Von Geusaustraat,in Voorburg,10 m,,â‚¬ 595,p/m | incl. g/w/e,Gemeubileerd,07-09-2021,22 uur geleden geplaatst,https://kamernet.nl/huren/kamer-voorburg/von-geusaustraat/kamer-1986727,"{'Woonkamer': ' Gedeeld ', 'Keuken': ' Gedeeld ', 'Badkamer': ' Gedeeld ', 'Toilet': ' Gedeeld ', 'Internet': ' Ja ', 'Energielabel': ' Onbekend ', 'Huisgenoten': '  4  ', 'Geslacht': ' Man ', 'Huisdieren': ' Nee '}",
Surinameweg,in Haarlem,67 m,Totaal 3 kamers,â‚¬ 970,p/m | excl. g/w/e,Onbekend,07-09-2021,23 uur geleden geplaatst,https://kamernet.nl/huren/appartement-haarlem/surinameweg/appartement-1986714,"{'Woonkamer': ' Onbekend ', 'Keuken': ' Onbekend ', 'Badkamer': ' Onbekend ', 'Toilet': ' Onbekend ', 'Internet': ' Onbekend ', 'Energielabel': ' Onbekend ', 'Huisdieren': ' In overleg '}",
Waldorpstraat,in Den Haag,16 m,Totale oppervlakte: 125 m 2,â‚¬ 540,p/m | excl. g/w/e,Gemeubileerd,01-10-2021 tot 04-01-2022,16 uur geleden geplaatst,https://kamernet.nl/huren/kamer-den-haag/waldorpstraat/kamer-1955042,"{'Woonkamer': ' Gedeeld ', 'Keuken': ' Gedeeld ', 'Badkamer': ' Gedeeld ', 'Toilet': ' Gedeeld ', 'Internet': ' Ja ', 'Energielabel': ' Onbekend ', 'Huisgenoten': '  2 ', 'Geslacht': ' Man ', 'Huisdieren': ' Nee '}",
Joost Bilhamerstraat,in Amsterdam,12 m,,â‚¬ 575,p/m | incl. g/w/e,Kaal,07-09-2021,16 uur geleden geplaatst,https://kamernet.nl/huren/kamer-amsterdam/joost-bilhamerstraat/kamer-1986820,"{'Woonkamer': ' Gedeeld ', 'Keuken': ' Gedeeld ', 'Badkamer': ' Gedeeld ', 'Toilet': ' Gedeeld ', 'Internet': ' Nee ', 'Energielabel': ' Onbekend ', 'Huisgenoten': '  4  ', 'Geslacht': ' Onbekend ', 'Huisdieren': ' Nee '}",
Bankastraat,in Groningen,13 m,,â‚¬ 335,p/m | excl. g/w/e,Gestoffeerd,07-09-2021,16 uur geleden geplaatst,https://kamernet.nl/huren/kamer-groningen/bankastraat/kamer-1986811,"{'Woonkamer': ' Geen ', 'Keuken': ' Gedeeld ', 'Badkamer': ' Gedeeld ', 'Toilet': ' Gedeeld ', 'Internet': ' Ja ', 'Energielabel': ' Onbekend ', 'Huisgenoten': '  2 ', 'Geslacht': ' Vrouw ', 'Huisdieren': ' Nee '}",
Ruivenstraat,in Delft,13 m,,â‚¬ 365,p/m | incl. g/w/e,Gestoffeerd,27-09-2021,22 uur geleden geplaatst,https://kamernet.nl/huren/kamer-delft/ruivenstraat/kamer-1939747,"{'Woonkamer': ' Geen ', 'Keuken': ' Gedeeld ', 'Badkamer': ' Gedeeld ', 'Toilet': ' Gedeeld ', 'Internet': ' Ja ', 'Energielabel': ' Onbekend ', 'Huisgenoten': '  5 ', 'Geslacht': ' Man ', 'Huisdieren': ' Nee '}",
Tuinbouwstraat,in Groningen,14 m,Totale oppervlakte: 70 m 2,â‚¬ 280,p/m | incl. g/w/e,Gestoffeerd,25-09-2021,22 uur geleden geplaatst,https://kamernet.nl/huren/kamer-groningen/tuinbouwstraat/kamer-1986733,"{'Woonkamer': ' Geen ', 'Keuken': ' Gedeeld ', 'Badkamer': ' Gedeeld ', 'Toilet': ' Gedeeld ', 'Internet': ' Ja ', 'Energielabel': ' Onbekend ', 'Huisgenoten': '  Onbekend  ', 'Geslacht': ' Onbekend ', 'Huisdieren': ' Nee '}",
Spaarnestraat,in Enschede,17 m,,â‚¬ 350,p/m | incl. g/w/e,Gestoffeerd,07-09-2021,16 uur geleden geplaatst,https://kamernet.nl/huren/kamer-enschede/spaarnestraat/kamer-1986824,"{'Woonkamer': ' Gedeeld ', 'Keuken': ' Gedeeld ', 'Badkamer': ' Gedeeld ', 'Toilet': ' Gedeeld ', 'Internet': ' Ja ', 'Energielabel': ' A ', 'Huisgenoten': '  1 ', 'Geslacht': ' Vrouw ', 'Huisdieren': ' Nee '}",
Kottendijk,in Enschede,18 m,Totale oppervlakte: 70 m 2,â‚¬ 305,p/m | incl. g/w/e,Gemeubileerd,30-09-2021 tot 31-01-2022,12 uur geleden geplaatst,https://kamernet.nl/huren/kamer-enschede/kottendijk/kamer-1986876,"{'Woonkamer': ' Gedeeld ', 'Keuken': ' Gedeeld ', 'Badkamer': ' Gedeeld ', 'Toilet': ' Gedeeld ', 'Internet': ' Ja ', 'Energielabel': ' Onbekend ', 'Huisgenoten': '  5 ', 'Geslacht': ' Gemengd ', 'Huisdieren': ' Nee '}",
Gysbert Japicxstraat,in Leeuwarden,14 m,,â‚¬ 325,p/m | incl. g/w/e,Kaal,07-09-2021,17 uur geleden geplaatst,https://kamernet.nl/huren/kamer-leeuwarden/gysbert-japicxstraat/kamer-1986826,"{'Woonkamer': ' Geen ', 'Keuken': ' Gedeeld ', 'Badkamer': ' Gedeeld ', 'Toilet': ' Gedeeld ', 'Internet': ' Ja ', 'Energielabel': ' C ', 'Huisgenoten': '  2 ', 'Geslacht': ' Vrouw ', 'Huisdieren': ' Nee '}",
Wijngaardplein,in Eindhoven,27 m,Totale oppervlakte: 40 m 2,â‚¬ 450,p/m | incl. g/w/e,Gestoffeerd,13-09-2021,13 uur geleden geplaatst,https://kamernet.nl/huren/kamer-eindhoven/wijngaardplein/kamer-1986862,"{'Woonkamer': ' Eigen ', 'Keuken': ' Gedeeld ', 'Badkamer': ' Gedeeld ', 'Toilet': ' Gedeeld ', 'Internet': ' Ja ', 'Energielabel': ' B ', 'Huisgenoten': '  1 ', 'Geslacht': ' Man ', 'Huisdieren': ' Nee '}",
Kraneweg,in Groningen,30 m,,â‚¬ 725,p/m | incl. g/w/e,Gestoffeerd,10-10-2021,12 uur geleden geplaatst,https://kamernet.nl/huren/kamer-groningen/kraneweg/kamer-1986879,"{'Woonkamer': ' Eigen ', 'Keuken': ' Eigen ', 'Badkamer': ' Eigen ', 'Toilet': ' Eigen ', 'Internet': ' Ja ', 'Energielabel': ' Onbekend ', 'Huisgenoten': '  Onbekend  ', 'Geslacht': ' Onbekend ', 'Huisdieren': ' Nee '}",
Marshallstraat,in Goes,10 m,Totale oppervlakte: 69 m 2,â‚¬ 298,p/m | excl. g/w/e,Gemeubileerd,07-09-2021,12 uur geleden geplaatst,https://kamernet.nl/huren/kamer-goes/marshallstraat/kamer-1986846,"{'Woonkamer': ' Gedeeld ', 'Keuken': ' Gedeeld ', 'Badkamer': ' Gedeeld ', 'Toilet': ' Gedeeld ', 'Internet': ' Ja ', 'Energielabel': ' Onbekend ', 'Huisgenoten': '  3 ', 'Geslacht': ' Gemengd ', 'Huisdieren': ' Nee '}",
Willem van Hillegaersbergstraat,in Rotterdam,110 m,Totaal 5 kamers (2 slaapkamers) ,â‚¬ 1850,p/m | excl. g/w/e,Gestoffeerd,19-09-2021,12 uur geleden geplaatst,https://kamernet.nl/huren/appartement-rotterdam/willem-van-hillegaersbergstraat/appartement-1986847,"{'Woonkamer': ' Eigen ', 'Keuken': ' Eigen ', 'Badkamer': ' Eigen ', 'Toilet': ' Eigen ', 'Internet': ' Nee ', 'Energielabel': ' Onbekend ', 'Huisdieren': ' Nee '}",
Staalmeesterslaan,in Amsterdam,13 m,Totale oppervlakte: 80 m 2,â‚¬ 850,p/m | incl. g/w/e,Gestoffeerd,01-10-2021,12 uur geleden geplaatst,https://kamernet.nl/huren/kamer-amsterdam/staalmeesterslaan/kamer-1986838,"{'Woonkamer': ' Gedeeld ', 'Keuken': ' Gedeeld ', 'Badkamer': ' Gedeeld ', 'Toilet': ' Gedeeld ', 'Internet': ' Ja ', 'Energielabel': ' Onbekend ', 'Huisgenoten': '  1 ', 'Geslacht': ' Man ', 'Huisdieren': ' Nee '}",
Hortensiastraat,in Eindhoven,35 m,Totaal 1 kamer (1 slaapkamer) ,â‚¬ 598,p/m | incl. g/w/e,Gestoffeerd,01-10-2021,23 uur geleden geplaatst,https://kamernet.nl/huren/appartement-eindhoven/hortensiastraat/appartement-1985638,"{'Woonkamer': ' Eigen ', 'Keuken': ' Eigen ', 'Badkamer': ' Eigen ', 'Toilet': ' Eigen ', 'Internet': ' Ja ', 'Energielabel': ' Onbekend ', 'Huisdieren': ' In overleg '}",
Heezerweg,in Eindhoven,200 m,,â‚¬ 2050,p/m | excl. g/w/e,Kaal,06-09-2021,23 uur geleden geplaatst,https://kamernet.nl/huren/appartement-eindhoven/heezerweg/appartement-1985636,"{'Woonkamer': ' Geen ', 'Keuken': ' Gedeeld ', 'Badkamer': ' Gedeeld ', 'Toilet': ' Gedeeld ', 'Internet': ' Ja ', 'Energielabel': ' Onbekend ', 'Huisdieren': ' Nee '}",
Hatertseweg,in Nijmegen,70 m,Totaal 3 kamers (2 slaapkamers) ,â‚¬ 1233,p/m | excl. g/w/e,Gestoffeerd,01-10-2021,22 uur geleden geplaatst,https://kamernet.nl/huren/appartement-nijmegen/hatertseweg/appartement-1986734,"{'Woonkamer': ' Eigen ', 'Keuken': ' Eigen ', 'Badkamer': ' Eigen ', 'Toilet': ' Eigen ', 'Internet': ' Ja ', 'Energielabel': ' Onbekend ', 'Huisdieren': ' Nee '}",
Alkmaarseweg,in Beverwijk,40 m,Totaal 2 kamers (1 slaapkamer) ,â‚¬ 800,p/m | incl. g/w/e,Gemeubileerd,01-11-2021,23 uur geleden geplaatst,https://kamernet.nl/huren/studio-beverwijk/alkmaarseweg/studio-1985629,"{'Woonkamer': ' Eigen ', 'Keuken': ' Eigen ', 'Badkamer': ' Eigen ', 'Toilet': ' Eigen ', 'Internet': ' Ja ', 'Energielabel': ' Onbekend ', 'Huisdieren': ' Nee '}",
Getfertweg,in Enschede,18 m,,â‚¬ 240,p/m | incl. g/w/e,Gestoffeerd,14-09-2021,12 uur geleden geplaatst,https://kamernet.nl/huren/kamer-enschede/getfertweg/kamer-1986883,"{'Woonkamer': ' Gedeeld ', 'Keuken': ' Gedeeld ', 'Badkamer': ' Gedeeld ', 'Toilet': ' Gedeeld ', 'Internet': ' Ja ', 'Energielabel': ' Onbekend ', 'Huisgenoten': '  3 ', 'Geslacht': ' Vrouw ', 'Huisdieren': ' Nee '}",
Oost-Indieplaats,in Delft,18 m,,â‚¬ 360,p/m | incl. g/w/e,Kaal,26-09-2021,23 uur geleden geplaatst,https://kamernet.nl/huren/kamer-delft/oost-indieplaats/kamer-1985622,"{'Woonkamer': ' Gedeeld ', 'Keuken': ' Gedeeld ', 'Badkamer': ' Gedeeld ', 'Toilet': ' Gedeeld ', 'Internet': ' Ja ', 'Energielabel': ' Onbekend ', 'Huisgenoten': '  7 ', 'Geslacht': ' Gemengd ', 'Huisdieren': ' Nee '}",
Gorterlaan,in Groningen,12 m,Totale oppervlakte: 20 m 2,â‚¬ 509,p/m | incl. g/w/e,Gemeubileerd,01-10-2021,22 uur geleden geplaatst,https://kamernet.nl/huren/kamer-groningen/gorterlaan/kamer-1986735,"{'Woonkamer': ' Geen ', 'Keuken': ' Eigen ', 'Badkamer': ' Gedeeld ', 'Toilet': ' Gedeeld ', 'Internet': ' Ja ', 'Energielabel': ' C ', 'Huisgenoten': '  1 ', 'Geslacht': ' Man ', 'Huisdieren': ' Nee '}",
Gebroeders de Koninglaan,in Best,14 m,Totale oppervlakte: 95 m 2,â‚¬ 550,p/m | incl. g/w/e,Gemeubileerd,15-09-2021,23 uur geleden geplaatst,https://kamernet.nl/huren/kamer-best/gebroeders-de-koninglaan/kamer-1985642,"{'Woonkamer': ' Gedeeld ', 'Keuken': ' Gedeeld ', 'Badkamer': ' Gedeeld ', 'Toilet': ' Gedeeld ', 'Internet': ' Ja ', 'Energielabel': ' A ', 'Huisgenoten': '  4  ', 'Geslacht': ' Gemengd ', 'Huisdieren': ' Nee '}",
Adamshofstraat,in Rotterdam,16 m,,â‚¬ 320,p/m | incl. g/w/e,Gestoffeerd,01-10-2021,23 uur geleden geplaatst,https://kamernet.nl/huren/kamer-rotterdam/adamshofstraat/kamer-1985651,"{'Woonkamer': ' Geen ', 'Keuken': ' Gedeeld ', 'Badkamer': ' Gedeeld ', 'Toilet': ' Gedeeld ', 'Internet': ' Ja ', 'Energielabel': ' Onbekend ', 'Huisgenoten': '  3 ', 'Geslacht': ' Gemengd ', 'Huisdieren': ' Nee '}",
Livingstonelaan,in Utrecht,120 m,Totaal 5 kamers (4 slaapkamers) ,â‚¬ 1895,p/m | excl. g/w/e,Gestoffeerd,15-09-2021,23 uur geleden geplaatst,https://kamernet.nl/huren/appartement-utrecht/livingstonelaan/appartement-1986663,"{'Woonkamer': ' Eigen ', 'Keuken': ' Eigen ', 'Badkamer': ' Eigen ', 'Toilet': ' Eigen ', 'Internet': ' Onbekend ', 'Energielabel': ' Onbekend ', 'Huisdieren': ' Nee '}",
Haarlemmerweg,in Amsterdam,6 m,,â‚¬ 570,p/m | excl. g/w/e,Gemeubileerd,15-11-2021 tot 16-04-2022,23 uur geleden geplaatst,https://kamernet.nl/huren/kamer-amsterdam/haarlemmerweg/kamer-1986665,"{'Woonkamer': ' Gedeeld ', 'Keuken': ' Gedeeld ', 'Badkamer': ' Gedeeld ', 'Toilet': ' Gedeeld ', 'Internet': ' Ja ', 'Energielabel': ' Onbekend ', 'Huisgenoten': '  1 ', 'Geslacht': ' Vrouw ', 'Huisdieren': ' Nee '}",
Scheppingstraat,in Den Haag,10 m,Totale oppervlakte: 98 m 2,â‚¬ 395,p/m | excl. g/w/e,Gemeubileerd,01-10-2021,23 uur geleden geplaatst,https://kamernet.nl/huren/kamer-den-haag/scheppingstraat/kamer-1986656,"{'Woonkamer': ' Gedeeld ', 'Keuken': ' Gedeeld ', 'Badkamer': ' Gedeeld ', 'Toilet': ' Gedeeld ', 'Internet': ' Ja ', 'Energielabel': ' Onbekend ', 'Huisgenoten': '  3 ', 'Geslacht': ' Man ', 'Huisdieren': ' In overleg '}",
Tuindorpstraat,in Hengelo,39 m,Totaal 1 kamer (1 slaapkamer) ,â‚¬ 650,p/m | incl. g/w/e,Gemeubileerd,01-11-2021,Gisteren geplaatst,https://kamernet.nl/huren/studio-hengelo/tuindorpstraat/studio-1986685,"{'Woonkamer': ' Eigen ', 'Keuken': ' Eigen ', 'Badkamer': ' Eigen ', 'Toilet': ' Eigen ', 'Internet': ' Ja ', 'Energielabel': ' Onbekend ', 'Huisdieren': ' Nee '}",
Gooswilligen,in Scherpenzeel,20 m,,â‚¬ 350,p/m | excl. g/w/e,Kaal,07-09-2021,23 uur geleden geplaatst,https://kamernet.nl/huren/kamer-scherpenzeel/gooswilligen/kamer-1986716,"{'Woonkamer': ' Gedeeld ', 'Keuken': ' Gedeeld ', 'Badkamer': ' Gedeeld ', 'Toilet': ' Gedeeld ', 'Internet': ' Nee ', 'Energielabel': ' D ', 'Huisgenoten': '  4  ', 'Geslacht': ' Gemengd ', 'Huisdieren': ' Ja '}",
Jacoba van Beierenlaan,in Delft,12 m,,â‚¬ 341,p/m | incl. g/w/e,Kaal,25-09-2021,23 uur geleden geplaatst,https://kamernet.nl/huren/kamer-delft/jacoba-van-beierenlaan/kamer-1903768,"{'Woonkamer': ' Gedeeld ', 'Keuken': ' Gedeeld ', 'Badkamer': ' Gedeeld ', 'Toilet': ' Geen ', 'Internet': ' Ja ', 'Energielabel': ' A ', 'Huisgenoten': '  Meer dan 8 ', 'Geslacht': ' Gemengd ', 'Huisdieren': ' Ja '}",
Oudegracht,in Utrecht,17 m,,â‚¬ 482,p/m | incl. g/w/e,Kaal,01-10-2021,23 uur geleden geplaatst,https://kamernet.nl/huren/kamer-utrecht/oudegracht/kamer-1985623,"{'Woonkamer': ' Gedeeld ', 'Keuken': ' Gedeeld ', 'Badkamer': ' Gedeeld ', 'Toilet': ' Gedeeld ', 'Internet': ' Ja ', 'Energielabel': ' Onbekend ', 'Huisgenoten': '  Onbekend  ', 'Geslacht': ' Onbekend ', 'Huisdieren': ' Nee '}",
Heidebloemstraat,in Nijmegen,30 m,Totaal 2 kamers (1 slaapkamer) ,â‚¬ 775,p/m | incl. g/w/e,Gestoffeerd,01-10-2021,23 uur geleden geplaatst,https://kamernet.nl/huren/studio-nijmegen/heidebloemstraat/studio-1985630,"{'Woonkamer': ' Eigen ', 'Keuken': ' Eigen ', 'Badkamer': ' Eigen ', 'Toilet': ' Eigen ', 'Internet': ' Ja ', 'Energielabel': ' Onbekend ', 'Huisdieren': ' Nee '}",
Blaarthemseweg,in Veldhoven,15 m,,â‚¬ 550,p/m | incl. g/w/e,Gemeubileerd,08-03-2021,23 uur geleden geplaatst,https://kamernet.nl/huren/kamer-veldhoven/blaarthemseweg/kamer-1985650,"{'Woonkamer': ' Geen ', 'Keuken': ' Gedeeld ', 'Badkamer': ' Gedeeld ', 'Toilet': ' Gedeeld ', 'Internet': ' Ja ', 'Energielabel': ' Onbekend ', 'Huisgenoten': '  3 ', 'Geslacht': ' Gemengd ', 'Huisdieren': ' Nee '}",
Heidebloemstraat,in Nijmegen,35 m,Totaal 1 kamer (1 slaapkamer) ,â‚¬ 780,p/m | incl. g/w/e,Gestoffeerd,01-10-2021,23 uur geleden geplaatst,https://kamernet.nl/huren/studio-nijmegen/heidebloemstraat/studio-1985635,"{'Woonkamer': ' Eigen ', 'Keuken': ' Eigen ', 'Badkamer': ' Eigen ', 'Toilet': ' Eigen ', 'Internet': ' Ja ', 'Energielabel': ' Onbekend ', 'Huisdieren': ' Nee '}",
Willem Noorlanderkade,in Amsterdam,45 m,,â‚¬ 1099,p/m | excl. g/w/e,Gemeubileerd,10-10-2021 tot 10-10-2022,Gisteren geplaatst,https://kamernet.nl/huren/studio-amsterdam/willem-noorlanderkade/studio-1986675,"{'Woonkamer': ' Eigen ', 'Keuken': ' Eigen ', 'Badkamer': ' Eigen ', 'Toilet': ' Eigen ', 'Internet': ' Ja ', 'Energielabel': ' Onbekend ', 'Huisdieren': ' Nee '}",
Zon en Maanstraat,in Hilversum,20 m,Totale oppervlakte: 70 m 2,â‚¬ 510,p/m | incl. g/w/e,Gemeubileerd,07-09-2021 tot 30-06-2022,23 uur geleden geplaatst,https://kamernet.nl/huren/kamer-hilversum/zon-en-maanstraat/kamer-1986717,"{'Woonkamer': ' Gedeeld ', 'Keuken': ' Gedeeld ', 'Badkamer': ' Gedeeld ', 'Toilet': ' Gedeeld ', 'Internet': ' Ja ', 'Energielabel': ' Onbekend ', 'Huisgenoten': '  1 ', 'Geslacht': ' Vrouw ', 'Huisdieren': ' Nee '}",
Korte Geuzenstraat,in Amsterdam,10 m,,â‚¬ 595,p/m | incl. g/w/e,Gemeubileerd,30-09-2021,23 uur geleden geplaatst,https://kamernet.nl/huren/kamer-amsterdam/korte-geuzenstraat/kamer-1985637,"{'Woonkamer': ' Gedeeld ', 'Keuken': ' Gedeeld ', 'Badkamer': ' Gedeeld ', 'Toilet': ' Gedeeld ', 'Internet': ' Ja ', 'Energielabel': ' Onbekend ', 'Huisgenoten': '  Onbekend  ', 'Geslacht': ' Onbekend ', 'Huisdieren': ' Nee '}",
van Welderenstraat,in Nijmegen,24 m,,â‚¬ 490,p/m | incl. g/w/e,Gemeubileerd,01-10-2021 tot 31-10-2021,5 dagen geleden geplaatst,https://kamernet.nl/huren/kamer-nijmegen/van-welderenstraat/kamer-1985086,"{'Woonkamer': ' Eigen ', 'Keuken': ' Gedeeld ', 'Badkamer': ' Gedeeld ', 'Toilet': ' Gedeeld ', 'Internet': ' Ja ', 'Energielabel': ' Onbekend ', 'Huisgenoten': '  3 ', 'Geslacht': ' Vrouw ', 'Huisdieren': ' Nee '}",
Veerlaan,in Rotterdam,6 m,,â‚¬ 450,p/m | incl. g/w/e,Gemeubileerd,11-09-2021,5 dagen geleden geplaatst,https://kamernet.nl/huren/kamer-rotterdam/veerlaan/kamer-1985118,"{'Woonkamer': ' Geen ', 'Keuken': ' Gedeeld ', 'Badkamer': ' Gedeeld ', 'Toilet': ' Gedeeld ', 'Internet': ' Ja ', 'Energielabel': ' Onbekend ', 'Huisgenoten': '  2 ', 'Geslacht': ' Onbekend ', 'Huisdieren': ' Nee '}",
Surinameweg,in Haarlem,71 m,Totaal 3 kamers,â‚¬ 1050,p/m | excl. g/w/e,Onbekend,08-09-2021,7 uur geleden geplaatst,https://kamernet.nl/huren/appartement-haarlem/surinameweg/appartement-1986941,"{'Woonkamer': ' Onbekend ', 'Keuken': ' Onbekend ', 'Badkamer': ' Onbekend ', 'Toilet': ' Onbekend ', 'Internet': ' Onbekend ', 'Energielabel': ' Onbekend ', 'Huisdieren': ' In overleg '}",
Oosteinderweg,in Aalsmeer,90 m,,â‚¬ 1200,p/m | excl. g/w/e,Gestoffeerd,08-09-2021,7 uur geleden geplaatst,https://kamernet.nl/huren/appartement-aalsmeer/oosteinderweg/appartement-1986943,"{'Woonkamer': ' Onbekend ', 'Keuken': ' Onbekend ', 'Badkamer': ' Onbekend ', 'Toilet': ' Onbekend ', 'Internet': ' Onbekend ', 'Energielabel': ' Onbekend ', 'Huisdieren': ' In overleg '}",
Asingaborg,in Amsterdam,68 m,Totaal 3 kamers (2 slaapkamers) ,â‚¬ 1450,p/m | excl. g/w/e,Gestoffeerd,08-09-2021,3 uur geleden geplaatst,https://kamernet.nl/huren/appartement-amsterdam/asingaborg/appartement-1987009,"{'Woonkamer': ' Eigen ', 'Keuken': ' Eigen ', 'Badkamer': ' Eigen ', 'Toilet': ' Eigen ', 'Internet': ' Ja ', 'Energielabel': ' Onbekend ', 'Huisdieren': ' Nee '}",
Johan van Oldenbarneveldtlaan,in Uithoorn,21 m,,â‚¬ 700,p/m | incl. g/w/e,Gemeubileerd,08-09-2021,1 uur geleden geplaatst,https://kamernet.nl/huren/kamer-uithoorn/johan-van-oldenbarneveldtlaan/kamer-1987027,"{'Woonkamer': ' Gedeeld ', 'Keuken': ' Gedeeld ', 'Badkamer': ' Gedeeld ', 'Toilet': ' Gedeeld ', 'Internet': ' Nee ', 'Energielabel': ' Onbekend ', 'Huisgenoten': '  1 ', 'Geslacht': ' Man ', 'Huisdieren': ' Nee '}",
Azielaan,in Utrecht,17 m,Totale oppervlakte: 87 m 2,â‚¬ 850,p/m | incl. g/w/e,Gestoffeerd,24-09-2021,1 uur geleden geplaatst,https://kamernet.nl/huren/kamer-utrecht/azielaan/kamer-1987028,"{'Woonkamer': ' Gedeeld ', 'Keuken': ' Gedeeld ', 'Badkamer': ' Gedeeld ', 'Toilet': ' Gedeeld ', 'Internet': ' Ja ', 'Energielabel': ' Onbekend ', 'Huisgenoten': '  1 ', 'Geslacht': ' Vrouw ', 'Huisdieren': ' Nee '}",
Grubbehoeve,in Amsterdam,11 m,Totale oppervlakte: 70 m 2,â‚¬ 375,p/m | incl. g/w/e,Gemeubileerd,08-09-2021,1 uur geleden geplaatst,https://kamernet.nl/huren/kamer-amsterdam/grubbehoeve/kamer-1987019,"{'Woonkamer': ' Gedeeld ', 'Keuken': ' Gedeeld ', 'Badkamer': ' Gedeeld ', 'Toilet': ' Gedeeld ', 'Internet': ' Ja ', 'Energielabel': ' Onbekend ', 'Huisgenoten': '  4  ', 'Geslacht': ' Vrouw ', 'Huisdieren': ' In overleg '}",
Ternatestraat,in Delft,20 m,Totale oppervlakte: 150 m 2,â‚¬ 530,p/m | excl. g/w/e,Gemeubileerd,01-11-2021,1 uur geleden geplaatst,https://kamernet.nl/huren/kamer-delft/ternatestraat/kamer-1987020,"{'Woonkamer': ' Gedeeld ', 'Keuken': ' Gedeeld ', 'Badkamer': ' Gedeeld ', 'Toilet': ' Gedeeld ', 'Internet': ' Ja ', 'Energielabel': ' C ', 'Huisgenoten': '  2 ', 'Geslacht': ' Gemengd ', 'Huisdieren': ' Nee '}",
W.A. Scholtenstraat,in Groningen,16 m,,â‚¬ 320,p/m | incl. g/w/e,Kaal,01-10-2021,1 uur geleden geplaatst,https://kamernet.nl/huren/kamer-groningen/w.a.-scholtenstraat/kamer-1987024,"{'Woonkamer': ' Geen ', 'Keuken': ' Gedeeld ', 'Badkamer': ' Gedeeld ', 'Toilet': ' Gedeeld ', 'Internet': ' Ja ', 'Energielabel': ' Onbekend ', 'Huisgenoten': '  5 ', 'Geslacht': ' Vrouw ', 'Huisdieren': ' Nee '}",
Pahud de Mortangesdreef,in Utrecht,72 m,,â‚¬ 700,p/m | incl. g/w/e,Gestoffeerd,29-09-2021,1 uur geleden geplaatst,https://kamernet.nl/huren/appartement-utrecht/pahud-de-mortangesdreef/appartement-1987015,"{'Woonkamer': ' Gedeeld ', 'Keuken': ' Gedeeld ', 'Badkamer': ' Gedeeld ', 'Toilet': ' Gedeeld ', 'Internet': ' Ja ', 'Energielabel': ' Onbekend ', 'Huisdieren': ' Ja '}",
Markelerbergpad,in Amsterdam,15 m,Totale oppervlakte: 73 m 2,â‚¬ 875,p/m | incl. g/w/e,Gemeubileerd,15-09-2021 tot 31-08-2022,1 uur geleden geplaatst,https://kamernet.nl/huren/kamer-amsterdam/markelerbergpad/kamer-1987023,"{'Woonkamer': ' Gedeeld ', 'Keuken': ' Gedeeld ', 'Badkamer': ' Eigen ', 'Toilet': ' Eigen ', 'Internet': ' Ja ', 'Energielabel': ' Onbekend ', 'Huisgenoten': '  1 ', 'Geslacht': ' Man ', 'Huisdieren': ' Nee '}",
Sloterkade,in Amsterdam,16 m,Totale oppervlakte: 60 m 2,â‚¬ 700,p/m | incl. g/w/e,Gemeubileerd,12-09-2021 tot 12-10-2021,2 uur geleden geplaatst,https://kamernet.nl/huren/kamer-amsterdam/sloterkade/kamer-1987021,"{'Woonkamer': ' Gedeeld ', 'Keuken': ' Gedeeld ', 'Badkamer': ' Gedeeld ', 'Toilet': ' Gedeeld ', 'Internet': ' Ja ', 'Energielabel': ' Onbekend ', 'Huisgenoten': '  4  ', 'Geslacht': ' Man ', 'Huisdieren': ' Nee '}",
Lavendelstraat,in Amersfoort,35 m,,â‚¬ 525,p/m | excl. g/w/e,Gestoffeerd,15-09-2021,7 uur geleden geplaatst,https://kamernet.nl/huren/kamer-amersfoort/lavendelstraat/kamer-1986944,"{'Woonkamer': ' Onbekend ', 'Keuken': ' Onbekend ', 'Badkamer': ' Onbekend ', 'Toilet': ' Onbekend ', 'Internet': ' Onbekend ', 'Energielabel': ' Onbekend ', 'Huisgenoten': '  Onbekend  ', 'Geslacht': ' Onbekend ', 'Huisdieren': ' In overleg '}",
Madeliefstraat,in Rotterdam,13 m,Totale oppervlakte: 85 m 2,â‚¬ 600,p/m | incl. g/w/e,Gemeubileerd,07-09-2021,7 uur geleden geplaatst,https://kamernet.nl/huren/kamer-rotterdam/madeliefstraat/kamer-1986817,"{'Woonkamer': ' Gedeeld ', 'Keuken': ' Gedeeld ', 'Badkamer': ' Gedeeld ', 'Toilet': ' Gedeeld ', 'Internet': ' Ja ', 'Energielabel': ' Onbekend ', 'Huisgenoten': '  1 ', 'Geslacht': ' Gemengd ', 'Huisdieren': ' In overleg '}",
Willem Barentzstraat,in Eindhoven,12 m,,â‚¬ 280,p/m | incl. g/w/e,Gestoffeerd,01-10-2021,7 uur geleden geplaatst,https://kamernet.nl/huren/kamer-eindhoven/willem-barentzstraat/kamer-1986945,"{'Woonkamer': ' Geen ', 'Keuken': ' Gedeeld ', 'Badkamer': ' Gedeeld ', 'Toilet': ' Gedeeld ', 'Internet': ' Ja ', 'Energielabel': ' Onbekend ', 'Huisgenoten': '  4  ', 'Geslacht': ' Gemengd ', 'Huisdieren': ' Nee '}",
Oude Barneveldseweg,in Nijkerk,50 m,Totaal 2 kamers (1 slaapkamer) ,â‚¬ 1062,p/m | incl. g/w/e,Gestoffeerd,01-11-2021,7 uur geleden geplaatst,https://kamernet.nl/huren/appartement-nijkerk/oude-barneveldseweg/appartement-1986948,"{'Woonkamer': ' Eigen ', 'Keuken': ' Eigen ', 'Badkamer': ' Eigen ', 'Toilet': ' Eigen ', 'Internet': ' Ja ', 'Energielabel': ' B ', 'Huisdieren': ' Nee '}",
Parnassusweg,in Amsterdam,84 m,Totaal 3 kamers (2 slaapkamers) ,â‚¬ 1950,p/m | excl. g/w/e,Gemeubileerd,01-10-2021 tot 01-10-2023,7 uur geleden geplaatst,https://kamernet.nl/huren/appartement-amsterdam/parnassusweg/appartement-1986949,"{'Woonkamer': ' Eigen ', 'Keuken': ' Eigen ', 'Badkamer': ' Eigen ', 'Toilet': ' Eigen ', 'Internet': ' Nee ', 'Energielabel': ' Onbekend ', 'Huisdieren': ' Nee '}",
Jacoba van Beierenlaan,in Delft,12 m,Totale oppervlakte: 28 m 2,â‚¬ 390,p/m | incl. g/w/e,Gemeubileerd,01-10-2021,7 uur geleden geplaatst,https://kamernet.nl/huren/kamer-delft/jacoba-van-beierenlaan/kamer-1986877,"{'Woonkamer': ' Gedeeld ', 'Keuken': ' Gedeeld ', 'Badkamer': ' Gedeeld ', 'Toilet': ' Gedeeld ', 'Internet': ' Ja ', 'Energielabel': ' Onbekend ', 'Huisgenoten': '  3 ', 'Geslacht': ' Gemengd ', 'Huisdieren': ' Nee '}",
Marktstraat,in Groningen,9 m,,â‚¬ 375,p/m | incl. g/w/e,Kaal,01-10-2021,6 uur geleden geplaatst,https://kamernet.nl/huren/kamer-groningen/marktstraat/kamer-1986960,"{'Woonkamer': ' Gedeeld ', 'Keuken': ' Gedeeld ', 'Badkamer': ' Gedeeld ', 'Toilet': ' Gedeeld ', 'Internet': ' Ja ', 'Energielabel': ' Onbekend ', 'Huisgenoten': '  6 ', 'Geslacht': ' Man ', 'Huisdieren': ' Nee '}",
Enschedesestraat,in Hengelo,18 m,,â‚¬ 300,p/m | incl. g/w/e,Gestoffeerd,01-10-2021,6 uur geleden geplaatst,https://kamernet.nl/huren/kamer-hengelo/enschedesestraat/kamer-1986962,"{'Woonkamer': ' Geen ', 'Keuken': ' Gedeeld ', 'Badkamer': ' Gedeeld ', 'Toilet': ' Gedeeld ', 'Internet': ' Ja ', 'Energielabel': ' Onbekend ', 'Huisgenoten': '  Onbekend  ', 'Geslacht': ' Onbekend ', 'Huisdieren': ' Nee '}",
Tesselsestraat,in Den Haag,70 m,Totaal 4 kamers (3 slaapkamers) ,â‚¬ 995,p/m | excl. g/w/e,Kaal,01-10-2021,5 uur geleden geplaatst,https://kamernet.nl/huren/appartement-den-haag/tesselsestraat/appartement-1986974,"{'Woonkamer': ' Eigen ', 'Keuken': ' Eigen ', 'Badkamer': ' Eigen ', 'Toilet': ' Eigen ', 'Internet': ' Onbekend ', 'Energielabel': ' Onbekend ', 'Huisdieren': ' Nee '}",
Stuwstraat,in Den Haag,38 m,Totaal 1 kamer (1 slaapkamer) ,â‚¬ 680,p/m | incl. g/w/e,Gemeubileerd,01-10-2021,4 uur geleden geplaatst,https://kamernet.nl/huren/studio-den-haag/stuwstraat/studio-1986984,"{'Woonkamer': ' Eigen ', 'Keuken': ' Eigen ', 'Badkamer': ' Eigen ', 'Toilet': ' Eigen ', 'Internet': ' Ja ', 'Energielabel': ' Onbekend ', 'Huisdieren': ' Nee '}",
Leenhofstraat,in Amsterdam,9 m,,â‚¬ 600,p/m | incl. g/w/e,Gemeubileerd,01-11-2021,4 uur geleden geplaatst,https://kamernet.nl/huren/kamer-amsterdam/leenhofstraat/kamer-1986956,"{'Woonkamer': ' Geen ', 'Keuken': ' Gedeeld ', 'Badkamer': ' Gedeeld ', 'Toilet': ' Gedeeld ', 'Internet': ' Ja ', 'Energielabel': ' Onbekend ', 'Huisgenoten': '  1 ', 'Geslacht': ' Vrouw ', 'Huisdieren': ' Nee '}",
Caspar Fagelstraat,in Delft,12 m,Totale oppervlakte: 100 m 2,â‚¬ 450,p/m | incl. g/w/e,Gestoffeerd,08-09-2021,4 uur geleden geplaatst,https://kamernet.nl/huren/kamer-delft/caspar-fagelstraat/kamer-1986988,"{'Woonkamer': ' Gedeeld ', 'Keuken': ' Gedeeld ', 'Badkamer': ' Gedeeld ', 'Toilet': ' Gedeeld ', 'Internet': ' Ja ', 'Energielabel': ' Onbekend ', 'Huisgenoten': '  2 ', 'Geslacht': ' Man ', 'Huisdieren': ' Nee '}",
Wallesteinlaan,in Utrecht,15 m,Totale oppervlakte: 20 m 2,â‚¬ 675,p/m | incl. g/w/e,Gemeubileerd,09-09-2021 tot 30-11-2021,4 uur geleden geplaatst,https://kamernet.nl/huren/kamer-utrecht/wallesteinlaan/kamer-1986961,"{'Woonkamer': ' Geen ', 'Keuken': ' Gedeeld ', 'Badkamer': ' Gedeeld ', 'Toilet': ' Gedeeld ', 'Internet': ' Ja ', 'Energielabel': ' B ', 'Huisgenoten': '  3 ', 'Geslacht': ' Man ', 'Huisdieren': ' Nee '}",
Hortuslaan,in Sassenheim,66 m,,â‚¬ 363,p/m | excl. g/w/e,Kaal,07-09-2021,Gisteren geplaatst,https://kamernet.nl/huren/kamer-sassenheim/hortuslaan/kamer-1986705,"{'Woonkamer': ' Onbekend ', 'Keuken': ' Onbekend ', 'Badkamer': ' Onbekend ', 'Toilet': ' Onbekend ', 'Internet': ' Onbekend ', 'Energielabel': ' Onbekend ', 'Huisgenoten': '  Onbekend  ', 'Geslacht': ' Onbekend ', 'Huisdieren': ' In overleg '}",
Boterdiep,in Groningen,24 m,,â‚¬ 475,p/m | incl. g/w/e,Gemeubileerd,08-10-2021 tot 23-01-2022,4 uur geleden geplaatst,https://kamernet.nl/huren/kamer-groningen/boterdiep/kamer-1986959,"{'Woonkamer': ' Eigen ', 'Keuken': ' Eigen ', 'Badkamer': ' Eigen ', 'Toilet': ' Gedeeld ', 'Internet': ' Ja ', 'Energielabel': ' Onbekend ', 'Huisgenoten': '  5 ', 'Geslacht': ' Gemengd ', 'Huisdieren': ' Nee '}",
Hildebranddreef,in Utrecht,15 m,,â‚¬ 500,p/m | incl. g/w/e,Gestoffeerd,24-08-2021,4 uur geleden geplaatst,https://kamernet.nl/huren/kamer-utrecht/hildebranddreef/kamer-1986970,"{'Woonkamer': ' Geen ', 'Keuken': ' Gedeeld ', 'Badkamer': ' Gedeeld ', 'Toilet': ' Gedeeld ', 'Internet': ' Ja ', 'Energielabel': ' Onbekend ', 'Huisgenoten': '  1 ', 'Geslacht': ' Onbekend ', 'Huisdieren': ' Nee '}",
Paterswoldseweg,in Groningen,29 m,Totaal 1 kamer (1 slaapkamer) ,â‚¬ 785,p/m | incl. g/w/e,Gestoffeerd,15-09-2021,4 uur geleden geplaatst,https://kamernet.nl/huren/studio-groningen/paterswoldseweg/studio-1986973,"{'Woonkamer': ' Eigen ', 'Keuken': ' Eigen ', 'Badkamer': ' Eigen ', 'Toilet': ' Eigen ', 'Internet': ' Ja ', 'Energielabel': ' Onbekend ', 'Huisdieren': ' Nee '}",
Jonker Fransstraat,in Rotterdam,45 m,Totaal 2 kamers,â‚¬ 950,p/m | excl. g/w/e,Gemeubileerd,08-09-2021,4 uur geleden geplaatst,https://kamernet.nl/huren/appartement-rotterdam/jonker-fransstraat/appartement-1986977,"{'Woonkamer': ' Onbekend ', 'Keuken': ' Onbekend ', 'Badkamer': ' Onbekend ', 'Toilet': ' Onbekend ', 'Internet': ' Onbekend ', 'Energielabel': ' Onbekend ', 'Huisdieren': ' Nee '}",
Kortgenestraat,in Rotterdam,65 m,Totaal 4 kamers,â‚¬ 995,p/m | excl. g/w/e,Gestoffeerd,08-09-2021,4 uur geleden geplaatst,https://kamernet.nl/huren/appartement-rotterdam/kortgenestraat/appartement-1986979,"{'Woonkamer': ' Onbekend ', 'Keuken': ' Onbekend ', 'Badkamer': ' Onbekend ', 'Toilet': ' Onbekend ', 'Internet': ' Onbekend ', 'Energielabel': ' Onbekend ', 'Huisdieren': ' Nee '}",
Mijnsherenlaan,in Rotterdam,61 m,Totaal 3 kamers,â‚¬ 895,p/m | excl. g/w/e,Gestoffeerd,08-09-2021,4 uur geleden geplaatst,https://kamernet.nl/huren/appartement-rotterdam/mijnsherenlaan/appartement-1986978,"{'Woonkamer': ' Onbekend ', 'Keuken': ' Onbekend ', 'Badkamer': ' Onbekend ', 'Toilet': ' Onbekend ', 'Internet': ' Onbekend ', 'Energielabel': ' Onbekend ', 'Huisdieren': ' Nee '}",
Willem van Noortstraat,in Arnhem,18 m,Totaal 1 kamer,â‚¬ 450,p/m | incl. g/w/e,Gestoffeerd,08-09-2021,4 uur geleden geplaatst,https://kamernet.nl/huren/appartement-arnhem/willem-van-noortstraat/appartement-1986982,"{'Woonkamer': ' Onbekend ', 'Keuken': ' Onbekend ', 'Badkamer': ' Onbekend ', 'Toilet': ' Onbekend ', 'Internet': ' Onbekend ', 'Energielabel': ' Onbekend ', 'Huisdieren': ' Nee '}",
Eva Besnyostraat,in Amsterdam,93 m,Totaal 3 kamers,â‚¬ 1650,p/m | excl. g/w/e,Gestoffeerd,08-09-2021,4 uur geleden geplaatst,https://kamernet.nl/huren/appartement-amsterdam/eva-besnyostraat/appartement-1986983,"{'Woonkamer': ' Onbekend ', 'Keuken': ' Onbekend ', 'Badkamer': ' Onbekend ', 'Toilet': ' Onbekend ', 'Internet': ' Onbekend ', 'Energielabel': ' Onbekend ', 'Huisdieren': ' Nee '}",
Voorstreek,in Leeuwarden,35 m,Totaal 1 kamer,â‚¬ 668,p/m | incl. g/w/e,Gestoffeerd,08-09-2021,4 uur geleden geplaatst,https://kamernet.nl/huren/appartement-leeuwarden/voorstreek/appartement-1986976,"{'Woonkamer': ' Onbekend ', 'Keuken': ' Onbekend ', 'Badkamer': ' Onbekend ', 'Toilet': ' Onbekend ', 'Internet': ' Onbekend ', 'Energielabel': ' Onbekend ', 'Huisdieren': ' Nee '}",
Steenstraat,in Arnhem,12 m,Totaal 1 kamer,â‚¬ 303,p/m | incl. g/w/e,Gestoffeerd,08-09-2021,4 uur geleden geplaatst,https://kamernet.nl/huren/appartement-arnhem/steenstraat/appartement-1986981,"{'Woonkamer': ' Onbekend ', 'Keuken': ' Onbekend ', 'Badkamer': ' Onbekend ', 'Toilet': ' Onbekend ', 'Internet': ' Onbekend ', 'Energielabel': ' Onbekend ', 'Huisdieren': ' Nee '}",
Koeplein,in Leeuwarden,15 m,Totale oppervlakte: 10 m 2,â‚¬ 350,p/m | incl. g/w/e,Kaal,03-10-2021,3 uur geleden geplaatst,https://kamernet.nl/huren/kamer-leeuwarden/koeplein/kamer-1987005,"{'Woonkamer': ' Eigen ', 'Keuken': ' Eigen ', 'Badkamer': ' Gedeeld ', 'Toilet': ' Gedeeld ', 'Internet': ' Ja ', 'Energielabel': ' Onbekend ', 'Huisgenoten': '  3 ', 'Geslacht': ' Vrouw ', 'Huisdieren': ' Nee '}",
Klarendalseweg,in Arnhem,28 m,Totaal 2 kamers,â‚¬ 434,p/m | incl. g/w/e,Gestoffeerd,08-09-2021,4 uur geleden geplaatst,https://kamernet.nl/huren/appartement-arnhem/klarendalseweg/appartement-1986980,"{'Woonkamer': ' Onbekend ', 'Keuken': ' Onbekend ', 'Badkamer': ' Onbekend ', 'Toilet': ' Onbekend ', 'Internet': ' Onbekend ', 'Energielabel': ' Onbekend ', 'Huisdieren': ' Nee '}",
Ambiorixweg,in Maastricht,12 m,Totale oppervlakte: 120 m 2,â‚¬ 450,p/m | incl. g/w/e,Gemeubileerd,08-09-2021,7 uur geleden geplaatst,https://kamernet.nl/huren/kamer-maastricht/ambiorixweg/kamer-1986907,"{'Woonkamer': ' Gedeeld ', 'Keuken': ' Gedeeld ', 'Badkamer': ' Gedeeld ', 'Toilet': ' Gedeeld ', 'Internet': ' Ja ', 'Energielabel': ' Onbekend ', 'Huisgenoten': '  1 ', 'Geslacht': ' Man ', 'Huisdieren': ' Nee '}",
Doornenburg,in Deventer,10 m,Totale oppervlakte: 60 m 2,â‚¬ 305,p/m | incl. g/w/e,Gestoffeerd,01-10-2021,7 uur geleden geplaatst,https://kamernet.nl/huren/kamer-deventer/doornenburg/kamer-1986913,"{'Woonkamer': ' Gedeeld ', 'Keuken': ' Gedeeld ', 'Badkamer': ' Gedeeld ', 'Toilet': ' Gedeeld ', 'Internet': ' Ja ', 'Energielabel': ' Onbekend ', 'Huisgenoten': '  4  ', 'Geslacht': ' Vrouw ', 'Huisdieren': ' Nee '}",
Orpheuslaan,in Eindhoven,12 m,Totale oppervlakte: 120 m 2,â‚¬ 400,p/m | incl. g/w/e,Gemeubileerd,07-09-2021,7 uur geleden geplaatst,https://kamernet.nl/huren/kamer-eindhoven/orpheuslaan/kamer-1986919,"{'Woonkamer': ' Gedeeld ', 'Keuken': ' Gedeeld ', 'Badkamer': ' Eigen ', 'Toilet': ' Eigen ', 'Internet': ' Ja ', 'Energielabel': ' C ', 'Huisgenoten': '  1 ', 'Geslacht': ' Man ', 'Huisdieren': ' Nee '}",
Weteringkade,in Den Haag,13 m,,â‚¬ 485,p/m | incl. g/w/e,Gestoffeerd,01-11-2021,3 uur geleden geplaatst,https://kamernet.nl/huren/kamer-den-haag/weteringkade/kamer-1986985,"{'Woonkamer': ' Gedeeld ', 'Keuken': ' Gedeeld ', 'Badkamer': ' Gedeeld ', 'Toilet': ' Gedeeld ', 'Internet': ' Ja ', 'Energielabel': ' Onbekend ', 'Huisgenoten': '  3 ', 'Geslacht': ' Vrouw ', 'Huisdieren': ' Nee '}",
Schiekade,in Rotterdam,20 m,,â‚¬ 700,p/m | excl. g/w/e,Gemeubileerd,08-09-2021,7 uur geleden geplaatst,https://kamernet.nl/huren/appartement-rotterdam/schiekade/appartement-1986935,"{'Woonkamer': ' Onbekend ', 'Keuken': ' Onbekend ', 'Badkamer': ' Onbekend ', 'Toilet': ' Onbekend ', 'Internet': ' Onbekend ', 'Energielabel': ' Onbekend ', 'Huisdieren': ' In overleg '}",
Minckelersstraat,in Den Haag,78 m,,â‚¬ 925,p/m | excl. g/w/e,Gestoffeerd,10-09-2021,7 uur geleden geplaatst,https://kamernet.nl/huren/appartement-den-haag/minckelersstraat/appartement-1986933,"{'Woonkamer': ' Eigen ', 'Keuken': ' Eigen ', 'Badkamer': ' Eigen ', 'Toilet': ' Eigen ', 'Internet': ' Nee ', 'Energielabel': ' Onbekend ', 'Huisdieren': ' Nee '}",
Garenmarkt,in Leiden,50 m,Totaal 2 kamers,â‚¬ 1350,p/m | excl. g/w/e,Gestoffeerd,08-09-2021,7 uur geleden geplaatst,https://kamernet.nl/huren/appartement-leiden/garenmarkt/appartement-1986939,"{'Woonkamer': ' Onbekend ', 'Keuken': ' Onbekend ', 'Badkamer': ' Onbekend ', 'Toilet': ' Onbekend ', 'Internet': ' Onbekend ', 'Energielabel': ' Onbekend ', 'Huisdieren': ' In overleg '}",
Ringbaan-Oost,in Tilburg,23 m,,â‚¬ 375,p/m | excl. g/w/e,Gestoffeerd,08-09-2021,7 uur geleden geplaatst,https://kamernet.nl/huren/kamer-tilburg/ringbaan-oost/kamer-1986937,"{'Woonkamer': ' Onbekend ', 'Keuken': ' Onbekend ', 'Badkamer': ' Onbekend ', 'Toilet': ' Onbekend ', 'Internet': ' Onbekend ', 'Energielabel': ' Onbekend ', 'Huisgenoten': '  Onbekend  ', 'Geslacht': ' Onbekend ', 'Huisdieren': ' In overleg '}",
Burgemeester Gaarlandtsingel,in Gouda,30 m,,â‚¬ 800,p/m | incl. g/w/e,Gemeubileerd,08-09-2021 tot 09-04-2022,4 uur geleden geplaatst,https://kamernet.nl/huren/kamer-gouda/burgemeester-gaarlandtsingel/kamer-1986999,"{'Woonkamer': ' Eigen ', 'Keuken': ' Gedeeld ', 'Badkamer': ' Gedeeld ', 'Toilet': ' Gedeeld ', 'Internet': ' Ja ', 'Energielabel': ' Onbekend ', 'Huisgenoten': '  1 ', 'Geslacht': ' Vrouw ', 'Huisdieren': ' Ja '}",
Mr. Sickeszlaan,in Utrecht,65 m,Totaal 2 kamers (1 slaapkamer) ,â‚¬ 1250,p/m | incl. g/w/e,Gestoffeerd,15-09-2021,7 uur geleden geplaatst,https://kamernet.nl/huren/appartement-utrecht/mr.-sickeszlaan/appartement-1986932,"{'Woonkamer': ' Eigen ', 'Keuken': ' Eigen ', 'Badkamer': ' Eigen ', 'Toilet': ' Eigen ', 'Internet': ' Ja ', 'Energielabel': ' Onbekend ', 'Huisdieren': ' Nee '}",
Schouwburgring,in Tilburg,26 m,,â‚¬ 704,p/m | excl. g/w/e,Gestoffeerd,01-12-2021,11 uur geleden geplaatst,https://kamernet.nl/huren/studio-tilburg/schouwburgring/studio-1987406,"{'Woonkamer': ' Onbekend ', 'Keuken': ' Onbekend ', 'Badkamer': ' Onbekend ', 'Toilet': ' Onbekend ', 'Internet': ' Onbekend ', 'Energielabel': ' Onbekend ', 'Huisdieren': ' In overleg '}",
Koekangestraat,in Den Haag,60 m,Totaal 3 kamers (2 slaapkamers) ,â‚¬ 895,p/m | excl. g/w/e,Gestoffeerd,09-09-2021 tot 30-09-2023,Gisteren geplaatst,https://kamernet.nl/huren/appartement-den-haag/koekangestraat/appartement-1987347,"{'Woonkamer': ' Eigen ', 'Keuken': ' Eigen ', 'Badkamer': ' Eigen ', 'Toilet': ' Eigen ', 'Internet': ' Ja ', 'Energielabel': ' D ', 'Huisdieren': ' Nee '}",
1e Vegelindwarsstraat,in Leeuwarden,100 m,Totaal 4 kamers (3 slaapkamers) ,â‚¬ 950,p/m | excl. g/w/e,Gestoffeerd,08-09-2021,Gisteren geplaatst,https://kamernet.nl/huren/appartement-leeuwarden/1e-vegelindwarsstraat/appartement-1986967,"{'Woonkamer': ' Eigen ', 'Keuken': ' Eigen ', 'Badkamer': ' Eigen ', 'Toilet': ' Eigen ', 'Internet': ' Nee ', 'Energielabel': ' Onbekend ', 'Huisdieren': ' Nee '}",
Driekoningenstraat,in Arnhem,25 m,,â‚¬ 497,p/m | incl. g/w/e,Gestoffeerd,01-10-2021,2 dagen geleden geplaatst,https://kamernet.nl/huren/kamer-arnhem/driekoningenstraat/kamer-1987227,"{'Woonkamer': ' Eigen ', 'Keuken': ' Gedeeld ', 'Badkamer': ' Gedeeld ', 'Toilet': ' Gedeeld ', 'Internet': ' Ja ', 'Energielabel': ' Onbekend ', 'Huisgenoten': '  1 ', 'Geslacht': ' Gemengd ', 'Huisdieren': ' Nee '}",
Klaprozenweg,in Amsterdam,192 m,,â‚¬ 2500,p/m | excl. g/w/e,Gemeubileerd,15-09-2021 tot 31-08-2023,2 dagen geleden geplaatst,https://kamernet.nl/huren/kamer-amsterdam/klaprozenweg/kamer-1987077,"{'Woonkamer': ' Eigen ', 'Keuken': ' Eigen ', 'Badkamer': ' Eigen ', 'Toilet': ' Eigen ', 'Internet': ' Nee ', 'Energielabel': ' A ', 'Huisgenoten': '  Onbekend  ', 'Geslacht': ' Onbekend ', 'Huisdieren': ' Ja '}",
Bilderdijkstraat,in Rotterdam,12 m,,â‚¬ 550,p/m | incl. g/w/e,Gemeubileerd,01-10-2021,6 uur geleden geplaatst,https://kamernet.nl/huren/kamer-rotterdam/bilderdijkstraat/kamer-1987518,"{'Woonkamer': ' Eigen ', 'Keuken': ' Gedeeld ', 'Badkamer': ' Gedeeld ', 'Toilet': ' Gedeeld ', 'Internet': ' Ja ', 'Energielabel': ' Onbekend ', 'Huisgenoten': '  1 ', 'Geslacht': ' Man ', 'Huisdieren': ' Nee '}",
Groenstraat,in Tilburg,22 m,,â‚¬ 530,p/m | excl. g/w/e,Gestoffeerd,01-10-2021,2 dagen geleden geplaatst,https://kamernet.nl/huren/studio-tilburg/groenstraat/studio-1987131,"{'Woonkamer': ' Onbekend ', 'Keuken': ' Onbekend ', 'Badkamer': ' Onbekend ', 'Toilet': ' Onbekend ', 'Internet': ' Onbekend ', 'Energielabel': ' Onbekend ', 'Huisdieren': ' Nee '}",
Telegraafstraat,in Tilburg,25 m,Totaal 1 kamer,â‚¬ 675,p/m | excl. g/w/e,Gestoffeerd,15-09-2021,2 dagen geleden geplaatst,https://kamernet.nl/huren/appartement-tilburg/telegraafstraat/appartement-1987132,"{'Woonkamer': ' Onbekend ', 'Keuken': ' Onbekend ', 'Badkamer': ' Onbekend ', 'Toilet': ' Onbekend ', 'Internet': ' Onbekend ', 'Energielabel': ' Onbekend ', 'Huisdieren': ' Nee '}",
Overtoom,in Amsterdam,74 m,,â‚¬ 1950,p/m | excl. g/w/e,Gemeubileerd,15-09-2021,2 dagen geleden geplaatst,https://kamernet.nl/huren/appartement-amsterdam/overtoom/appartement-1987147,"{'Woonkamer': ' Onbekend ', 'Keuken': ' Onbekend ', 'Badkamer': ' Onbekend ', 'Toilet': ' Onbekend ', 'Internet': ' Onbekend ', 'Energielabel': ' Onbekend ', 'Huisdieren': ' Nee '}",
Deventerweg,in Epse,16 m,Totale oppervlakte: 70 m 2,â‚¬ 310,p/m | incl. g/w/e,Gestoffeerd,01-10-2021,2 dagen geleden geplaatst,https://kamernet.nl/huren/kamer-epse/deventerweg/kamer-1987179,"{'Woonkamer': ' Geen ', 'Keuken': ' Gedeeld ', 'Badkamer': ' Gedeeld ', 'Toilet': ' Gedeeld ', 'Internet': ' Ja ', 'Energielabel': ' Onbekend ', 'Huisgenoten': '  Onbekend  ', 'Geslacht': ' Onbekend ', 'Huisdieren': ' Nee '}",
Boomberglaan,in Hilversum,17 m,,â‚¬ 400,p/m | incl. g/w/e,Kaal,01-10-2021,2 dagen geleden geplaatst,https://kamernet.nl/huren/kamer-hilversum/boomberglaan/kamer-1987118,"{'Woonkamer': ' Geen ', 'Keuken': ' Gedeeld ', 'Badkamer': ' Gedeeld ', 'Toilet': ' Gedeeld ', 'Internet': ' Ja ', 'Energielabel': ' Onbekend ', 'Huisgenoten': '  Meer dan 8 ', 'Geslacht': ' Gemengd ', 'Huisdieren': ' Nee '}",
Schoutsakker,in Schoorl,30 m,Totaal 3 kamers (1 slaapkamer) ,â‚¬ 650,p/m | incl. g/w/e,Gemeubileerd,01-10-2021 tot 15-04-2022,2 dagen geleden geplaatst,https://kamernet.nl/huren/studio-schoorl/schoutsakker/studio-1987174,"{'Woonkamer': ' Eigen ', 'Keuken': ' Eigen ', 'Badkamer': ' Eigen ', 'Toilet': ' Eigen ', 'Internet': ' Ja ', 'Energielabel': ' Onbekend ', 'Huisdieren': ' Nee '}",
Celebesstraat,in Enschede,10 m,,â‚¬ 350,p/m | incl. g/w/e,Gemeubileerd,01-10-2021,2 dagen geleden geplaatst,https://kamernet.nl/huren/kamer-enschede/celebesstraat/kamer-1987092,"{'Woonkamer': ' Gedeeld ', 'Keuken': ' Gedeeld ', 'Badkamer': ' Gedeeld ', 'Toilet': ' Gedeeld ', 'Internet': ' Ja ', 'Energielabel': ' Onbekend ', 'Huisgenoten': '  3 ', 'Geslacht': ' Gemengd ', 'Huisdieren': ' Nee '}",
Kochstraat,in Groningen,12 m,,â‚¬ 385,p/m | incl. g/w/e,Gestoffeerd,01-10-2021,2 dagen geleden geplaatst,https://kamernet.nl/huren/kamer-groningen/kochstraat/kamer-1987178,"{'Woonkamer': ' Geen ', 'Keuken': ' Gedeeld ', 'Badkamer': ' Gedeeld ', 'Toilet': ' Gedeeld ', 'Internet': ' Ja ', 'Energielabel': ' Onbekend ', 'Huisgenoten': '  2 ', 'Geslacht': ' Man ', 'Huisdieren': ' Nee '}",
Van Zeggelenlaan,in Den Haag,65 m,Totaal 3 kamers (2 slaapkamers) ,â‚¬ 1295,p/m | excl. g/w/e,Gestoffeerd,10-09-2021,2 dagen geleden geplaatst,https://kamernet.nl/huren/appartement-den-haag/van-zeggelenlaan/appartement-1987181,"{'Woonkamer': ' Eigen ', 'Keuken': ' Eigen ', 'Badkamer': ' Eigen ', 'Toilet': ' Eigen ', 'Internet': ' Nee ', 'Energielabel': ' C ', 'Huisdieren': ' Nee '}",
Wapendragerstraat,in Eindhoven,9 m,,â‚¬ 238,p/m | excl. g/w/e,Gestoffeerd,01-10-2021,2 dagen geleden geplaatst,https://kamernet.nl/huren/kamer-eindhoven/wapendragerstraat/kamer-1987098,"{'Woonkamer': ' Geen ', 'Keuken': ' Gedeeld ', 'Badkamer': ' Gedeeld ', 'Toilet': ' Gedeeld ', 'Internet': ' Ja ', 'Energielabel': ' B ', 'Huisgenoten': '  4  ', 'Geslacht': ' Gemengd ', 'Huisdieren': ' Nee '}",
Poederooienstraat,in Amsterdam,9 m,,â‚¬ 600,p/m | incl. g/w/e,Gemeubileerd,01-10-2021,2 dagen geleden geplaatst,https://kamernet.nl/huren/kamer-amsterdam/poederooienstraat/kamer-1753222,"{'Woonkamer': ' Gedeeld ', 'Keuken': ' Gedeeld ', 'Badkamer': ' Gedeeld ', 'Toilet': ' Gedeeld ', 'Internet': ' Ja ', 'Energielabel': ' Onbekend ', 'Huisgenoten': '  2 ', 'Geslacht': ' Man ', 'Huisdieren': ' Nee '}",
Werkhovenstraat,in Amsterdam,10 m,,â‚¬ 300,p/m | incl. g/w/e,Gemeubileerd,10-09-2021,2 dagen geleden geplaatst,https://kamernet.nl/huren/kamer-amsterdam/werkhovenstraat/kamer-1987107,"{'Woonkamer': ' Gedeeld ', 'Keuken': ' Gedeeld ', 'Badkamer': ' Gedeeld ', 'Toilet': ' Gedeeld ', 'Internet': ' Ja ', 'Energielabel': ' Onbekend ', 'Huisgenoten': '  3 ', 'Geslacht': ' Gemengd ', 'Huisdieren': ' Nee '}",
Pelikaanstraat,in Hilversum,12 m,Totale oppervlakte: 13 m 2,â‚¬ 300,p/m | excl. g/w/e,Gemeubileerd,09-09-2021,2 dagen geleden geplaatst,https://kamernet.nl/huren/kamer-hilversum/pelikaanstraat/kamer-1987128,"{'Woonkamer': ' Eigen ', 'Keuken': ' Gedeeld ', 'Badkamer': ' Gedeeld ', 'Toilet': ' Gedeeld ', 'Internet': ' Ja ', 'Energielabel': ' Onbekend ', 'Huisgenoten': '  1 ', 'Geslacht': ' Man ', 'Huisdieren': ' Nee '}",
Ekangala,in Amsterdam,14 m,,â‚¬ 650,p/m | incl. g/w/e,Gemeubileerd,13-09-2021,2 dagen geleden geplaatst,https://kamernet.nl/huren/kamer-amsterdam/ekangala/kamer-1975964,"{'Woonkamer': ' Onbekend ', 'Keuken': ' Gedeeld ', 'Badkamer': ' Gedeeld ', 'Toilet': ' Gedeeld ', 'Internet': ' Ja ', 'Energielabel': ' Onbekend ', 'Huisgenoten': '  5 ', 'Geslacht': ' Gemengd ', 'Huisdieren': ' Nee '}",
Hatertseweg,in Nijmegen,20 m,Totale oppervlakte: 5 m 2,â‚¬ 825,p/m | incl. g/w/e,Gestoffeerd,01-10-2021,2 dagen geleden geplaatst,https://kamernet.nl/huren/kamer-nijmegen/hatertseweg/kamer-1987194,"{'Woonkamer': ' Eigen ', 'Keuken': ' Eigen ', 'Badkamer': ' Eigen ', 'Toilet': ' Eigen ', 'Internet': ' Ja ', 'Energielabel': ' Onbekend ', 'Huisgenoten': '  Onbekend  ', 'Geslacht': ' Onbekend ', 'Huisdieren': ' Nee '}",
H.M. Kraaijvangerstraat,in Amsterdam,25 m,,â‚¬ 1295,p/m | incl. g/w/e,Gemeubileerd,01-10-2021,2 dagen geleden geplaatst,https://kamernet.nl/huren/studio-amsterdam/h.m.-kraaijvangerstraat/studio-1987195,"{'Woonkamer': ' Eigen ', 'Keuken': ' Eigen ', 'Badkamer': ' Eigen ', 'Toilet': ' Eigen ', 'Internet': ' Ja ', 'Energielabel': ' A ', 'Huisdieren': ' Nee '}",
Arent Krijtsstraat,in Diemen,70 m,Totaal 4 kamers (3 slaapkamers) ,â‚¬ 1980,p/m | excl. g/w/e,Gemeubileerd,01-10-2021,2 dagen geleden geplaatst,https://kamernet.nl/huren/appartement-diemen/arent-krijtsstraat/appartement-1987201,"{'Woonkamer': ' Gedeeld ', 'Keuken': ' Gedeeld ', 'Badkamer': ' Gedeeld ', 'Toilet': ' Gedeeld ', 'Internet': ' Nee ', 'Energielabel': ' D ', 'Huisdieren': ' Nee '}",
Arnodreef,in Utrecht,10 m,,â‚¬ 700,p/m | incl. g/w/e,Gestoffeerd,02-10-2021,2 dagen geleden geplaatst,https://kamernet.nl/huren/kamer-utrecht/arnodreef/kamer-1987216,"{'Woonkamer': ' Gedeeld ', 'Keuken': ' Gedeeld ', 'Badkamer': ' Gedeeld ', 'Toilet': ' Gedeeld ', 'Internet': ' Ja ', 'Energielabel': ' B ', 'Huisgenoten': '  2 ', 'Geslacht': ' Gemengd ', 'Huisdieren': ' Nee '}",
Kuipersdijk,in Enschede,13 m,,â‚¬ 340,p/m | incl. g/w/e,Gestoffeerd,09-09-2021,2 dagen geleden geplaatst,https://kamernet.nl/huren/kamer-enschede/kuipersdijk/kamer-1987220,"{'Woonkamer': ' Gedeeld ', 'Keuken': ' Gedeeld ', 'Badkamer': ' Gedeeld ', 'Toilet': ' Gedeeld ', 'Internet': ' Ja ', 'Energielabel': ' Onbekend ', 'Huisgenoten': '  7 ', 'Geslacht': ' Gemengd ', 'Huisdieren': ' Nee '}",
Paul Krugerstraat,in Vlissingen,12 m,,â‚¬ 300,p/m | incl. g/w/e,Gestoffeerd,09-09-2021,2 dagen geleden geplaatst,https://kamernet.nl/huren/kamer-vlissingen/paul-krugerstraat/kamer-1987175,"{'Woonkamer': ' Gedeeld ', 'Keuken': ' Gedeeld ', 'Badkamer': ' Gedeeld ', 'Toilet': ' Gedeeld ', 'Internet': ' Ja ', 'Energielabel': ' Onbekend ', 'Huisgenoten': '  3 ', 'Geslacht': ' Onbekend ', 'Huisdieren': ' Nee '}",
Johan de Wittlaan,in Arnhem,32 m,,â‚¬ 535,p/m | incl. g/w/e,Gestoffeerd,01-11-2021,2 dagen geleden geplaatst,https://kamernet.nl/huren/kamer-arnhem/johan-de-wittlaan/kamer-1987166,"{'Woonkamer': ' Eigen ', 'Keuken': ' Eigen ', 'Badkamer': ' Gedeeld ', 'Toilet': ' Eigen ', 'Internet': ' Ja ', 'Energielabel': ' C ', 'Huisgenoten': '  Onbekend  ', 'Geslacht': ' Onbekend ', 'Huisdieren': ' Nee '}",
Ruys de Beerenbrouckstraat,in Amsterdam,18 m,,â‚¬ 680,p/m | excl. g/w/e,Gemeubileerd,01-10-2021,2 dagen geleden geplaatst,https://kamernet.nl/huren/kamer-amsterdam/ruys-de-beerenbrouckstraat/kamer-1987187,"{'Woonkamer': ' Gedeeld ', 'Keuken': ' Gedeeld ', 'Badkamer': ' Gedeeld ', 'Toilet': ' Gedeeld ', 'Internet': ' Ja ', 'Energielabel': ' Onbekend ', 'Huisgenoten': '  3 ', 'Geslacht': ' Vrouw ', 'Huisdieren': ' Nee '}",
Elisabethstraat,in Rotterdam,45 m,Totaal 2 kamers (1 slaapkamer) ,â‚¬ 1150,p/m | incl. g/w/e,Gemeubileerd,09-09-2021,2 dagen geleden geplaatst,https://kamernet.nl/huren/appartement-rotterdam/elisabethstraat/appartement-1987177,"{'Woonkamer': ' Eigen ', 'Keuken': ' Eigen ', 'Badkamer': ' Eigen ', 'Toilet': ' Eigen ', 'Internet': ' Ja ', 'Energielabel': ' Onbekend ', 'Huisdieren': ' Nee '}",
Borggrevelanden,in Enschede,11 m,,â‚¬ 350,p/m | incl. g/w/e,Gestoffeerd,01-10-2021,2 dagen geleden geplaatst,https://kamernet.nl/huren/kamer-enschede/borggrevelanden/kamer-1987041,"{'Woonkamer': ' Gedeeld ', 'Keuken': ' Gedeeld ', 'Badkamer': ' Gedeeld ', 'Toilet': ' Gedeeld ', 'Internet': ' Ja ', 'Energielabel': ' Onbekend ', 'Huisgenoten': '  3 ', 'Geslacht': ' Man ', 'Huisdieren': ' In overleg '}",
Grote Visserijstraat,in Rotterdam,17 m,,â‚¬ 550,p/m | incl. g/w/e,Gestoffeerd,15-09-2021,2 dagen geleden geplaatst,https://kamernet.nl/huren/appartement-rotterdam/grote-visserijstraat/appartement-1987117,"{'Woonkamer': ' Eigen ', 'Keuken': ' Eigen ', 'Badkamer': ' Eigen ', 'Toilet': ' Eigen ', 'Internet': ' Ja ', 'Energielabel': ' D ', 'Huisdieren': ' Nee '}",
Surinamestraat,in Utrecht,11 m,Totale oppervlakte: 50 m 2,â‚¬ 600,p/m | excl. g/w/e,Gestoffeerd,17-10-2021,2 dagen geleden geplaatst,https://kamernet.nl/huren/kamer-utrecht/surinamestraat/kamer-1986991,"{'Woonkamer': ' Gedeeld ', 'Keuken': ' Gedeeld ', 'Badkamer': ' Gedeeld ', 'Toilet': ' Gedeeld ', 'Internet': ' Ja ', 'Energielabel': ' Onbekend ', 'Huisgenoten': '  1 ', 'Geslacht': ' Man ', 'Huisdieren': ' Nee '}",
Stadsgravenstraat,in Enschede,12 m,Totale oppervlakte: 20 m 2,â‚¬ 400,p/m | incl. g/w/e,Kaal,08-09-2021 tot 01-03-2024,2 dagen geleden geplaatst,https://kamernet.nl/huren/kamer-enschede/stadsgravenstraat/kamer-1987058,"{'Woonkamer': ' Gedeeld ', 'Keuken': ' Gedeeld ', 'Badkamer': ' Gedeeld ', 'Toilet': ' Gedeeld ', 'Internet': ' Ja ', 'Energielabel': ' Onbekend ', 'Huisgenoten': '  1 ', 'Geslacht': ' Vrouw ', 'Huisdieren': ' Nee '}",
Leiduinstraat,in Amsterdam,14 m,Totale oppervlakte: 15 m 2,â‚¬ 550,p/m | incl. g/w/e,Gemeubileerd,08-09-2021,2 dagen geleden geplaatst,https://kamernet.nl/huren/kamer-amsterdam/leiduinstraat/kamer-1987071,"{'Woonkamer': ' Geen ', 'Keuken': ' Gedeeld ', 'Badkamer': ' Gedeeld ', 'Toilet': ' Gedeeld ', 'Internet': ' Ja ', 'Energielabel': ' Onbekend ', 'Huisgenoten': '  1 ', 'Geslacht': ' Vrouw ', 'Huisdieren': ' Nee '}",
Van Lawick van Pabststraat,in Arnhem,43 m,Totaal 1 kamer (1 slaapkamer) ,â‚¬ 860,p/m | incl. g/w/e,Gestoffeerd,10-10-2021,2 dagen geleden geplaatst,https://kamernet.nl/huren/studio-arnhem/van-lawick-van-pabststraat/studio-1987048,"{'Woonkamer': ' Eigen ', 'Keuken': ' Eigen ', 'Badkamer': ' Eigen ', 'Toilet': ' Eigen ', 'Internet': ' Ja ', 'Energielabel': ' Onbekend ', 'Huisdieren': ' Nee '}",
Kraanbaan,in Leiden,15 m,Totale oppervlakte: 115 m 2,â‚¬ 725,p/m | incl. g/w/e,Gemeubileerd,12-09-2021,2 dagen geleden geplaatst,https://kamernet.nl/huren/kamer-leiden/kraanbaan/kamer-1987050,"{'Woonkamer': ' Gedeeld ', 'Keuken': ' Gedeeld ', 'Badkamer': ' Gedeeld ', 'Toilet': ' Gedeeld ', 'Internet': ' Ja ', 'Energielabel': ' A ', 'Huisgenoten': '  2 ', 'Geslacht': ' Gemengd ', 'Huisdieren': ' Nee '}",
Groningensingel,in Arnhem,15 m,Totale oppervlakte: 100 m 2,â‚¬ 695,p/m | incl. g/w/e,Gemeubileerd,01-10-2021,2 dagen geleden geplaatst,https://kamernet.nl/huren/kamer-arnhem/groningensingel/kamer-1986830,"{'Woonkamer': ' Gedeeld ', 'Keuken': ' Gedeeld ', 'Badkamer': ' Gedeeld ', 'Toilet': ' Gedeeld ', 'Internet': ' Ja ', 'Energielabel': ' Onbekend ', 'Huisgenoten': '  1 ', 'Geslacht': ' Vrouw ', 'Huisdieren': ' Nee '}",
Harriet Freezerstraat,in Amsterdam,13 m,,â‚¬ 725,p/m | incl. g/w/e,Gemeubileerd,01-11-2020,2 dagen geleden geplaatst,https://kamernet.nl/huren/kamer-amsterdam/harriet-freezerstraat/kamer-1987057,"{'Woonkamer': ' Gedeeld ', 'Keuken': ' Gedeeld ', 'Badkamer': ' Gedeeld ', 'Toilet': ' Gedeeld ', 'Internet': ' Ja ', 'Energielabel': ' Onbekend ', 'Huisgenoten': '  3 ', 'Geslacht': ' Gemengd ', 'Huisdieren': ' Nee '}",
Glastuinbouwsingel,in Utrecht,102 m,Totaal 5 kamers,â‚¬ 1890,p/m | excl. g/w/e,Gestoffeerd,09-09-2021,2 dagen geleden geplaatst,https://kamernet.nl/huren/appartement-utrecht/glastuinbouwsingel/appartement-1987209,"{'Woonkamer': ' Onbekend ', 'Keuken': ' Onbekend ', 'Badkamer': ' Onbekend ', 'Toilet': ' Onbekend ', 'Internet': ' Onbekend ', 'Energielabel': ' Onbekend ', 'Huisdieren': ' Nee '}",
Vogelstraat,in Wagenberg,60 m,,â‚¬ 995,p/m | excl. g/w/e,Gemeubileerd,01-10-2021,2 dagen geleden geplaatst,https://kamernet.nl/huren/appartement-wagenberg/vogelstraat/appartement-1987070,"{'Woonkamer': ' Eigen ', 'Keuken': ' Eigen ', 'Badkamer': ' Eigen ', 'Toilet': ' Eigen ', 'Internet': ' Nee ', 'Energielabel': ' Onbekend ', 'Huisdieren': ' Nee '}",
Emmalaan,in Utrecht,10 m,,â‚¬ 435,p/m | incl. g/w/e,Gemeubileerd,10-09-2021 tot 01-07-2023,2 dagen geleden geplaatst,https://kamernet.nl/huren/appartement-utrecht/emmalaan/appartement-1987072,"{'Woonkamer': ' Gedeeld ', 'Keuken': ' Gedeeld ', 'Badkamer': ' Gedeeld ', 'Toilet': ' Gedeeld ', 'Internet': ' Ja ', 'Energielabel': ' Onbekend ', 'Huisdieren': ' Nee '}",
E. du Perronlaan,in Delft,20 m,,â‚¬ 330,p/m | incl. g/w/e,Gestoffeerd,01-10-2021,2 dagen geleden geplaatst,https://kamernet.nl/huren/kamer-delft/e.-du-perronlaan/kamer-1974280,"{'Woonkamer': ' Gedeeld ', 'Keuken': ' Gedeeld ', 'Badkamer': ' Gedeeld ', 'Toilet': ' Gedeeld ', 'Internet': ' Ja ', 'Energielabel': ' Onbekend ', 'Huisgenoten': '  5 ', 'Geslacht': ' Gemengd ', 'Huisdieren': ' Nee '}",
Stadhoudersweg,in Rotterdam,12 m,Totale oppervlakte: 60 m 2,â‚¬ 560,p/m | incl. g/w/e,Gemeubileerd,01-10-2021 tot 31-01-2022,2 dagen geleden geplaatst,https://kamernet.nl/huren/kamer-rotterdam/stadhoudersweg/kamer-1987083,"{'Woonkamer': ' Gedeeld ', 'Keuken': ' Gedeeld ', 'Badkamer': ' Gedeeld ', 'Toilet': ' Gedeeld ', 'Internet': ' Ja ', 'Energielabel': ' Onbekend ', 'Huisgenoten': '  4  ', 'Geslacht': ' Man ', 'Huisdieren': ' Nee '}",
Ribbeltsweg,in Enschede,15 m,Totale oppervlakte: 40 m 2,â‚¬ 215,p/m | excl. g/w/e,Gestoffeerd,01-11-2021,2 dagen geleden geplaatst,https://kamernet.nl/huren/kamer-enschede/ribbeltsweg/kamer-1987080,"{'Woonkamer': ' Geen ', 'Keuken': ' Gedeeld ', 'Badkamer': ' Gedeeld ', 'Toilet': ' Gedeeld ', 'Internet': ' Ja ', 'Energielabel': ' Onbekend ', 'Huisgenoten': '  3 ', 'Geslacht': ' Gemengd ', 'Huisdieren': ' Nee '}",
Brederodestraat,in Zandvoort,16 m,Totale oppervlakte: 150 m 2,â‚¬ 700,p/m | incl. g/w/e,Gemeubileerd,12-09-2021,2 dagen geleden geplaatst,https://kamernet.nl/huren/kamer-zandvoort/brederodestraat/kamer-1987084,"{'Woonkamer': ' Onbekend ', 'Keuken': ' Gedeeld ', 'Badkamer': ' Gedeeld ', 'Toilet': ' Gedeeld ', 'Internet': ' Ja ', 'Energielabel': ' Onbekend ', 'Huisgenoten': '  4  ', 'Geslacht': ' Gemengd ', 'Huisdieren': ' Nee '}",
Kortwoudepad,in Amsterdam,14 m,Totale oppervlakte: 85 m 2,â‚¬ 600,p/m | incl. g/w/e,Gemeubileerd,10-09-2021 tot 30-04-2022,2 dagen geleden geplaatst,https://kamernet.nl/huren/kamer-amsterdam/kortwoudepad/kamer-1987078,"{'Woonkamer': ' Gedeeld ', 'Keuken': ' Gedeeld ', 'Badkamer': ' Gedeeld ', 'Toilet': ' Gedeeld ', 'Internet': ' Ja ', 'Energielabel': ' A ', 'Huisgenoten': '  1 ', 'Geslacht': ' Man ', 'Huisdieren': ' Nee '}",
Adriaan van Bergenstraat,in Utrecht,16 m,,â‚¬ 385,p/m | incl. g/w/e,Gestoffeerd,01-10-2021,2 dagen geleden geplaatst,https://kamernet.nl/huren/kamer-utrecht/adriaan-van-bergenstraat/kamer-1987091,"{'Woonkamer': ' Geen ', 'Keuken': ' Gedeeld ', 'Badkamer': ' Gedeeld ', 'Toilet': ' Gedeeld ', 'Internet': ' Ja ', 'Energielabel': ' Onbekend ', 'Huisgenoten': '  2 ', 'Geslacht': ' Vrouw ', 'Huisdieren': ' Nee '}",
Billitonstraat,in Utrecht,6 m,Totale oppervlakte: 35 m 2,â‚¬ 400,p/m | excl. g/w/e,Gestoffeerd,07-09-2021,2 dagen geleden geplaatst,https://kamernet.nl/huren/kamer-utrecht/billitonstraat/kamer-1986806,"{'Woonkamer': ' Gedeeld ', 'Keuken': ' Gedeeld ', 'Badkamer': ' Gedeeld ', 'Toilet': ' Gedeeld ', 'Internet': ' Ja ', 'Energielabel': ' Onbekend ', 'Huisgenoten': '  2 ', 'Geslacht': ' Man ', 'Huisdieren': ' Ja '}",
Haringvlietstraat,in Deventer,12 m,Totale oppervlakte: 40 m 2,â‚¬ 315,p/m | incl. g/w/e,Gestoffeerd,01-10-2021,2 dagen geleden geplaatst,https://kamernet.nl/huren/kamer-deventer/haringvlietstraat/kamer-1987066,"{'Woonkamer': ' Geen ', 'Keuken': ' Gedeeld ', 'Badkamer': ' Gedeeld ', 'Toilet': ' Gedeeld ', 'Internet': ' Ja ', 'Energielabel': ' Onbekend ', 'Huisgenoten': '  3 ', 'Geslacht': ' Gemengd ', 'Huisdieren': ' Nee '}",
Oudelandsedijk,in Sommelsdijk,50 m,Totaal 2 kamers (1 slaapkamer) ,â‚¬ 1150,p/m | incl. g/w/e,Gemeubileerd,24-09-2021 tot 24-06-2022,2 dagen geleden geplaatst,https://kamernet.nl/huren/appartement-sommelsdijk/oudelandsedijk/appartement-1987052,"{'Woonkamer': ' Eigen ', 'Keuken': ' Eigen ', 'Badkamer': ' Eigen ', 'Toilet': ' Eigen ', 'Internet': ' Ja ', 'Energielabel': ' D ', 'Huisdieren': ' Nee '}",
Gerard van Dinterstraat,in Rosmalen,17 m,Totale oppervlakte: 60 m 2,â‚¬ 470,p/m | incl. g/w/e,Gestoffeerd,01-10-2021 tot 01-10-2022,2 dagen geleden geplaatst,https://kamernet.nl/huren/kamer-rosmalen/gerard-van-dinterstraat/kamer-1987079,"{'Woonkamer': ' Gedeeld ', 'Keuken': ' Gedeeld ', 'Badkamer': ' Gedeeld ', 'Toilet': ' Gedeeld ', 'Internet': ' Ja ', 'Energielabel': ' Onbekend ', 'Huisgenoten': '  3 ', 'Geslacht': ' Man ', 'Huisdieren': ' Nee '}",
Simon Stevinstraat,in Tilburg,36 m,Totaal 2 kamers,â‚¬ 737,p/m | excl. g/w/e,Onbekend,09-09-2021,2 dagen geleden geplaatst,https://kamernet.nl/huren/appartement-tilburg/simon-stevinstraat/appartement-1987129,"{'Woonkamer': ' Onbekend ', 'Keuken': ' Onbekend ', 'Badkamer': ' Onbekend ', 'Toilet': ' Onbekend ', 'Internet': ' Onbekend ', 'Energielabel': ' Onbekend ', 'Huisdieren': ' Nee '}",
Schoolstraat,in Vleuten,45 m,,â‚¬ 1000,p/m | incl. g/w/e,Gestoffeerd,15-09-2021,2 dagen geleden geplaatst,https://kamernet.nl/huren/appartement-vleuten/schoolstraat/appartement-1987121,"{'Woonkamer': ' Eigen ', 'Keuken': ' Eigen ', 'Badkamer': ' Eigen ', 'Toilet': ' Eigen ', 'Internet': ' Ja ', 'Energielabel': ' Onbekend ', 'Huisdieren': ' Nee '}",
Bakkerstraat,in Zandvoort,30 m,Totaal 2 kamers (1 slaapkamer) ,â‚¬ 850,p/m | incl. g/w/e,Gemeubileerd,01-11-2021 tot 01-04-2022,Gisteren geplaatst,https://kamernet.nl/huren/appartement-zandvoort/bakkerstraat/appartement-1987340,"{'Woonkamer': ' Eigen ', 'Keuken': ' Eigen ', 'Badkamer': ' Eigen ', 'Toilet': ' Eigen ', 'Internet': ' Ja ', 'Energielabel': ' Onbekend ', 'Huisdieren': ' Nee '}",
Pietersbergweg,in Amsterdam,15 m,Totale oppervlakte: 73 m 2,â‚¬ 875,p/m | incl. g/w/e,Gemeubileerd,15-09-2021,Gisteren geplaatst,https://kamernet.nl/huren/kamer-amsterdam/pietersbergweg/kamer-1987299,"{'Woonkamer': ' Gedeeld ', 'Keuken': ' Gedeeld ', 'Badkamer': ' Eigen ', 'Toilet': ' Eigen ', 'Internet': ' Ja ', 'Energielabel': ' Onbekend ', 'Huisgenoten': '  1 ', 'Geslacht': ' Man ', 'Huisdieren': ' Nee '}",
Adriaan van Bergenstraat,in Breda,14 m,,â‚¬ 490,p/m | incl. g/w/e,Kaal,09-09-2021 tot 31-01-2022,Gisteren geplaatst,https://kamernet.nl/huren/kamer-breda/adriaan-van-bergenstraat/kamer-1987345,"{'Woonkamer': ' Gedeeld ', 'Keuken': ' Gedeeld ', 'Badkamer': ' Gedeeld ', 'Toilet': ' Gedeeld ', 'Internet': ' Onbekend ', 'Energielabel': ' Onbekend ', 'Huisgenoten': '  Onbekend  ', 'Geslacht': ' Onbekend ', 'Huisdieren': ' Nee '}",
Klaverlaan,in Arnhem,11 m,,â‚¬ 400,p/m | incl. g/w/e,Gestoffeerd,01-10-2021,2 dagen geleden geplaatst,https://kamernet.nl/huren/kamer-arnhem/klaverlaan/kamer-1987061,"{'Woonkamer': ' Geen ', 'Keuken': ' Gedeeld ', 'Badkamer': ' Gedeeld ', 'Toilet': ' Gedeeld ', 'Internet': ' Ja ', 'Energielabel': ' Onbekend ', 'Huisgenoten': '  3 ', 'Geslacht': ' Man ', 'Huisdieren': ' Nee '}",
Simon de Vliegerstraat,in Eindhoven,123 m,Totaal 4 kamers,â‚¬ 1495,p/m | excl. g/w/e,Gemeubileerd,15-09-2021,2 dagen geleden geplaatst,https://kamernet.nl/huren/appartement-eindhoven/simon-de-vliegerstraat/appartement-1987134,"{'Woonkamer': ' Onbekend ', 'Keuken': ' Onbekend ', 'Badkamer': ' Onbekend ', 'Toilet': ' Onbekend ', 'Internet': ' Onbekend ', 'Energielabel': ' Onbekend ', 'Huisdieren': ' Nee '}",
Lutmastraat,in Amsterdam,8 m,Totale oppervlakte: 65 m 2,â‚¬ 850,p/m | excl. g/w/e,Gemeubileerd,01-10-2021 tot 01-04-2022,Gisteren geplaatst,https://kamernet.nl/huren/kamer-amsterdam/lutmastraat/kamer-1987304,"{'Woonkamer': ' Gedeeld ', 'Keuken': ' Gedeeld ', 'Badkamer': ' Gedeeld ', 'Toilet': ' Gedeeld ', 'Internet': ' Ja ', 'Energielabel': ' Onbekend ', 'Huisgenoten': '  1 ', 'Geslacht': ' Vrouw ', 'Huisdieren': ' Nee '}",
Graaf Florisstraat,in Amsterdam,22 m,,â‚¬ 800,p/m | incl. g/w/e,Gestoffeerd,03-10-2021 tot 03-10-2023,Gisteren geplaatst,https://kamernet.nl/huren/kamer-amsterdam/graaf-florisstraat/kamer-1987301,"{'Woonkamer': ' Geen ', 'Keuken': ' Gedeeld ', 'Badkamer': ' Gedeeld ', 'Toilet': ' Gedeeld ', 'Internet': ' Ja ', 'Energielabel': ' Onbekend ', 'Huisgenoten': '  2 ', 'Geslacht': ' Gemengd ', 'Huisdieren': ' Nee '}",
Cornelis Houtmanstraat,in Den Haag,6 m,,â‚¬ 662,p/m | incl. g/w/e,Gemeubileerd,17-09-2021 tot 31-12-2021,Gisteren geplaatst,https://kamernet.nl/huren/kamer-den-haag/cornelis-houtmanstraat/kamer-1987316,"{'Woonkamer': ' Gedeeld ', 'Keuken': ' Gedeeld ', 'Badkamer': ' Gedeeld ', 'Toilet': ' Gedeeld ', 'Internet': ' Ja ', 'Energielabel': ' Onbekend ', 'Huisgenoten': '  1 ', 'Geslacht': ' Vrouw ', 'Huisdieren': ' Nee '}",
Hugo de Vrieslaan,in Oegstgeest,20 m,,â‚¬ 650,p/m | incl. g/w/e,Gemeubileerd,01-10-2021,Gisteren geplaatst,https://kamernet.nl/huren/studio-oegstgeest/hugo-de-vrieslaan/studio-1987307,"{'Woonkamer': ' Eigen ', 'Keuken': ' Eigen ', 'Badkamer': ' Gedeeld ', 'Toilet': ' Gedeeld ', 'Internet': ' Ja ', 'Energielabel': ' Onbekend ', 'Huisdieren': ' Nee '}",
Eendrachtsstraat,in Rotterdam,22 m,Totale oppervlakte: 110 m 2,â‚¬ 670,p/m | incl. g/w/e,Gestoffeerd,01-10-2021 tot 01-02-2022,Gisteren geplaatst,https://kamernet.nl/huren/kamer-rotterdam/eendrachtsstraat/kamer-1987266,"{'Woonkamer': ' Gedeeld ', 'Keuken': ' Gedeeld ', 'Badkamer': ' Gedeeld ', 'Toilet': ' Gedeeld ', 'Internet': ' Ja ', 'Energielabel': ' Onbekend ', 'Huisgenoten': '  5 ', 'Geslacht': ' Man ', 'Huisdieren': ' Nee '}",
Van Harinxmaweg,in Franeker,75 m,Totaal 1 kamer (1 slaapkamer) ,â‚¬ 500,p/m | excl. g/w/e,Gemeubileerd,10-09-2021 tot 10-09-2022,Gisteren geplaatst,https://kamernet.nl/huren/appartement-franeker/van-harinxmaweg/appartement-1987278,"{'Woonkamer': ' Eigen ', 'Keuken': ' Eigen ', 'Badkamer': ' Eigen ', 'Toilet': ' Eigen ', 'Internet': ' Ja ', 'Energielabel': ' B ', 'Huisdieren': ' Nee '}",
Hoofdstraat,in Rijen,16 m,Totale oppervlakte: 150 m 2,â‚¬ 460,p/m | incl. g/w/e,Gemeubileerd,09-09-2021,Gisteren geplaatst,https://kamernet.nl/huren/kamer-rijen/hoofdstraat/kamer-1987207,"{'Woonkamer': ' Gedeeld ', 'Keuken': ' Gedeeld ', 'Badkamer': ' Gedeeld ', 'Toilet': ' Gedeeld ', 'Internet': ' Ja ', 'Energielabel': ' Onbekend ', 'Huisgenoten': '  1 ', 'Geslacht': ' Onbekend ', 'Huisdieren': ' Nee '}",
Cesar Franckstraat,in Leeuwarden,100 m,Totaal 4 kamers (3 slaapkamers) ,â‚¬ 1500,p/m | excl. g/w/e,Kaal,09-09-2021 tot 01-09-2022,Gisteren geplaatst,https://kamernet.nl/huren/appartement-leeuwarden/cesar-franckstraat/appartement-1987247,"{'Woonkamer': ' Eigen ', 'Keuken': ' Eigen ', 'Badkamer': ' Eigen ', 'Toilet': ' Eigen ', 'Internet': ' Nee ', 'Energielabel': ' B ', 'Huisdieren': ' Nee '}",
Burgemeester De Vlugtlaan,in Amsterdam,8 m,Totale oppervlakte: 70 m 2,â‚¬ 350,p/m | incl. g/w/e,Kaal,09-09-2021,Gisteren geplaatst,https://kamernet.nl/huren/kamer-amsterdam/burgemeester-de-vlugtlaan/kamer-1987256,"{'Woonkamer': ' Gedeeld ', 'Keuken': ' Gedeeld ', 'Badkamer': ' Gedeeld ', 'Toilet': ' Gedeeld ', 'Internet': ' Ja ', 'Energielabel': ' A ', 'Huisgenoten': '  3 ', 'Geslacht': ' Gemengd ', 'Huisdieren': ' Nee '}",
H.W. Mesdagplein,in Groningen,19 m,,â‚¬ 460,p/m | incl. g/w/e,Gemeubileerd,09-09-2021 tot 31-01-2022,Gisteren geplaatst,https://kamernet.nl/huren/kamer-groningen/h.w.-mesdagplein/kamer-1987335,"{'Woonkamer': ' Eigen ', 'Keuken': ' Gedeeld ', 'Badkamer': ' Gedeeld ', 'Toilet': ' Gedeeld ', 'Internet': ' Ja ', 'Energielabel': ' Onbekend ', 'Huisgenoten': '  Onbekend  ', 'Geslacht': ' Onbekend ', 'Huisdieren': ' Nee '}",
Zwanestraat,in Groningen,27 m,,â‚¬ 550,p/m | incl. g/w/e,Gestoffeerd,01-10-2021,Gisteren geplaatst,https://kamernet.nl/huren/kamer-groningen/zwanestraat/kamer-1987269,"{'Woonkamer': ' Geen ', 'Keuken': ' Eigen ', 'Badkamer': ' Gedeeld ', 'Toilet': ' Gedeeld ', 'Internet': ' Onbekend ', 'Energielabel': ' Onbekend ', 'Huisgenoten': '  7 ', 'Geslacht': ' Gemengd ', 'Huisdieren': ' Nee '}",
Schouwstraat,in Groningen,80 m,Totaal 1 kamer (1 slaapkamer) ,â‚¬ 900,p/m | incl. g/w/e,Gestoffeerd,01-10-2021,Gisteren geplaatst,https://kamernet.nl/huren/appartement-groningen/schouwstraat/appartement-1987272,"{'Woonkamer': ' Eigen ', 'Keuken': ' Eigen ', 'Badkamer': ' Eigen ', 'Toilet': ' Eigen ', 'Internet': ' Ja ', 'Energielabel': ' Onbekend ', 'Huisdieren': ' Nee '}",
Dravik,in Malden,35 m,,â‚¬ 475,p/m | incl. g/w/e,Gemeubileerd,01-10-2021,Gisteren geplaatst,https://kamernet.nl/huren/kamer-malden/dravik/kamer-1987274,"{'Woonkamer': ' Geen ', 'Keuken': ' Eigen ', 'Badkamer': ' Gedeeld ', 'Toilet': ' Gedeeld ', 'Internet': ' Ja ', 'Energielabel': ' B ', 'Huisgenoten': '  2 ', 'Geslacht': ' Man ', 'Huisdieren': ' Nee '}",
Westerweg,in Alkmaar,19 m,,â‚¬ 500,p/m | incl. g/w/e,Kaal,01-10-2021,Gisteren geplaatst,https://kamernet.nl/huren/kamer-alkmaar/westerweg/kamer-1987296,"{'Woonkamer': ' Geen ', 'Keuken': ' Gedeeld ', 'Badkamer': ' Gedeeld ', 'Toilet': ' Gedeeld ', 'Internet': ' Ja ', 'Energielabel': ' Onbekend ', 'Huisgenoten': '  4  ', 'Geslacht': ' Gemengd ', 'Huisdieren': ' Nee '}",
Bankastraat,in Groningen,11 m,,â‚¬ 325,p/m | incl. g/w/e,Gestoffeerd,09-09-2021,Gisteren geplaatst,https://kamernet.nl/huren/kamer-groningen/bankastraat/kamer-1987311,"{'Woonkamer': ' Gedeeld ', 'Keuken': ' Gedeeld ', 'Badkamer': ' Gedeeld ', 'Toilet': ' Gedeeld ', 'Internet': ' Ja ', 'Energielabel': ' Onbekend ', 'Huisgenoten': '  3 ', 'Geslacht': ' Man ', 'Huisdieren': ' Nee '}",
Heezerweg,in Eindhoven,30 m,Totale oppervlakte: 120 m 2,â‚¬ 620,p/m | incl. g/w/e,Gemeubileerd,17-10-2021 tot 19-12-2021,Gisteren geplaatst,https://kamernet.nl/huren/kamer-eindhoven/heezerweg/kamer-1986920,"{'Woonkamer': ' Gedeeld ', 'Keuken': ' Gedeeld ', 'Badkamer': ' Gedeeld ', 'Toilet': ' Gedeeld ', 'Internet': ' Ja ', 'Energielabel': ' Onbekend ', 'Huisgenoten': '  2 ', 'Geslacht': ' Gemengd ', 'Huisdieren': ' Nee '}",
Aawal,in Den Bosch,75 m,Totaal 2 kamers (1 slaapkamer) ,â‚¬ 550,p/m | excl. g/w/e,Gemeubileerd,01-11-2021 tot 01-11-2022,Gisteren geplaatst,https://kamernet.nl/huren/appartement-den-bosch/aawal/appartement-1987255,"{'Woonkamer': ' Eigen ', 'Keuken': ' Eigen ', 'Badkamer': ' Eigen ', 'Toilet': ' Eigen ', 'Internet': ' Ja ', 'Energielabel': ' Onbekend ', 'Huisdieren': ' In overleg '}",
Beneluxlaan,in Utrecht,15 m,,â‚¬ 643,p/m | incl. g/w/e,Gestoffeerd,24-09-2021,Gisteren geplaatst,https://kamernet.nl/huren/kamer-utrecht/beneluxlaan/kamer-1987354,"{'Woonkamer': ' Gedeeld ', 'Keuken': ' Gedeeld ', 'Badkamer': ' Gedeeld ', 'Toilet': ' Gedeeld ', 'Internet': ' Nee ', 'Energielabel': ' Onbekend ', 'Huisgenoten': '  1 ', 'Geslacht': ' Vrouw ', 'Huisdieren': ' Ja '}",
Bakkerstraat,in Zandvoort,25 m,Totaal 1 kamer (1 slaapkamer) ,â‚¬ 800,p/m | incl. g/w/e,Gemeubileerd,01-11-2021 tot 01-04-2022,Gisteren geplaatst,https://kamernet.nl/huren/studio-zandvoort/bakkerstraat/studio-1987328,"{'Woonkamer': ' Eigen ', 'Keuken': ' Eigen ', 'Badkamer': ' Eigen ', 'Toilet': ' Eigen ', 'Internet': ' Ja ', 'Energielabel': ' Onbekend ', 'Huisdieren': ' Nee '}",
Spoorwegstraat,in Arnhem,45 m,Totaal 1 kamer (1 slaapkamer) ,â‚¬ 699,p/m | incl. g/w/e,Gestoffeerd,01-11-2021,Gisteren geplaatst,https://kamernet.nl/huren/appartement-arnhem/spoorwegstraat/appartement-1987341,"{'Woonkamer': ' Eigen ', 'Keuken': ' Eigen ', 'Badkamer': ' Eigen ', 'Toilet': ' Eigen ', 'Internet': ' Ja ', 'Energielabel': ' Onbekend ', 'Huisdieren': ' Nee '}",
Sint Sebastiaansbrug,in Delft,12 m,Totale oppervlakte: 70 m 2,â‚¬ 380,p/m | incl. g/w/e,Kaal,15-09-2021,Gisteren geplaatst,https://kamernet.nl/huren/kamer-delft/sint-sebastiaansbrug/kamer-1987306,"{'Woonkamer': ' Gedeeld ', 'Keuken': ' Gedeeld ', 'Badkamer': ' Gedeeld ', 'Toilet': ' Gedeeld ', 'Internet': ' Ja ', 'Energielabel': ' A ', 'Huisgenoten': '  8  ', 'Geslacht': ' Gemengd ', 'Huisdieren': ' Nee '}",
Oudeschans,in Amsterdam,56 m,Totaal 3 kamers (1 slaapkamer) ,â‚¬ 1650,p/m | incl. g/w/e,Gemeubileerd,01-11-2021,Gisteren geplaatst,https://kamernet.nl/huren/appartement-amsterdam/oudeschans/appartement-1987359,"{'Woonkamer': ' Eigen ', 'Keuken': ' Eigen ', 'Badkamer': ' Eigen ', 'Toilet': ' Eigen ', 'Internet': ' Ja ', 'Energielabel': ' Onbekend ', 'Huisdieren': ' Nee '}",
Ahornstraat,in Utrecht,74 m,Totaal 4 kamers (2 slaapkamers) ,â‚¬ 1300,p/m | excl. g/w/e,Gemeubileerd,01-10-2021,Gisteren geplaatst,https://kamernet.nl/huren/appartement-utrecht/ahornstraat/appartement-1987365,"{'Woonkamer': ' Eigen ', 'Keuken': ' Eigen ', 'Badkamer': ' Eigen ', 'Toilet': ' Eigen ', 'Internet': ' Ja ', 'Energielabel': ' Onbekend ', 'Huisdieren': ' Nee '}",
Eisenhowerstraat,in Sittard,89 m,Totaal 4 kamers (3 slaapkamers) ,â‚¬ 752,p/m | excl. g/w/e,Gestoffeerd,08-09-2021,Gisteren geplaatst,https://kamernet.nl/huren/appartement-sittard/eisenhowerstraat/appartement-1986964,"{'Woonkamer': ' Eigen ', 'Keuken': ' Eigen ', 'Badkamer': ' Eigen ', 'Toilet': ' Eigen ', 'Internet': ' Nee ', 'Energielabel': ' Onbekend ', 'Huisdieren': ' In overleg '}",
Koningstraat,in Zuidlaren,30 m,Totaal 1 kamer (1 slaapkamer) ,â‚¬ 350,p/m | excl. g/w/e,Gemeubileerd,12-09-2021 tot 06-03-2022,Gisteren geplaatst,https://kamernet.nl/huren/appartement-zuidlaren/koningstraat/appartement-1987350,"{'Woonkamer': ' Eigen ', 'Keuken': ' Eigen ', 'Badkamer': ' Eigen ', 'Toilet': ' Eigen ', 'Internet': ' Ja ', 'Energielabel': ' A ', 'Huisdieren': ' Nee '}",
Hendrik Tollensstraat,in Delft,70 m,Totaal 3 kamers (2 slaapkamers) ,â‚¬ 1450,p/m | incl. g/w/e,Gestoffeerd,11-09-2021 tot 10-09-2022,Gisteren geplaatst,https://kamernet.nl/huren/appartement-delft/hendrik-tollensstraat/appartement-1984892,"{'Woonkamer': ' Eigen ', 'Keuken': ' Eigen ', 'Badkamer': ' Eigen ', 'Toilet': ' Eigen ', 'Internet': ' Ja ', 'Energielabel': ' Onbekend ', 'Huisdieren': ' Nee '}",
Haspengouw,in Geleen,64 m,Totaal 2 kamers,â‚¬ 955,p/m | excl. g/w/e,Kaal,01-10-2021,15 uur geleden geplaatst,https://kamernet.nl/huren/appartement-geleen/haspengouw/appartement-1987404,"{'Woonkamer': ' Onbekend ', 'Keuken': ' Onbekend ', 'Badkamer': ' Onbekend ', 'Toilet': ' Onbekend ', 'Internet': ' Ja ', 'Energielabel': ' Onbekend ', 'Huisdieren': ' Nee '}",
Copernicuslaan,in Den Haag,30 m,,â‚¬ 495,p/m | incl. g/w/e,Gestoffeerd,10-09-2021,15 uur geleden geplaatst,https://kamernet.nl/huren/kamer-den-haag/copernicuslaan/kamer-1987402,"{'Woonkamer': ' Geen ', 'Keuken': ' Gedeeld ', 'Badkamer': ' Gedeeld ', 'Toilet': ' Gedeeld ', 'Internet': ' Ja ', 'Energielabel': ' Onbekend ', 'Huisgenoten': '  4  ', 'Geslacht': ' Onbekend ', 'Huisdieren': ' Nee '}",
Oldenzaalsestraat,in Enschede,14 m,,â‚¬ 350,p/m | incl. g/w/e,Gestoffeerd,10-09-2021,8 uur geleden geplaatst,https://kamernet.nl/huren/kamer-enschede/oldenzaalsestraat/kamer-1987476,"{'Woonkamer': ' Gedeeld ', 'Keuken': ' Gedeeld ', 'Badkamer': ' Gedeeld ', 'Toilet': ' Gedeeld ', 'Internet': ' Ja ', 'Energielabel': ' Onbekend ', 'Huisgenoten': '  4  ', 'Geslacht': ' Vrouw ', 'Huisdieren': ' Nee '}",
Wapendragerstraat,in Eindhoven,9 m,,â‚¬ 235,p/m | excl. g/w/e,Gestoffeerd,01-10-2021,Gisteren geplaatst,https://kamernet.nl/huren/kamer-eindhoven/wapendragerstraat/kamer-1987322,"{'Woonkamer': ' Geen ', 'Keuken': ' Gedeeld ', 'Badkamer': ' Gedeeld ', 'Toilet': ' Gedeeld ', 'Internet': ' Onbekend ', 'Energielabel': ' Onbekend ', 'Huisgenoten': '  4  ', 'Geslacht': ' Gemengd ', 'Huisdieren': ' In overleg '}",
Gouwzeestraat,in Purmerend,9 m,,â‚¬ 450,p/m | incl. g/w/e,Gemeubileerd,10-09-2021,17 uur geleden geplaatst,https://kamernet.nl/huren/kamer-purmerend/gouwzeestraat/kamer-1987381,"{'Woonkamer': ' Gedeeld ', 'Keuken': ' Gedeeld ', 'Badkamer': ' Gedeeld ', 'Toilet': ' Gedeeld ', 'Internet': ' Ja ', 'Energielabel': ' Onbekend ', 'Huisgenoten': '  2 ', 'Geslacht': ' Gemengd ', 'Huisdieren': ' Nee '}",
Roerstraat,in Utrecht,20 m,,â‚¬ 550,p/m | incl. g/w/e,Gestoffeerd,01-10-2021,Gisteren geplaatst,https://kamernet.nl/huren/kamer-utrecht/roerstraat/kamer-1744743,"{'Woonkamer': ' Eigen ', 'Keuken': ' Eigen ', 'Badkamer': ' Gedeeld ', 'Toilet': ' Eigen ', 'Internet': ' Onbekend ', 'Energielabel': ' A ', 'Huisgenoten': '  4  ', 'Geslacht': ' Gemengd ', 'Huisdieren': ' Nee '}",
De Savornin Lohmanplein,in Groningen,19 m,Totale oppervlakte: 7 m 2,â‚¬ 445,p/m | incl. g/w/e,Gemeubileerd,13-09-2021,7 uur geleden geplaatst,https://kamernet.nl/huren/kamer-groningen/de-savornin-lohmanplein/kamer-1987509,"{'Woonkamer': ' Geen ', 'Keuken': ' Eigen ', 'Badkamer': ' Gedeeld ', 'Toilet': ' Gedeeld ', 'Internet': ' Ja ', 'Energielabel': ' Onbekend ', 'Huisgenoten': '  1 ', 'Geslacht': ' Vrouw ', 'Huisdieren': ' Nee '}",
Cornelis Troostplein,in Amsterdam,18 m,Totale oppervlakte: 75 m 2,â‚¬ 800,p/m | excl. g/w/e,Gestoffeerd,19-09-2021,6 uur geleden geplaatst,https://kamernet.nl/huren/kamer-amsterdam/cornelis-troostplein/kamer-1987497,"{'Woonkamer': ' Gedeeld ', 'Keuken': ' Gedeeld ', 'Badkamer': ' Gedeeld ', 'Toilet': ' Gedeeld ', 'Internet': ' Ja ', 'Energielabel': ' C ', 'Huisgenoten': '  1 ', 'Geslacht': ' Man ', 'Huisdieren': ' Nee '}",
Sarphatistraat,in Amsterdam,25 m,,â‚¬ 985,p/m | incl. g/w/e,Gemeubileerd,11-09-2021,6 uur geleden geplaatst,https://kamernet.nl/huren/kamer-amsterdam/sarphatistraat/kamer-1987486,"{'Woonkamer': ' Geen ', 'Keuken': ' Gedeeld ', 'Badkamer': ' Gedeeld ', 'Toilet': ' Gedeeld ', 'Internet': ' Ja ', 'Energielabel': ' Onbekend ', 'Huisgenoten': '  3 ', 'Geslacht': ' Gemengd ', 'Huisdieren': ' Nee '}",
Traaij,in Driebergen-Rijsenburg,15 m,Totale oppervlakte: 41 m 2,â‚¬ 625,p/m | incl. g/w/e,Gestoffeerd,01-10-2021,6 uur geleden geplaatst,https://kamernet.nl/huren/kamer-driebergen-rijsenburg/traaij/kamer-1986780,"{'Woonkamer': ' Onbekend ', 'Keuken': ' Gedeeld ', 'Badkamer': ' Gedeeld ', 'Toilet': ' Gedeeld ', 'Internet': ' Ja ', 'Energielabel': ' Onbekend ', 'Huisgenoten': '  3 ', 'Geslacht': ' Vrouw ', 'Huisdieren': ' Nee '}",
Oudenoord,in Utrecht,14 m,Totale oppervlakte: 40 m 2,â‚¬ 520,p/m | excl. g/w/e,Gestoffeerd,01-10-2021,6 uur geleden geplaatst,https://kamernet.nl/huren/kamer-utrecht/oudenoord/kamer-1987506,"{'Woonkamer': ' Gedeeld ', 'Keuken': ' Gedeeld ', 'Badkamer': ' Gedeeld ', 'Toilet': ' Gedeeld ', 'Internet': ' Ja ', 'Energielabel': ' Onbekend ', 'Huisgenoten': '  2 ', 'Geslacht': ' Man ', 'Huisdieren': ' Nee '}",
Jacoba van Beierenlaan,in Delft,12 m,,â‚¬ 350,p/m | incl. g/w/e,Gestoffeerd,01-10-2021,6 uur geleden geplaatst,https://kamernet.nl/huren/kamer-delft/jacoba-van-beierenlaan/kamer-1987503,"{'Woonkamer': ' Gedeeld ', 'Keuken': ' Gedeeld ', 'Badkamer': ' Gedeeld ', 'Toilet': ' Gedeeld ', 'Internet': ' Ja ', 'Energielabel': ' Onbekend ', 'Huisgenoten': '  Meer dan 8 ', 'Geslacht': ' Gemengd ', 'Huisdieren': ' In overleg '}",
Frederik Hendriklaan,in Den Haag,10 m,,â‚¬ 380,p/m | incl. g/w/e,Gestoffeerd,10-09-2021,6 uur geleden geplaatst,https://kamernet.nl/huren/kamer-den-haag/frederik-hendriklaan/kamer-1987494,"{'Woonkamer': ' Geen ', 'Keuken': ' Gedeeld ', 'Badkamer': ' Gedeeld ', 'Toilet': ' Gedeeld ', 'Internet': ' Ja ', 'Energielabel': ' Onbekend ', 'Huisgenoten': '  8  ', 'Geslacht': ' Gemengd ', 'Huisdieren': ' Nee '}",
Frederik Hendriklaan,in Den Haag,17 m,,â‚¬ 495,p/m | incl. g/w/e,Gestoffeerd,10-09-2021,6 uur geleden geplaatst,https://kamernet.nl/huren/kamer-den-haag/frederik-hendriklaan/kamer-1987493,"{'Woonkamer': ' Geen ', 'Keuken': ' Gedeeld ', 'Badkamer': ' Gedeeld ', 'Toilet': ' Gedeeld ', 'Internet': ' Ja ', 'Energielabel': ' Onbekend ', 'Huisgenoten': '  8  ', 'Geslacht': ' Gemengd ', 'Huisdieren': ' Nee '}",
Burgemeester Martenssingel,in Gouda,60 m,,â‚¬ 1000,p/m | excl. g/w/e,Kaal,01-10-2021,6 uur geleden geplaatst,https://kamernet.nl/huren/appartement-gouda/burgemeester-martenssingel/appartement-1987482,"{'Woonkamer': ' Eigen ', 'Keuken': ' Eigen ', 'Badkamer': ' Eigen ', 'Toilet': ' Eigen ', 'Internet': ' Nee ', 'Energielabel': ' B ', 'Huisdieren': ' Nee '}",
Paul Krugerlaan,in Den Haag,17 m,,â‚¬ 380,p/m | incl. g/w/e,Gestoffeerd,10-09-2021,6 uur geleden geplaatst,https://kamernet.nl/huren/kamer-den-haag/paul-krugerlaan/kamer-1987485,"{'Woonkamer': ' Geen ', 'Keuken': ' Gedeeld ', 'Badkamer': ' Gedeeld ', 'Toilet': ' Gedeeld ', 'Internet': ' Ja ', 'Energielabel': ' Onbekend ', 'Huisgenoten': '  4  ', 'Geslacht': ' Gemengd ', 'Huisdieren': ' Nee '}",
Hoofdweg,in Amsterdam,105 m,Totaal 4 kamers,â‚¬ 2250,p/m | excl. g/w/e,Gemeubileerd,10-09-2021,11 uur geleden geplaatst,https://kamernet.nl/huren/appartement-amsterdam/hoofdweg/appartement-1987439,"{'Woonkamer': ' Onbekend ', 'Keuken': ' Onbekend ', 'Badkamer': ' Onbekend ', 'Toilet': ' Onbekend ', 'Internet': ' Onbekend ', 'Energielabel': ' Onbekend ', 'Huisdieren': ' Nee '}",
Leeghwaterstraat,in Hoofddorp,6 m,,â‚¬ 300,p/m | incl. g/w/e,Gemeubileerd,01-10-2021,11 uur geleden geplaatst,https://kamernet.nl/huren/kamer-hoofddorp/leeghwaterstraat/kamer-1987442,"{'Woonkamer': ' Geen ', 'Keuken': ' Gedeeld ', 'Badkamer': ' Gedeeld ', 'Toilet': ' Gedeeld ', 'Internet': ' Ja ', 'Energielabel': ' Onbekend ', 'Huisgenoten': '  Onbekend  ', 'Geslacht': ' Onbekend ', 'Huisdieren': ' Nee '}",
Spoorsingel,in Delft,18 m,,â‚¬ 521,p/m | incl. g/w/e,Gestoffeerd,21-09-2021,11 uur geleden geplaatst,https://kamernet.nl/huren/kamer-delft/spoorsingel/kamer-1987446,"{'Woonkamer': ' Gedeeld ', 'Keuken': ' Gedeeld ', 'Badkamer': ' Gedeeld ', 'Toilet': ' Gedeeld ', 'Internet': ' Ja ', 'Energielabel': ' Onbekend ', 'Huisgenoten': '  8  ', 'Geslacht': ' Gemengd ', 'Huisdieren': ' Nee '}",
Leeghwaterstraat,in Hilversum,40 m,Totaal 3 kamers (1 slaapkamer) ,â‚¬ 995,p/m | incl. g/w/e,Gestoffeerd,01-10-2021,11 uur geleden geplaatst,https://kamernet.nl/huren/appartement-hilversum/leeghwaterstraat/appartement-1987447,"{'Woonkamer': ' Eigen ', 'Keuken': ' Eigen ', 'Badkamer': ' Eigen ', 'Toilet': ' Eigen ', 'Internet': ' Nee ', 'Energielabel': ' B ', 'Huisdieren': ' Nee '}",
Amstelkade,in Amsterdam,20 m,Totale oppervlakte: 80 m 2,â‚¬ 600,p/m | excl. g/w/e,Gemeubileerd,01-10-2021,11 uur geleden geplaatst,https://kamernet.nl/huren/kamer-amsterdam/amstelkade/kamer-1987427,"{'Woonkamer': ' Eigen ', 'Keuken': ' Eigen ', 'Badkamer': ' Gedeeld ', 'Toilet': ' Gedeeld ', 'Internet': ' Ja ', 'Energielabel': ' Onbekend ', 'Huisgenoten': '  1 ', 'Geslacht': ' Gemengd ', 'Huisdieren': ' Nee '}",
Buitenhof,in Uithoorn,90 m,,â‚¬ 1475,p/m | excl. g/w/e,Kaal,01-12-2021 tot 02-12-2023,11 uur geleden geplaatst,https://kamernet.nl/huren/kamer-uithoorn/buitenhof/kamer-1987457,"{'Woonkamer': ' Eigen ', 'Keuken': ' Eigen ', 'Badkamer': ' Eigen ', 'Toilet': ' Eigen ', 'Internet': ' Ja ', 'Energielabel': ' A ', 'Huisgenoten': '  Onbekend  ', 'Geslacht': ' Onbekend ', 'Huisdieren': ' Ja '}",
Boterdiep Wz,in Zuidwolde,17 m,Totaal 1 kamer (1 slaapkamer) ,â‚¬ 400,p/m | incl. g/w/e,Gemeubileerd,15-09-2021 tot 14-09-2022,11 uur geleden geplaatst,https://kamernet.nl/huren/studio-zuidwolde/boterdiep-wz/studio-1987449,"{'Woonkamer': ' Eigen ', 'Keuken': ' Eigen ', 'Badkamer': ' Eigen ', 'Toilet': ' Eigen ', 'Internet': ' Ja ', 'Energielabel': ' Onbekend ', 'Huisdieren': ' Nee '}",
Wenslauerstraat,in Amsterdam,20 m,,â‚¬ 550,p/m | incl. g/w/e,Kaal,10-09-2021,11 uur geleden geplaatst,https://kamernet.nl/huren/kamer-amsterdam/wenslauerstraat/kamer-1987463,"{'Woonkamer': ' Geen ', 'Keuken': ' Eigen ', 'Badkamer': ' Gedeeld ', 'Toilet': ' Gedeeld ', 'Internet': ' Nee ', 'Energielabel': ' Onbekend ', 'Huisgenoten': '  1 ', 'Geslacht': ' Onbekend ', 'Huisdieren': ' Nee '}",
Dordtselaan,in Rotterdam,30 m,Totaal 1 kamer (1 slaapkamer) ,â‚¬ 850,p/m | incl. g/w/e,Gestoffeerd,31-10-2021 tot 30-10-2022,10 uur geleden geplaatst,https://kamernet.nl/huren/studio-rotterdam/dordtselaan/studio-1987470,"{'Woonkamer': ' Eigen ', 'Keuken': ' Eigen ', 'Badkamer': ' Eigen ', 'Toilet': ' Eigen ', 'Internet': ' Ja ', 'Energielabel': ' Onbekend ', 'Huisdieren': ' Nee '}",
Lipperkerkstraat,in Enschede,12 m,,â‚¬ 330,p/m | incl. g/w/e,Gestoffeerd,01-11-2021,10 uur geleden geplaatst,https://kamernet.nl/huren/kamer-enschede/lipperkerkstraat/kamer-1987474,"{'Woonkamer': ' Geen ', 'Keuken': ' Gedeeld ', 'Badkamer': ' Gedeeld ', 'Toilet': ' Gedeeld ', 'Internet': ' Onbekend ', 'Energielabel': ' Onbekend ', 'Huisgenoten': '  3 ', 'Geslacht': ' Gemengd ', 'Huisdieren': ' Nee '}",
Lijsterbesstraat,in Zaandam,24 m,Totale oppervlakte: 50 m 2,â‚¬ 460,p/m | incl. g/w/e,Gestoffeerd,01-11-2021 tot 01-07-2022,9 uur geleden geplaatst,https://kamernet.nl/huren/kamer-zaandam/lijsterbesstraat/kamer-1987473,"{'Woonkamer': ' Eigen ', 'Keuken': ' Gedeeld ', 'Badkamer': ' Gedeeld ', 'Toilet': ' Gedeeld ', 'Internet': ' Onbekend ', 'Energielabel': ' Onbekend ', 'Huisgenoten': '  Onbekend  ', 'Geslacht': ' Onbekend ', 'Huisdieren': ' Nee '}",
Oude Poststraat,in Assen,42 m,Totaal 2 kamers (1 slaapkamer) ,â‚¬ 730,p/m | excl. g/w/e,Gestoffeerd,01-11-2021,Gisteren geplaatst,https://kamernet.nl/huren/appartement-assen/oude-poststraat/appartement-1987253,"{'Woonkamer': ' Eigen ', 'Keuken': ' Eigen ', 'Badkamer': ' Eigen ', 'Toilet': ' Eigen ', 'Internet': ' Nee ', 'Energielabel': ' A ', 'Huisdieren': ' Nee '}",
Kikkenstein,in Amsterdam,10 m,,â‚¬ 375,p/m | incl. g/w/e,Gestoffeerd,10-09-2021,8 uur geleden geplaatst,https://kamernet.nl/huren/kamer-amsterdam/kikkenstein/kamer-1987508,"{'Woonkamer': ' Geen ', 'Keuken': ' Gedeeld ', 'Badkamer': ' Gedeeld ', 'Toilet': ' Gedeeld ', 'Internet': ' Ja ', 'Energielabel': ' Onbekend ', 'Huisgenoten': '  2 ', 'Geslacht': ' Gemengd ', 'Huisdieren': ' Nee '}",
Klikspaanweg,in Leiden,10 m,,â‚¬ 275,p/m | incl. g/w/e,Kaal,10-09-2021,9 uur geleden geplaatst,https://kamernet.nl/huren/kamer-leiden/klikspaanweg/kamer-1987491,"{'Woonkamer': ' Gedeeld ', 'Keuken': ' Gedeeld ', 'Badkamer': ' Gedeeld ', 'Toilet': ' Gedeeld ', 'Internet': ' Ja ', 'Energielabel': ' Onbekend ', 'Huisgenoten': '  Meer dan 8 ', 'Geslacht': ' Gemengd ', 'Huisdieren': ' Nee '}",
Paul Krugerlaan,in Den Haag,12 m,,â‚¬ 325,p/m | incl. g/w/e,Gestoffeerd,10-09-2021,9 uur geleden geplaatst,https://kamernet.nl/huren/kamer-den-haag/paul-krugerlaan/kamer-1987467,"{'Woonkamer': ' Geen ', 'Keuken': ' Gedeeld ', 'Badkamer': ' Gedeeld ', 'Toilet': ' Gedeeld ', 'Internet': ' Ja ', 'Energielabel': ' Onbekend ', 'Huisgenoten': '  4  ', 'Geslacht': ' Gemengd ', 'Huisdieren': ' Nee '}",
Achterom,in Delft,9 m,,â‚¬ 250,p/m | incl. g/w/e,Gemeubileerd,01-10-2021 tot 31-03-2022,11 uur geleden geplaatst,https://kamernet.nl/huren/kamer-delft/achterom/kamer-1984957,"{'Woonkamer': ' Gedeeld ', 'Keuken': ' Gedeeld ', 'Badkamer': ' Gedeeld ', 'Toilet': ' Gedeeld ', 'Internet': ' Ja ', 'Energielabel': ' Onbekend ', 'Huisgenoten': '  4  ', 'Geslacht': ' Gemengd ', 'Huisdieren': ' Nee '}",
Valkenstein,in Amsterdam,87 m,Totaal 4 kamers,â‚¬ 2100,p/m | excl. g/w/e,Gestoffeerd,01-10-2021,11 uur geleden geplaatst,https://kamernet.nl/huren/appartement-amsterdam/valkenstein/appartement-1987410,"{'Woonkamer': ' Onbekend ', 'Keuken': ' Onbekend ', 'Badkamer': ' Onbekend ', 'Toilet': ' Onbekend ', 'Internet': ' Onbekend ', 'Energielabel': ' Onbekend ', 'Huisdieren': ' In overleg '}",
Roer,in Capelle aan den IJssel,40 m,Totaal 2 kamers,â‚¬ 795,p/m | excl. g/w/e,Onbekend,10-09-2021,11 uur geleden geplaatst,https://kamernet.nl/huren/appartement-capelle-aan-den-ijssel/roer/appartement-1987411,"{'Woonkamer': ' Onbekend ', 'Keuken': ' Onbekend ', 'Badkamer': ' Onbekend ', 'Toilet': ' Onbekend ', 'Internet': ' Onbekend ', 'Energielabel': ' Onbekend ', 'Huisdieren': ' In overleg '}",
Transvaalstraat,in Amsterdam,12 m,,â‚¬ 400,p/m | incl. g/w/e,Gemeubileerd,21-08-2021 tot 22-08-2021,11 uur geleden geplaatst,https://kamernet.nl/huren/kamer-amsterdam/transvaalstraat/kamer-1987422,"{'Woonkamer': ' Geen ', 'Keuken': ' Gedeeld ', 'Badkamer': ' Gedeeld ', 'Toilet': ' Gedeeld ', 'Internet': ' Ja ', 'Energielabel': ' Onbekend ', 'Huisgenoten': '  1 ', 'Geslacht': ' Vrouw ', 'Huisdieren': ' Nee '}",
Boomstraat,in Tilburg,90 m,Totaal 2 kamers,â‚¬ 1299,p/m | excl. g/w/e,Gemeubileerd,01-10-2021,11 uur geleden geplaatst,https://kamernet.nl/huren/appartement-tilburg/boomstraat/appartement-1987407,"{'Woonkamer': ' Onbekend ', 'Keuken': ' Onbekend ', 'Badkamer': ' Onbekend ', 'Toilet': ' Onbekend ', 'Internet': ' Onbekend ', 'Energielabel': ' Onbekend ', 'Huisdieren': ' In overleg '}",
Petrus Campersingel,in Groningen,23 m,Totale oppervlakte: 40 m 2,â‚¬ 484,p/m | incl. g/w/e,Gestoffeerd,01-10-2021,Gisteren geplaatst,https://kamernet.nl/huren/kamer-groningen/petrus-campersingel/kamer-1987336,"{'Woonkamer': ' Eigen ', 'Keuken': ' Gedeeld ', 'Badkamer': ' Gedeeld ', 'Toilet': ' Gedeeld ', 'Internet': ' Ja ', 'Energielabel': ' Onbekend ', 'Huisgenoten': '  3 ', 'Geslacht': ' Man ', 'Huisdieren': ' Nee '}",
Brinklaan,in Apeldoorn,50 m,Totaal 3 kamers (2 slaapkamers) ,â‚¬ 975,p/m | excl. g/w/e,Gestoffeerd,15-09-2021,11 uur geleden geplaatst,https://kamernet.nl/huren/appartement-apeldoorn/brinklaan/appartement-1987417,"{'Woonkamer': ' Eigen ', 'Keuken': ' Eigen ', 'Badkamer': ' Eigen ', 'Toilet': ' Eigen ', 'Internet': ' Ja ', 'Energielabel': ' A ', 'Huisdieren': ' In overleg '}",
Veestraat,in Sittard,25 m,,â‚¬ 400,p/m | incl. g/w/e,Gestoffeerd,01-10-2021,11 uur geleden geplaatst,https://kamernet.nl/huren/studentencomplex-sittard/veestraat/studentencomplex-1987433,"{'Woonkamer': ' Geen ', 'Keuken': ' Gedeeld ', 'Badkamer': ' Gedeeld ', 'Toilet': ' Gedeeld ', 'Internet': ' Ja ', 'Energielabel': ' Onbekend ', 'Huisdieren': ' Nee '}",
Volksparksingel,in Enschede,16 m,,â‚¬ 300,p/m | incl. g/w/e,Gemeubileerd,18-10-2021 tot 31-01-2022,9 uur geleden geplaatst,https://kamernet.nl/huren/kamer-enschede/volksparksingel/kamer-1987487,"{'Woonkamer': ' Gedeeld ', 'Keuken': ' Gedeeld ', 'Badkamer': ' Gedeeld ', 'Toilet': ' Gedeeld ', 'Internet': ' Ja ', 'Energielabel': ' Onbekend ', 'Huisgenoten': '  5 ', 'Geslacht': ' Gemengd ', 'Huisdieren': ' In overleg '}",
Dorpsweg,in Rotterdam,73 m,Totaal 2 kamers,â‚¬ 845,p/m | excl. g/w/e,Gestoffeerd,10-09-2021,11 uur geleden geplaatst,https://kamernet.nl/huren/appartement-rotterdam/dorpsweg/appartement-1987438,"{'Woonkamer': ' Onbekend ', 'Keuken': ' Onbekend ', 'Badkamer': ' Onbekend ', 'Toilet': ' Onbekend ', 'Internet': ' Onbekend ', 'Energielabel': ' Onbekend ', 'Huisdieren': ' Nee '}",
Onder de Wieken,in Adorp,15 m,Totale oppervlakte: 30 m 2,â‚¬ 350,p/m | incl. g/w/e,Gemeubileerd,01-10-2021 tot 01-01-2022,15 uur geleden geplaatst,https://kamernet.nl/huren/kamer-adorp/onder-de-wieken/kamer-1987391,"{'Woonkamer': ' Onbekend ', 'Keuken': ' Onbekend ', 'Badkamer': ' Onbekend ', 'Toilet': ' Onbekend ', 'Internet': ' Ja ', 'Energielabel': ' Onbekend ', 'Huisgenoten': '  Onbekend  ', 'Geslacht': ' Onbekend ', 'Huisdieren': ' Nee '}",
Bakkerstraat,in Zandvoort,40 m,Totaal 2 kamers (1 slaapkamer) ,â‚¬ 950,p/m | incl. g/w/e,Gemeubileerd,01-11-2021 tot 01-04-2022,14 uur geleden geplaatst,https://kamernet.nl/huren/appartement-zandvoort/bakkerstraat/appartement-1987418,"{'Woonkamer': ' Eigen ', 'Keuken': ' Eigen ', 'Badkamer': ' Eigen ', 'Toilet': ' Eigen ', 'Internet': ' Ja ', 'Energielabel': ' Onbekend ', 'Huisdieren': ' Nee '}",
Peizerweg,in Groningen,11 m,,â‚¬ 490,p/m | incl. g/w/e,Gemeubileerd,01-02-2022,11 uur geleden geplaatst,https://kamernet.nl/huren/kamer-groningen/peizerweg/kamer-1987432,"{'Woonkamer': ' Gedeeld ', 'Keuken': ' Gedeeld ', 'Badkamer': ' Gedeeld ', 'Toilet': ' Gedeeld ', 'Internet': ' Ja ', 'Energielabel': ' Onbekend ', 'Huisgenoten': '  Meer dan 8 ', 'Geslacht': ' Gemengd ', 'Huisdieren': ' Nee '}",
Korvezeestraat,in Delft,28 m,Totale oppervlakte: 20 m 2,â‚¬ 340,p/m | incl. g/w/e,Gestoffeerd,04-10-2021,11 uur geleden geplaatst,https://kamernet.nl/huren/kamer-delft/korvezeestraat/kamer-1987424,"{'Woonkamer': ' Geen ', 'Keuken': ' Gedeeld ', 'Badkamer': ' Gedeeld ', 'Toilet': ' Gedeeld ', 'Internet': ' Ja ', 'Energielabel': ' Onbekend ', 'Huisgenoten': '  1 ', 'Geslacht': ' Man ', 'Huisdieren': ' In overleg '}",
Hooiraamhoek,in Enschede,25 m,,â‚¬ 650,p/m | incl. g/w/e,Gemeubileerd,01-10-2021,14 uur geleden geplaatst,https://kamernet.nl/huren/kamer-enschede/hooiraamhoek/kamer-1987375,"{'Woonkamer': ' Geen ', 'Keuken': ' Gedeeld ', 'Badkamer': ' Gedeeld ', 'Toilet': ' Gedeeld ', 'Internet': ' Ja ', 'Energielabel': ' Onbekend ', 'Huisgenoten': '  1 ', 'Geslacht': ' Man ', 'Huisdieren': ' Nee '}",
Bachstraat,in Leiden,40 m,,â‚¬ 995,p/m | incl. g/w/e,Gestoffeerd,01-10-2021,14 uur geleden geplaatst,https://kamernet.nl/huren/appartement-leiden/bachstraat/appartement-1987376,"{'Woonkamer': ' Eigen ', 'Keuken': ' Eigen ', 'Badkamer': ' Eigen ', 'Toilet': ' Eigen ', 'Internet': ' Ja ', 'Energielabel': ' Onbekend ', 'Huisdieren': ' Nee '}",
Barrierweg,in Eindhoven,9 m,,â‚¬ 295,p/m | incl. g/w/e,Gestoffeerd,15-10-2021,14 uur geleden geplaatst,https://kamernet.nl/huren/kamer-eindhoven/barrierweg/kamer-1987368,"{'Woonkamer': ' Geen ', 'Keuken': ' Gedeeld ', 'Badkamer': ' Gedeeld ', 'Toilet': ' Gedeeld ', 'Internet': ' Ja ', 'Energielabel': ' Onbekend ', 'Huisgenoten': '  6 ', 'Geslacht': ' Gemengd ', 'Huisdieren': ' Nee '}",
Hendrik Hosstraat,in Amsterdam,12 m,,â‚¬ 700,p/m | incl. g/w/e,Gemeubileerd,05-01-2020 tot 10-01-2023,11 uur geleden geplaatst,https://kamernet.nl/huren/kamer-amsterdam/hendrik-hosstraat/kamer-1987386,"{'Woonkamer': ' Onbekend ', 'Keuken': ' Gedeeld ', 'Badkamer': ' Eigen ', 'Toilet': ' Eigen ', 'Internet': ' Ja ', 'Energielabel': ' Onbekend ', 'Huisgenoten': '  2 ', 'Geslacht': ' Gemengd ', 'Huisdieren': ' Nee '}",
Wolbrantskerkweg,in Amsterdam,45 m,,â‚¬ 850,p/m | incl. g/w/e,Gemeubileerd,01-10-2021,11 uur geleden geplaatst,https://kamernet.nl/huren/kamer-amsterdam/wolbrantskerkweg/kamer-1987387,"{'Woonkamer': ' Eigen ', 'Keuken': ' Gedeeld ', 'Badkamer': ' Gedeeld ', 'Toilet': ' Gedeeld ', 'Internet': ' Ja ', 'Energielabel': ' Onbekend ', 'Huisgenoten': '  2 ', 'Geslacht': ' Gemengd ', 'Huisdieren': ' Nee '}",
Haardstee,in Amsterdam,16 m,Totale oppervlakte: 60 m 2,â‚¬ 700,p/m | incl. g/w/e,Gemeubileerd,15-09-2021,14 uur geleden geplaatst,https://kamernet.nl/huren/kamer-amsterdam/haardstee/kamer-1987367,"{'Woonkamer': ' Eigen ', 'Keuken': ' Gedeeld ', 'Badkamer': ' Gedeeld ', 'Toilet': ' Gedeeld ', 'Internet': ' Ja ', 'Energielabel': ' Onbekend ', 'Huisgenoten': '  1 ', 'Geslacht': ' Man ', 'Huisdieren': ' Nee '}",
J.M. van der Meijstraat,in Almere,22 m,,â‚¬ 550,p/m | incl. g/w/e,Gestoffeerd,01-10-2021,11 uur geleden geplaatst,https://kamernet.nl/huren/kamer-almere/j.m.-van-der-meijstraat/kamer-1987389,"{'Woonkamer': ' Onbekend ', 'Keuken': ' Eigen ', 'Badkamer': ' Eigen ', 'Toilet': ' Eigen ', 'Internet': ' Onbekend ', 'Energielabel': ' Onbekend ', 'Huisgenoten': '  1 ', 'Geslacht': ' Vrouw ', 'Huisdieren': ' Nee '}",
Amerikalaan,in Utrecht,17 m,Totale oppervlakte: 10 m 2,â‚¬ 595,p/m | incl. g/w/e,Gestoffeerd,16-09-2021,11 uur geleden geplaatst,https://kamernet.nl/huren/kamer-utrecht/amerikalaan/kamer-1987390,"{'Woonkamer': ' Onbekend ', 'Keuken': ' Gedeeld ', 'Badkamer': ' Gedeeld ', 'Toilet': ' Gedeeld ', 'Internet': ' Ja ', 'Energielabel': ' Onbekend ', 'Huisgenoten': '  2 ', 'Geslacht': ' Man ', 'Huisdieren': ' Nee '}",
Oude Looiersstraat,in Amsterdam,30 m,Totaal 1 kamer (1 slaapkamer) ,â‚¬ 1100,p/m | excl. g/w/e,Kaal,10-09-2021,11 uur geleden geplaatst,https://kamernet.nl/huren/studio-amsterdam/oude-looiersstraat/studio-1987399,"{'Woonkamer': ' Eigen ', 'Keuken': ' Eigen ', 'Badkamer': ' Eigen ', 'Toilet': ' Eigen ', 'Internet': ' Nee ', 'Energielabel': ' C ', 'Huisdieren': ' In overleg '}",
Pironstraat,in Tilburg,25 m,,â‚¬ 545,p/m | excl. g/w/e,Gestoffeerd,01-11-2021,11 uur geleden geplaatst,https://kamernet.nl/huren/studio-tilburg/pironstraat/studio-1987405,"{'Woonkamer': ' Onbekend ', 'Keuken': ' Onbekend ', 'Badkamer': ' Onbekend ', 'Toilet': ' Onbekend ', 'Internet': ' Onbekend ', 'Energielabel': ' Onbekend ', 'Huisdieren': ' In overleg '}",
Lutmastraat,in Amsterdam,18 m,,â‚¬ 925,p/m | incl. g/w/e,Gemeubileerd,03-10-2021 tot 02-10-2022,5 uur geleden geplaatst,https://kamernet.nl/huren/kamer-amsterdam/lutmastraat/kamer-1987526,"{'Woonkamer': ' Geen ', 'Keuken': ' Gedeeld ', 'Badkamer': ' Gedeeld ', 'Toilet': ' Gedeeld ', 'Internet': ' Ja ', 'Energielabel': ' Onbekend ', 'Huisgenoten': '  1 ', 'Geslacht': ' Man ', 'Huisdieren': ' Nee '}",
Oudenoord,in Utrecht,90 m,Totaal 5 kamers (4 slaapkamers) ,â‚¬ 1750,p/m | excl. g/w/e,Gestoffeerd,10-09-2021,11 uur geleden geplaatst,https://kamernet.nl/huren/appartement-utrecht/oudenoord/appartement-1987412,"{'Woonkamer': ' Eigen ', 'Keuken': ' Eigen ', 'Badkamer': ' Eigen ', 'Toilet': ' Eigen ', 'Internet': ' Ja ', 'Energielabel': ' Onbekend ', 'Huisdieren': ' Ja '}",
Theo Dobbehof,in Soest,12 m,,â‚¬ 470,p/m | incl. g/w/e,Gestoffeerd,01-10-2021 tot 01-10-2022,4 uur geleden geplaatst,https://kamernet.nl/huren/kamer-soest/theo-dobbehof/kamer-1987540,"{'Woonkamer': ' Onbekend ', 'Keuken': ' Gedeeld ', 'Badkamer': ' Gedeeld ', 'Toilet': ' Gedeeld ', 'Internet': ' Ja ', 'Energielabel': ' C ', 'Huisgenoten': '  1 ', 'Geslacht': ' Vrouw ', 'Huisdieren': ' Nee '}",
Menno ter Braaklaan,in Delft,9 m,,â‚¬ 270,p/m | incl. g/w/e,Kaal,01-10-2021,3 uur geleden geplaatst,https://kamernet.nl/huren/kamer-delft/menno-ter-braaklaan/kamer-1987514,"{'Woonkamer': ' Gedeeld ', 'Keuken': ' Gedeeld ', 'Badkamer': ' Gedeeld ', 'Toilet': ' Gedeeld ', 'Internet': ' Ja ', 'Energielabel': ' Onbekend ', 'Huisgenoten': '  4  ', 'Geslacht': ' Gemengd ', 'Huisdieren': ' Nee '}",
Amsterdamsestraatweg,in Utrecht,32 m,,â‚¬ 895,p/m | incl. g/w/e,Gestoffeerd,17-09-2021,3 uur geleden geplaatst,https://kamernet.nl/huren/kamer-utrecht/amsterdamsestraatweg/kamer-1987541,"{'Woonkamer': ' Eigen ', 'Keuken': ' Eigen ', 'Badkamer': ' Eigen ', 'Toilet': ' Gedeeld ', 'Internet': ' Ja ', 'Energielabel': ' Onbekend ', 'Huisgenoten': '  3 ', 'Geslacht': ' Gemengd ', 'Huisdieren': ' Nee '}",
Amsterdamsestraatweg,in Utrecht,40 m,,â‚¬ 950,p/m | incl. g/w/e,Gestoffeerd,17-09-2021,3 uur geleden geplaatst,https://kamernet.nl/huren/kamer-utrecht/amsterdamsestraatweg/kamer-1987539,"{'Woonkamer': ' Eigen ', 'Keuken': ' Eigen ', 'Badkamer': ' Eigen ', 'Toilet': ' Gedeeld ', 'Internet': ' Ja ', 'Energielabel': ' Onbekend ', 'Huisgenoten': '  3 ', 'Geslacht': ' Gemengd ', 'Huisdieren': ' Nee '}",
Digna Johannaweg,in Hoogvliet Rotterdam,12 m,,â‚¬ 600,p/m | incl. g/w/e,Gemeubileerd,08-06-2021,3 uur geleden geplaatst,https://kamernet.nl/huren/kamer-hoogvliet-rotterdam/digna-johannaweg/kamer-1987533,"{'Woonkamer': ' Geen ', 'Keuken': ' Gedeeld ', 'Badkamer': ' Gedeeld ', 'Toilet': ' Gedeeld ', 'Internet': ' Ja ', 'Energielabel': ' Onbekend ', 'Huisgenoten': '  2 ', 'Geslacht': ' Gemengd ', 'Huisdieren': ' Nee '}",
Biscayestraat,in Emmeloord,93 m,Totaal 1 kamer,â‚¬ 1350,p/m | excl. g/w/e,Gestoffeerd,10-09-2021,11 uur geleden geplaatst,https://kamernet.nl/huren/appartement-emmeloord/biscayestraat/appartement-1987437,"{'Woonkamer': ' Onbekend ', 'Keuken': ' Onbekend ', 'Badkamer': ' Onbekend ', 'Toilet': ' Onbekend ', 'Internet': ' Onbekend ', 'Energielabel': ' Onbekend ', 'Huisdieren': ' Nee '}",
Zwanebloemlaan,in Amsterdam,23 m,,â‚¬ 725,p/m | incl. g/w/e,Gestoffeerd,01-10-2021,3 uur geleden geplaatst,https://kamernet.nl/huren/kamer-amsterdam/zwanebloemlaan/kamer-1987549,"{'Woonkamer': ' Eigen ', 'Keuken': ' Eigen ', 'Badkamer': ' Eigen ', 'Toilet': ' Eigen ', 'Internet': ' Ja ', 'Energielabel': ' A ', 'Huisgenoten': '  Onbekend  ', 'Geslacht': ' Onbekend ', 'Huisdieren': ' Nee '}",
Croesestraat,in Utrecht,37 m,Totaal 1 kamer (1 slaapkamer) ,â‚¬ 795,p/m | incl. g/w/e,Gestoffeerd,13-11-2021,1 uur geleden geplaatst,https://kamernet.nl/huren/studio-utrecht/croesestraat/studio-1987558,"{'Woonkamer': ' Eigen ', 'Keuken': ' Eigen ', 'Badkamer': ' Eigen ', 'Toilet': ' Eigen ', 'Internet': ' Ja ', 'Energielabel': ' Onbekend ', 'Huisdieren': ' Nee '}",
De Leeuw van Vlaanderenstraat,in Amsterdam,15 m,Totale oppervlakte: 110 m 2,â‚¬ 730,p/m | incl. g/w/e,Gemeubileerd,15-09-2021 tot 15-09-2022,1 uur geleden geplaatst,https://kamernet.nl/huren/kamer-amsterdam/de-leeuw-van-vlaanderenstraat/kamer-1987557,"{'Woonkamer': ' Gedeeld ', 'Keuken': ' Gedeeld ', 'Badkamer': ' Gedeeld ', 'Toilet': ' Gedeeld ', 'Internet': ' Ja ', 'Energielabel': ' Onbekend ', 'Huisgenoten': '  1 ', 'Geslacht': ' Vrouw ', 'Huisdieren': ' In overleg '}",
Nieuwe Kerkhof,in Groningen,16 m,,â‚¬ 375,p/m | incl. g/w/e,Gestoffeerd,13-09-2021,12 uur geleden geplaatst,https://kamernet.nl/huren/kamer-groningen/nieuwe-kerkhof/kamer-1987448,"{'Woonkamer': ' Geen ', 'Keuken': ' Gedeeld ', 'Badkamer': ' Gedeeld ', 'Toilet': ' Gedeeld ', 'Internet': ' Ja ', 'Energielabel': ' Onbekend ', 'Huisgenoten': '  2 ', 'Geslacht': ' Gemengd ', 'Huisdieren': ' Nee '}",
Waalstraat,in Utrecht,18 m,,â‚¬ 650,p/m | incl. g/w/e,Kaal,10-11-2021,3 uur geleden geplaatst,https://kamernet.nl/huren/kamer-utrecht/waalstraat/kamer-1987532,"{'Woonkamer': ' Geen ', 'Keuken': ' Eigen ', 'Badkamer': ' Gedeeld ', 'Toilet': ' Gedeeld ', 'Internet': ' Ja ', 'Energielabel': ' Onbekend ', 'Huisgenoten': '  2 ', 'Geslacht': ' Gemengd ', 'Huisdieren': ' Nee '}",
Gentsestraat,in Den Haag,19 m,,â‚¬ 475,p/m | incl. g/w/e,Gestoffeerd,01-10-2021,11 uur geleden geplaatst,https://kamernet.nl/huren/kamer-den-haag/gentsestraat/kamer-1987392,"{'Woonkamer': ' Geen ', 'Keuken': ' Gedeeld ', 'Badkamer': ' Eigen ', 'Toilet': ' Gedeeld ', 'Internet': ' Ja ', 'Energielabel': ' Onbekend ', 'Huisgenoten': '  3 ', 'Geslacht': ' Vrouw ', 'Huisdieren': ' Nee '}",
Korte Meerhuizenstraat,in Amsterdam,9 m,,â‚¬ 550,p/m | incl. g/w/e,Gemeubileerd,25-09-2021,3 uur geleden geplaatst,https://kamernet.nl/huren/kamer-amsterdam/korte-meerhuizenstraat/kamer-1981077,"{'Woonkamer': ' Eigen ', 'Keuken': ' Eigen ', 'Badkamer': ' Geen ', 'Toilet': ' Eigen ', 'Internet': ' Ja ', 'Energielabel': ' Onbekend ', 'Huisgenoten': '  2 ', 'Geslacht': ' Gemengd ', 'Huisdieren': ' Ja '}",
Vaartdreef,in Zoetermeer,16 m,,â‚¬ 264,p/m | incl. g/w/e,Kaal,10-09-2021,11 uur geleden geplaatst,https://kamernet.nl/huren/kamer-zoetermeer/vaartdreef/kamer-1987403,"{'Woonkamer': ' Onbekend ', 'Keuken': ' Onbekend ', 'Badkamer': ' Onbekend ', 'Toilet': ' Onbekend ', 'Internet': ' Ja ', 'Energielabel': ' Onbekend ', 'Huisgenoten': '  Onbekend  ', 'Geslacht': ' Onbekend ', 'Huisdieren': ' In overleg '}",
J.M. van der Meijstraat,in Almere,22 m,,â‚¬ 550,p/m | incl. g/w/e,Gestoffeerd,01-10-2021,11 uur geleden geplaatst,https://kamernet.nl/huren/kamer-almere/j.m.-van-der-meijstraat/kamer-1987425,"{'Woonkamer': ' Eigen ', 'Keuken': ' Eigen ', 'Badkamer': ' Eigen ', 'Toilet': ' Eigen ', 'Internet': ' Onbekend ', 'Energielabel': ' Onbekend ', 'Huisgenoten': '  Onbekend  ', 'Geslacht': ' Onbekend ', 'Huisdieren': ' Nee '}",
Vergiliusstraat,in Rotterdam,70 m,Totaal 3 kamers,â‚¬ 450,p/m | excl. g/w/e,Kaal,11-09-2021,11 uur geleden geplaatst,https://kamernet.nl/huren/appartement-rotterdam/vergiliusstraat/appartement-1987580,"{'Woonkamer': ' Onbekend ', 'Keuken': ' Onbekend ', 'Badkamer': ' Onbekend ', 'Toilet': ' Onbekend ', 'Internet': ' Onbekend ', 'Energielabel': ' Onbekend ', 'Huisdieren': ' In overleg '}",
Hogeweg,in Zuidhorn,45 m,Totaal 2 kamers (1 slaapkamer) ,â‚¬ 350,p/m | excl. g/w/e,Kaal,30-09-2021 tot 31-03-2022,5 uur geleden geplaatst,https://kamernet.nl/huren/appartement-zuidhorn/hogeweg/appartement-1987603,"{'Woonkamer': ' Eigen ', 'Keuken': ' Eigen ', 'Badkamer': ' Eigen ', 'Toilet': ' Eigen ', 'Internet': ' Ja ', 'Energielabel': ' Onbekend ', 'Huisdieren': ' Ja '}",
Lutmastraat,in Amsterdam,70 m,,â‚¬ 3000,p/m | excl. g/w/e,Gemeubileerd,30-09-2021,5 uur geleden geplaatst,https://kamernet.nl/huren/appartement-amsterdam/lutmastraat/appartement-1987609,"{'Woonkamer': ' Geen ', 'Keuken': ' Gedeeld ', 'Badkamer': ' Gedeeld ', 'Toilet': ' Gedeeld ', 'Internet': ' Ja ', 'Energielabel': ' Onbekend ', 'Huisdieren': ' Nee '}",
Molenstraat,in Nijmegen,22 m,,â‚¬ 639,p/m | incl. g/w/e,Kaal,01-10-2021,5 uur geleden geplaatst,https://kamernet.nl/huren/kamer-nijmegen/molenstraat/kamer-1987618,"{'Woonkamer': ' Eigen ', 'Keuken': ' Gedeeld ', 'Badkamer': ' Gedeeld ', 'Toilet': ' Gedeeld ', 'Internet': ' Ja ', 'Energielabel': ' Onbekend ', 'Huisgenoten': '  2 ', 'Geslacht': ' Vrouw ', 'Huisdieren': ' Nee '}",
Sloterweg,in Badhoevedorp,45 m,,â‚¬ 1200,p/m | incl. g/w/e,Gemeubileerd,01-10-2021 tot 31-12-2021,5 uur geleden geplaatst,https://kamernet.nl/huren/studio-badhoevedorp/sloterweg/studio-1987620,"{'Woonkamer': ' Eigen ', 'Keuken': ' Eigen ', 'Badkamer': ' Eigen ', 'Toilet': ' Eigen ', 'Internet': ' Ja ', 'Energielabel': ' Onbekend ', 'Huisdieren': ' Nee '}",
Broekstukken,in Eelde,24 m,Totaal 2 kamers (1 slaapkamer) ,â‚¬ 350,p/m | incl. g/w/e,Gemeubileerd,18-09-2021 tot 31-12-2021,5 uur geleden geplaatst,https://kamernet.nl/huren/studio-eelde/broekstukken/studio-1987623,"{'Woonkamer': ' Eigen ', 'Keuken': ' Eigen ', 'Badkamer': ' Eigen ', 'Toilet': ' Eigen ', 'Internet': ' Ja ', 'Energielabel': ' B ', 'Huisdieren': ' Nee '}",
Vrijheidslaan,in Leiden,16 m,,â‚¬ 350,p/m | incl. g/w/e,Gestoffeerd,01-10-2021,5 uur geleden geplaatst,https://kamernet.nl/huren/kamer-leiden/vrijheidslaan/kamer-1987631,"{'Woonkamer': ' Gedeeld ', 'Keuken': ' Gedeeld ', 'Badkamer': ' Gedeeld ', 'Toilet': ' Gedeeld ', 'Internet': ' Ja ', 'Energielabel': ' Onbekend ', 'Huisgenoten': '  Meer dan 8 ', 'Geslacht': ' Gemengd ', 'Huisdieren': ' In overleg '}",
Holendrechtstraat,in Amsterdam,12 m,Totaal 1 kamer (1 slaapkamer) ,â‚¬ 740,p/m | incl. g/w/e,Gemeubileerd,01-10-2021,5 uur geleden geplaatst,https://kamernet.nl/huren/studio-amsterdam/holendrechtstraat/studio-1987634,"{'Woonkamer': ' Eigen ', 'Keuken': ' Eigen ', 'Badkamer': ' Eigen ', 'Toilet': ' Eigen ', 'Internet': ' Ja ', 'Energielabel': ' A ', 'Huisdieren': ' Nee '}",
Duivenkamp,in Maarssen,20 m,,â‚¬ 650,p/m | incl. g/w/e,Gestoffeerd,11-01-2021,5 uur geleden geplaatst,https://kamernet.nl/huren/kamer-maarssen/duivenkamp/kamer-1987645,"{'Woonkamer': ' Gedeeld ', 'Keuken': ' Gedeeld ', 'Badkamer': ' Gedeeld ', 'Toilet': ' Gedeeld ', 'Internet': ' Ja ', 'Energielabel': ' Onbekend ', 'Huisgenoten': '  3 ', 'Geslacht': ' Vrouw ', 'Huisdieren': ' Nee '}",
Duivenkamp,in Maarssen,15 m,,â‚¬ 550,p/m | incl. g/w/e,Gestoffeerd,11-01-2021,5 uur geleden geplaatst,https://kamernet.nl/huren/kamer-maarssen/duivenkamp/kamer-1987646,"{'Woonkamer': ' Gedeeld ', 'Keuken': ' Gedeeld ', 'Badkamer': ' Gedeeld ', 'Toilet': ' Gedeeld ', 'Internet': ' Ja ', 'Energielabel': ' Onbekend ', 'Huisgenoten': '  3 ', 'Geslacht': ' Vrouw ', 'Huisdieren': ' Nee '}",
Chopinlaan,in Eindhoven,22 m,,â‚¬ 450,p/m | incl. g/w/e,Gestoffeerd,01-10-2021,5 uur geleden geplaatst,https://kamernet.nl/huren/kamer-eindhoven/chopinlaan/kamer-1987542,"{'Woonkamer': ' Eigen ', 'Keuken': ' Geen ', 'Badkamer': ' Gedeeld ', 'Toilet': ' Gedeeld ', 'Internet': ' Ja ', 'Energielabel': ' Onbekend ', 'Huisgenoten': '  2 ', 'Geslacht': ' Vrouw ', 'Huisdieren': ' Nee '}",
Tollensstraat,in Rotterdam,25 m,,â‚¬ 750,p/m | incl. g/w/e,Gemeubileerd,11-09-2021,5 uur geleden geplaatst,https://kamernet.nl/huren/kamer-rotterdam/tollensstraat/kamer-1987651,"{'Woonkamer': ' Gedeeld ', 'Keuken': ' Gedeeld ', 'Badkamer': ' Gedeeld ', 'Toilet': ' Gedeeld ', 'Internet': ' Ja ', 'Energielabel': ' Onbekend ', 'Huisgenoten': '  1 ', 'Geslacht': ' Vrouw ', 'Huisdieren': ' Nee '}",
Oostveenweg,in Enschede,15 m,,â‚¬ 330,p/m | incl. g/w/e,Gestoffeerd,01-10-2021,5 uur geleden geplaatst,https://kamernet.nl/huren/kamer-enschede/oostveenweg/kamer-1987622,"{'Woonkamer': ' Gedeeld ', 'Keuken': ' Gedeeld ', 'Badkamer': ' Gedeeld ', 'Toilet': ' Gedeeld ', 'Internet': ' Ja ', 'Energielabel': ' Onbekend ', 'Huisgenoten': '  Meer dan 8 ', 'Geslacht': ' Gemengd ', 'Huisdieren': ' Nee '}",
Mennonietenweg,in Wageningen,20 m,Totale oppervlakte: 50 m 2,â‚¬ 460,p/m | incl. g/w/e,Gestoffeerd,11-09-2021,5 uur geleden geplaatst,https://kamernet.nl/huren/kamer-wageningen/mennonietenweg/kamer-1987656,"{'Woonkamer': ' Geen ', 'Keuken': ' Gedeeld ', 'Badkamer': ' Gedeeld ', 'Toilet': ' Gedeeld ', 'Internet': ' Ja ', 'Energielabel': ' Onbekend ', 'Huisgenoten': '  6 ', 'Geslacht': ' Man ', 'Huisdieren': ' Nee '}",
Molenaerstraat,in Haarlem,9 m,Totale oppervlakte: 40 m 2,â‚¬ 360,p/m | incl. g/w/e,Kaal,01-10-2021,5 uur geleden geplaatst,https://kamernet.nl/huren/kamer-haarlem/molenaerstraat/kamer-1987649,"{'Woonkamer': ' Gedeeld ', 'Keuken': ' Gedeeld ', 'Badkamer': ' Gedeeld ', 'Toilet': ' Gedeeld ', 'Internet': ' Ja ', 'Energielabel': ' Onbekend ', 'Huisgenoten': '  6 ', 'Geslacht': ' Vrouw ', 'Huisdieren': ' Nee '}",
Koornmarkt,in Delft,18 m,,â‚¬ 435,p/m | incl. g/w/e,Gestoffeerd,01-10-2021,5 uur geleden geplaatst,https://kamernet.nl/huren/kamer-delft/koornmarkt/kamer-1987614,"{'Woonkamer': ' Gedeeld ', 'Keuken': ' Gedeeld ', 'Badkamer': ' Gedeeld ', 'Toilet': ' Gedeeld ', 'Internet': ' Ja ', 'Energielabel': ' Onbekend ', 'Huisgenoten': '  3 ', 'Geslacht': ' Man ', 'Huisdieren': ' In overleg '}",
Polanenstraat,in Rotterdam,17 m,Totale oppervlakte: 14 m 2,â‚¬ 570,p/m | incl. g/w/e,Gemeubileerd,01-10-2021,5 uur geleden geplaatst,https://kamernet.nl/huren/kamer-rotterdam/polanenstraat/kamer-1987650,"{'Woonkamer': ' Geen ', 'Keuken': ' Gedeeld ', 'Badkamer': ' Gedeeld ', 'Toilet': ' Gedeeld ', 'Internet': ' Ja ', 'Energielabel': ' Onbekend ', 'Huisgenoten': '  1 ', 'Geslacht': ' Vrouw ', 'Huisdieren': ' Nee '}",
Ecrustraat,in Almere,13 m,,â‚¬ 540,p/m | incl. g/w/e,Gestoffeerd,01-10-2021,12 uur geleden geplaatst,https://kamernet.nl/huren/kamer-almere/ecrustraat/kamer-1987579,"{'Woonkamer': ' Gedeeld ', 'Keuken': ' Gedeeld ', 'Badkamer': ' Gedeeld ', 'Toilet': ' Gedeeld ', 'Internet': ' Ja ', 'Energielabel': ' Onbekend ', 'Huisgenoten': '  3 ', 'Geslacht': ' Onbekend ', 'Huisdieren': ' Nee '}",
Kerkstraat,in Leende,18 m,Totale oppervlakte: 185 m 2,â‚¬ 525,p/m | excl. g/w/e,Gemeubileerd,10-09-2021 tot 16-04-2022,11 uur geleden geplaatst,https://kamernet.nl/huren/kamer-leende/kerkstraat/kamer-1987531,"{'Woonkamer': ' Gedeeld ', 'Keuken': ' Gedeeld ', 'Badkamer': ' Gedeeld ', 'Toilet': ' Gedeeld ', 'Internet': ' Ja ', 'Energielabel': ' Onbekend ', 'Huisgenoten': '  2 ', 'Geslacht': ' Man ', 'Huisdieren': ' In overleg '}",
Amerikalaan,in Utrecht,20 m,,â‚¬ 575,p/m | incl. g/w/e,Gestoffeerd,10-09-2021,12 uur geleden geplaatst,https://kamernet.nl/huren/kamer-utrecht/amerikalaan/kamer-1987398,"{'Woonkamer': ' Eigen ', 'Keuken': ' Gedeeld ', 'Badkamer': ' Gedeeld ', 'Toilet': ' Gedeeld ', 'Internet': ' Ja ', 'Energielabel': ' Onbekend ', 'Huisgenoten': '  2 ', 'Geslacht': ' Man ', 'Huisdieren': ' Nee '}",
Zeggehof,in Purmerend,98 m,,â‚¬ 1450,p/m | excl. g/w/e,Gestoffeerd,01-11-2021,11 uur geleden geplaatst,https://kamernet.nl/huren/appartement-purmerend/zeggehof/appartement-1987593,"{'Woonkamer': ' Onbekend ', 'Keuken': ' Onbekend ', 'Badkamer': ' Onbekend ', 'Toilet': ' Onbekend ', 'Internet': ' Onbekend ', 'Energielabel': ' Onbekend ', 'Huisdieren': ' In overleg '}",
Isaak Hoornbeekstraat,in Delft,10 m,,â‚¬ 362,p/m | incl. g/w/e,Gemeubileerd,01-10-2021 tot 31-01-2022,11 uur geleden geplaatst,https://kamernet.nl/huren/kamer-delft/isaak-hoornbeekstraat/kamer-1987543,"{'Woonkamer': ' Gedeeld ', 'Keuken': ' Gedeeld ', 'Badkamer': ' Gedeeld ', 'Toilet': ' Gedeeld ', 'Internet': ' Ja ', 'Energielabel': ' Onbekend ', 'Huisgenoten': '  4  ', 'Geslacht': ' Vrouw ', 'Huisdieren': ' In overleg '}",
Wilhelmina Druckerstraat,in Apeldoorn,29 m,Totaal 1 kamer,â‚¬ 493,p/m | excl. g/w/e,Gestoffeerd,01-10-2021,11 uur geleden geplaatst,https://kamernet.nl/huren/studio-apeldoorn/wilhelmina-druckerstraat/studio-1987589,"{'Woonkamer': ' Onbekend ', 'Keuken': ' Onbekend ', 'Badkamer': ' Onbekend ', 'Toilet': ' Onbekend ', 'Internet': ' Onbekend ', 'Energielabel': ' Onbekend ', 'Huisdieren': ' In overleg '}",
Cornelis Drebbelstraat,in Tilburg,22 m,,â‚¬ 420,p/m | excl. g/w/e,Gestoffeerd,01-10-2021,11 uur geleden geplaatst,https://kamernet.nl/huren/studio-tilburg/cornelis-drebbelstraat/studio-1987582,"{'Woonkamer': ' Onbekend ', 'Keuken': ' Onbekend ', 'Badkamer': ' Onbekend ', 'Toilet': ' Onbekend ', 'Internet': ' Onbekend ', 'Energielabel': ' Onbekend ', 'Huisdieren': ' In overleg '}",
Kanaalstraat,in Apeldoorn,36 m,Totaal 2 kamers,â‚¬ 649,p/m | excl. g/w/e,Gestoffeerd,01-10-2021,11 uur geleden geplaatst,https://kamernet.nl/huren/appartement-apeldoorn/kanaalstraat/appartement-1987586,"{'Woonkamer': ' Onbekend ', 'Keuken': ' Onbekend ', 'Badkamer': ' Onbekend ', 'Toilet': ' Onbekend ', 'Internet': ' Onbekend ', 'Energielabel': ' Onbekend ', 'Huisdieren': ' In overleg '}",
Deltastraat,in Alkmaar,131 m,,â‚¬ 1750,p/m | excl. g/w/e,Gestoffeerd,01-11-2021,11 uur geleden geplaatst,https://kamernet.nl/huren/appartement-alkmaar/deltastraat/appartement-1987592,"{'Woonkamer': ' Onbekend ', 'Keuken': ' Onbekend ', 'Badkamer': ' Onbekend ', 'Toilet': ' Onbekend ', 'Internet': ' Onbekend ', 'Energielabel': ' Onbekend ', 'Huisdieren': ' In overleg '}",
Voorstraat,in Egmond aan Zee,162 m,,â‚¬ 1495,p/m | excl. g/w/e,Gemeubileerd,05-01-2022,11 uur geleden geplaatst,https://kamernet.nl/huren/appartement-egmond-aan-zee/voorstraat/appartement-1987591,"{'Woonkamer': ' Onbekend ', 'Keuken': ' Onbekend ', 'Badkamer': ' Onbekend ', 'Toilet': ' Onbekend ', 'Internet': ' Onbekend ', 'Energielabel': ' Onbekend ', 'Huisdieren': ' In overleg '}",
Molenbuurt,in Grootebroek,40 m,,â‚¬ 950,p/m | excl. g/w/e,Gemeubileerd,11-09-2021,11 uur geleden geplaatst,https://kamernet.nl/huren/appartement-grootebroek/molenbuurt/appartement-1987594,"{'Woonkamer': ' Onbekend ', 'Keuken': ' Onbekend ', 'Badkamer': ' Onbekend ', 'Toilet': ' Onbekend ', 'Internet': ' Onbekend ', 'Energielabel': ' Onbekend ', 'Huisdieren': ' In overleg '}",
Amsterdamsestraatweg,in Utrecht,30 m,,â‚¬ 875,p/m | incl. g/w/e,Gestoffeerd,17-09-2021,12 uur geleden geplaatst,https://kamernet.nl/huren/kamer-utrecht/amsterdamsestraatweg/kamer-1987548,"{'Woonkamer': ' Eigen ', 'Keuken': ' Eigen ', 'Badkamer': ' Eigen ', 'Toilet': ' Gedeeld ', 'Internet': ' Ja ', 'Energielabel': ' Onbekend ', 'Huisgenoten': '  3 ', 'Geslacht': ' Gemengd ', 'Huisdieren': ' Nee '}",
Jan Hissink Jansenstraat,in Groningen,20 m,,â‚¬ 460,p/m | incl. g/w/e,Gestoffeerd,15-09-2021,5 uur geleden geplaatst,https://kamernet.nl/huren/kamer-groningen/jan-hissink-jansenstraat/kamer-1987576,"{'Woonkamer': ' Eigen ', 'Keuken': ' Eigen ', 'Badkamer': ' Gedeeld ', 'Toilet': ' Gedeeld ', 'Internet': ' Ja ', 'Energielabel': ' Onbekend ', 'Huisgenoten': '  1 ', 'Geslacht': ' Vrouw ', 'Huisdieren': ' In overleg '}",
Dintelstraat,in Arnhem,9 m,,â‚¬ 350,p/m | excl. g/w/e,Gestoffeerd,01-10-2021 tot 01-01-2022,5 uur geleden geplaatst,https://kamernet.nl/huren/kamer-arnhem/dintelstraat/kamer-1987664,"{'Woonkamer': ' Gedeeld ', 'Keuken': ' Gedeeld ', 'Badkamer': ' Gedeeld ', 'Toilet': ' Gedeeld ', 'Internet': ' Ja ', 'Energielabel': ' Onbekend ', 'Huisgenoten': '  1 ', 'Geslacht': ' Man ', 'Huisdieren': ' Nee '}",
Saffierstraat,in Amsterdam,55 m,Totaal 3 kamers (2 slaapkamers) ,â‚¬ 1480,p/m | excl. g/w/e,Gestoffeerd,01-11-2021,3 uur geleden geplaatst,https://kamernet.nl/huren/appartement-amsterdam/saffierstraat/appartement-1987673,"{'Woonkamer': ' Eigen ', 'Keuken': ' Eigen ', 'Badkamer': ' Eigen ', 'Toilet': ' Eigen ', 'Internet': ' Nee ', 'Energielabel': ' Onbekend ', 'Huisdieren': ' Nee '}",
Ina Boudier-Bakkerlaan,in Utrecht,30 m,Totaal 1 kamer (1 slaapkamer) ,â‚¬ 1050,p/m | excl. g/w/e,Gemeubileerd,01-10-2021 tot 01-09-2022,1 uur geleden geplaatst,https://kamernet.nl/huren/studio-utrecht/ina-boudier-bakkerlaan/studio-1987684,"{'Woonkamer': ' Eigen ', 'Keuken': ' Eigen ', 'Badkamer': ' Eigen ', 'Toilet': ' Eigen ', 'Internet': ' Nee ', 'Energielabel': ' Onbekend ', 'Huisdieren': ' Nee '}",
De Werf,in Monnickendam,9 m,Totale oppervlakte: 95 m 2,â‚¬ 700,p/m | excl. g/w/e,Gemeubileerd,12-09-2021,2 uur geleden geplaatst,https://kamernet.nl/huren/kamer-monnickendam/de-werf/kamer-1987678,"{'Woonkamer': ' Gedeeld ', 'Keuken': ' Gedeeld ', 'Badkamer': ' Gedeeld ', 'Toilet': ' Gedeeld ', 'Internet': ' Ja ', 'Energielabel': ' Onbekend ', 'Huisgenoten': '  1 ', 'Geslacht': ' Vrouw ', 'Huisdieren': ' Nee '}",
Amstelkade,in Amsterdam,10 m,Totale oppervlakte: 58 m 2,â‚¬ 880,p/m | incl. g/w/e,Gemeubileerd,01-10-2021,1 uur geleden geplaatst,https://kamernet.nl/huren/kamer-amsterdam/amstelkade/kamer-1987670,"{'Woonkamer': ' Gedeeld ', 'Keuken': ' Gedeeld ', 'Badkamer': ' Gedeeld ', 'Toilet': ' Gedeeld ', 'Internet': ' Ja ', 'Energielabel': ' Onbekend ', 'Huisgenoten': '  1 ', 'Geslacht': ' Man ', 'Huisdieren': ' Nee '}",
Welle,in Deventer,32 m,Totaal 1 kamer,â‚¬ 621,p/m | excl. g/w/e,Gestoffeerd,01-10-2021,11 uur geleden geplaatst,https://kamernet.nl/huren/studio-deventer/welle/studio-1987587,"{'Woonkamer': ' Onbekend ', 'Keuken': ' Onbekend ', 'Badkamer': ' Onbekend ', 'Toilet': ' Onbekend ', 'Internet': ' Onbekend ', 'Energielabel': ' Onbekend ', 'Huisdieren': ' In overleg '}",
Van Brakelplein,in Groningen,11 m,,â‚¬ 435,p/m | incl. g/w/e,Kaal,20-09-2021 tot 31-08-2022,0 uur geleden geplaatst,https://kamernet.nl/huren/kamer-groningen/van-brakelplein/kamer-1987688,"{'Woonkamer': ' Gedeeld ', 'Keuken': ' Gedeeld ', 'Badkamer': ' Gedeeld ', 'Toilet': ' Gedeeld ', 'Internet': ' Ja ', 'Energielabel': ' C ', 'Huisgenoten': '  1 ', 'Geslacht': ' Vrouw ', 'Huisdieren': ' Nee '}",
Brinklaan,in Bussum,8 m,,â‚¬ 450,p/m | incl. g/w/e,Gestoffeerd,11-09-2021,1 uur geleden geplaatst,https://kamernet.nl/huren/kamer-bussum/brinklaan/kamer-1987685,"{'Woonkamer': ' Gedeeld ', 'Keuken': ' Gedeeld ', 'Badkamer': ' Gedeeld ', 'Toilet': ' Gedeeld ', 'Internet': ' Ja ', 'Energielabel': ' Onbekend ', 'Huisgenoten': '  2 ', 'Geslacht': ' Man ', 'Huisdieren': ' Nee '}",
Edisonstraat,in IJmuiden,9 m,Totale oppervlakte: 40 m 2,â‚¬ 365,p/m | incl. g/w/e,Gemeubileerd,01-10-2021,14 uur geleden geplaatst,https://kamernet.nl/huren/kamer-ijmuiden/edisonstraat/kamer-1987572,"{'Woonkamer': ' Geen ', 'Keuken': ' Gedeeld ', 'Badkamer': ' Gedeeld ', 'Toilet': ' Gedeeld ', 'Internet': ' Ja ', 'Energielabel': ' Onbekend ', 'Huisgenoten': '  5 ', 'Geslacht': ' Gemengd ', 'Huisdieren': ' Nee '}",
Perigordlaan,in Eindhoven,27 m,Totale oppervlakte: 45 m 2,â‚¬ 600,p/m | incl. g/w/e,Gestoffeerd,10-09-2021,12 uur geleden geplaatst,https://kamernet.nl/huren/kamer-eindhoven/perigordlaan/kamer-1971641,"{'Woonkamer': ' Eigen ', 'Keuken': ' Eigen ', 'Badkamer': ' Gedeeld ', 'Toilet': ' Gedeeld ', 'Internet': ' Ja ', 'Energielabel': ' A ', 'Huisgenoten': '  1 ', 'Geslacht': ' Man ', 'Huisdieren': ' Nee '}",
Eschweilerhof,in Eindhoven,32 m,,â‚¬ 865,p/m | incl. g/w/e,Gestoffeerd,01-03-2021 tot 28-02-2022,11 uur geleden geplaatst,https://kamernet.nl/huren/studio-eindhoven/eschweilerhof/studio-1987595,"{'Woonkamer': ' Geen ', 'Keuken': ' Eigen ', 'Badkamer': ' Eigen ', 'Toilet': ' Eigen ', 'Internet': ' Ja ', 'Energielabel': ' Onbekend ', 'Huisdieren': ' Nee '}",
Keizer Karelweg,in Amstelveen,30 m,Totaal 1 kamer (1 slaapkamer) ,â‚¬ 750,p/m | excl. g/w/e,Gestoffeerd,11-09-2021,11 uur geleden geplaatst,https://kamernet.nl/huren/studio-amstelveen/keizer-karelweg/studio-1987605,"{'Woonkamer': ' Eigen ', 'Keuken': ' Eigen ', 'Badkamer': ' Eigen ', 'Toilet': ' Eigen ', 'Internet': ' Ja ', 'Energielabel': ' Onbekend ', 'Huisdieren': ' Nee '}",
Acacialaan,in Doorn,50 m,,â‚¬ 1100,p/m | excl. g/w/e,Gestoffeerd,01-10-2021,10 uur geleden geplaatst,https://kamernet.nl/huren/appartement-doorn/acacialaan/appartement-1987610,"{'Woonkamer': ' Eigen ', 'Keuken': ' Eigen ', 'Badkamer': ' Eigen ', 'Toilet': ' Eigen ', 'Internet': ' Ja ', 'Energielabel': ' G ', 'Huisdieren': ' Nee '}",
Nieuwe Parklaan,in Den Haag,15 m,,â‚¬ 800,p/m | incl. g/w/e,Gemeubileerd,13-09-2021 tot 15-12-2021,12 uur geleden geplaatst,https://kamernet.nl/huren/kamer-den-haag/nieuwe-parklaan/kamer-1987564,"{'Woonkamer': ' Gedeeld ', 'Keuken': ' Gedeeld ', 'Badkamer': ' Gedeeld ', 'Toilet': ' Gedeeld ', 'Internet': ' Ja ', 'Energielabel': ' Onbekend ', 'Huisgenoten': '  Onbekend  ', 'Geslacht': ' Onbekend ', 'Huisdieren': ' Nee '}",
Holendrechtstraat,in Amsterdam,36 m,Totaal 2 kamers (1 slaapkamer) ,â‚¬ 1280,p/m | excl. g/w/e,Gestoffeerd,01-10-2021,11 uur geleden geplaatst,https://kamernet.nl/huren/appartement-amsterdam/holendrechtstraat/appartement-1987599,"{'Woonkamer': ' Eigen ', 'Keuken': ' Eigen ', 'Badkamer': ' Eigen ', 'Toilet': ' Eigen ', 'Internet': ' Ja ', 'Energielabel': ' A ', 'Huisdieren': ' Nee '}",
Achterweg,in Haarlem,60 m,Totaal 3 kamers (1 slaapkamer) ,â‚¬ 1100,p/m | excl. g/w/e,Gestoffeerd,01-10-2021,9 uur geleden geplaatst,https://kamernet.nl/huren/appartement-haarlem/achterweg/appartement-1987626,"{'Woonkamer': ' Eigen ', 'Keuken': ' Eigen ', 'Badkamer': ' Eigen ', 'Toilet': ' Eigen ', 'Internet': ' Nee ', 'Energielabel': ' Onbekend ', 'Huisdieren': ' Nee '}",
Everhardt van der Marckstraat,in Enschede,15 m,,â‚¬ 250,p/m | excl. g/w/e,Gestoffeerd,01-10-2021,8 uur geleden geplaatst,https://kamernet.nl/huren/kamer-enschede/everhardt-van-der-marckstraat/kamer-1987629,"{'Woonkamer': ' Gedeeld ', 'Keuken': ' Gedeeld ', 'Badkamer': ' Gedeeld ', 'Toilet': ' Gedeeld ', 'Internet': ' Ja ', 'Energielabel': ' Onbekend ', 'Huisgenoten': '  3 ', 'Geslacht': ' Gemengd ', 'Huisdieren': ' Nee '}",
Burgemeester De Vlugtlaan,in Amsterdam,11 m,,â‚¬ 375,p/m | incl. g/w/e,Gestoffeerd,03-10-2021,7 uur geleden geplaatst,https://kamernet.nl/huren/kamer-amsterdam/burgemeester-de-vlugtlaan/kamer-1987637,"{'Woonkamer': ' Gedeeld ', 'Keuken': ' Gedeeld ', 'Badkamer': ' Gedeeld ', 'Toilet': ' Gedeeld ', 'Internet': ' Ja ', 'Energielabel': ' Onbekend ', 'Huisgenoten': '  2 ', 'Geslacht': ' Gemengd ', 'Huisdieren': ' Nee '}",
Ouderkerkerdijk,in Amsterdam,24 m,Totaal 1 kamer (1 slaapkamer) ,â‚¬ 650,p/m | excl. g/w/e,Gemeubileerd,01-10-2021 tot 01-05-2022,12 uur geleden geplaatst,https://kamernet.nl/huren/studio-amsterdam/ouderkerkerdijk/studio-1987585,"{'Woonkamer': ' Eigen ', 'Keuken': ' Eigen ', 'Badkamer': ' Eigen ', 'Toilet': ' Eigen ', 'Internet': ' Nee ', 'Energielabel': ' Onbekend ', 'Huisdieren': ' Nee '}",
Ossendamweg,in Soest,38 m,,â‚¬ 700,p/m | incl. g/w/e,Gestoffeerd,01-10-2021,11 uur geleden geplaatst,https://kamernet.nl/huren/kamer-soest/ossendamweg/kamer-1987537,"{'Woonkamer': ' Geen ', 'Keuken': ' Gedeeld ', 'Badkamer': ' Eigen ', 'Toilet': ' Eigen ', 'Internet': ' Ja ', 'Energielabel': ' B ', 'Huisgenoten': '  4  ', 'Geslacht': ' Vrouw ', 'Huisdieren': ' Nee '}",
Driebergseweg,in Zeist,12 m,,â‚¬ 325,p/m | incl. g/w/e,Gestoffeerd,01-10-2021 tot 01-01-2025,5 uur geleden geplaatst,https://kamernet.nl/huren/kamer-zeist/driebergseweg/kamer-1987658,"{'Woonkamer': ' Gedeeld ', 'Keuken': ' Gedeeld ', 'Badkamer': ' Gedeeld ', 'Toilet': ' Gedeeld ', 'Internet': ' Ja ', 'Energielabel': ' Onbekend ', 'Huisgenoten': '  Meer dan 8 ', 'Geslacht': ' Gemengd ', 'Huisdieren': ' Nee '}",
Jacoba van Beierenlaan,in Delft,13 m,,â‚¬ 300,p/m | incl. g/w/e,Kaal,15-09-2021,5 uur geleden geplaatst,https://kamernet.nl/huren/kamer-delft/jacoba-van-beierenlaan/kamer-1987601,"{'Woonkamer': ' Gedeeld ', 'Keuken': ' Gedeeld ', 'Badkamer': ' Gedeeld ', 'Toilet': ' Gedeeld ', 'Internet': ' Ja ', 'Energielabel': ' Onbekend ', 'Huisgenoten': '  Meer dan 8 ', 'Geslacht': ' Gemengd ', 'Huisdieren': ' Nee '}",
Korianderstraat,in Eindhoven,65 m,Totaal 1 kamer (1 slaapkamer) ,â‚¬ 795,p/m | incl. g/w/e,Gestoffeerd,01-10-2021,9 uur geleden geplaatst,https://kamernet.nl/huren/appartement-eindhoven/korianderstraat/appartement-1987621,"{'Woonkamer': ' Eigen ', 'Keuken': ' Eigen ', 'Badkamer': ' Eigen ', 'Toilet': ' Eigen ', 'Internet': ' Ja ', 'Energielabel': ' C ', 'Huisdieren': ' Nee '}",
Brancusistraat,in Almere,24 m,,â‚¬ 550,p/m | incl. g/w/e,Gemeubileerd,15-09-2021 tot 01-01-2022,5 dagen geleden geplaatst,https://kamernet.nl/huren/kamer-almere/brancusistraat/kamer-1985461,"{'Woonkamer': ' Gedeeld ', 'Keuken': ' Gedeeld ', 'Badkamer': ' Gedeeld ', 'Toilet': ' Gedeeld ', 'Internet': ' Ja ', 'Energielabel': ' Onbekend ', 'Huisgenoten': '  4  ', 'Geslacht': ' Vrouw ', 'Huisdieren': ' Nee '}",
Polsbroekstraat,in Den Haag,15 m,,â‚¬ 475,p/m | incl. g/w/e,Gemeubileerd,11-09-2021 tot 31-12-2021,3 weken geleden geplaatst,https://kamernet.nl/huren/studio-den-haag/polsbroekstraat/studio-1981133,"{'Woonkamer': ' Geen ', 'Keuken': ' Gedeeld ', 'Badkamer': ' Gedeeld ', 'Toilet': ' Gedeeld ', 'Internet': ' Ja ', 'Energielabel': ' C ', 'Huisdieren': ' Nee '}",
Diezestraat,in Amsterdam,70 m,Totaal 4 kamers (2 slaapkamers) ,â‚¬ 1850,p/m | excl. g/w/e,Gemeubileerd,15-09-2021 tot 15-09-2022,10 uur geleden geplaatst,https://kamernet.nl/huren/appartement-amsterdam/diezestraat/appartement-1987748,"{'Woonkamer': ' Eigen ', 'Keuken': ' Eigen ', 'Badkamer': ' Eigen ', 'Toilet': ' Eigen ', 'Internet': ' Ja ', 'Energielabel': ' Onbekend ', 'Huisdieren': ' In overleg '}",
Tijl Uilenspiegelstraat,in Amsterdam,20 m,Totale oppervlakte: 30 m 2,â‚¬ 650,p/m | incl. g/w/e,Gestoffeerd,18-09-2021,14 uur geleden geplaatst,https://kamernet.nl/huren/kamer-amsterdam/tijl-uilenspiegelstraat/kamer-1987729,"{'Woonkamer': ' Gedeeld ', 'Keuken': ' Gedeeld ', 'Badkamer': ' Eigen ', 'Toilet': ' Eigen ', 'Internet': ' Ja ', 'Energielabel': ' Onbekend ', 'Huisgenoten': '  1 ', 'Geslacht': ' Vrouw ', 'Huisdieren': ' Ja '}",
Weerder,in Monnickendam,10 m,Totale oppervlakte: 74 m 2,â‚¬ 295,p/m | excl. g/w/e,Gemeubileerd,13-09-2021,Gisteren geplaatst,https://kamernet.nl/huren/kamer-monnickendam/weerder/kamer-1987702,"{'Woonkamer': ' Gedeeld ', 'Keuken': ' Gedeeld ', 'Badkamer': ' Gedeeld ', 'Toilet': ' Gedeeld ', 'Internet': ' Ja ', 'Energielabel': ' C ', 'Huisgenoten': '  1 ', 'Geslacht': ' Man ', 'Huisdieren': ' Nee '}",
Van Leijenberghlaan,in Amsterdam,10 m,Totale oppervlakte: 90 m 2,â‚¬ 575,p/m | incl. g/w/e,Gemeubileerd,01-10-2021,Gisteren geplaatst,https://kamernet.nl/huren/kamer-amsterdam/van-leijenberghlaan/kamer-1987707,"{'Woonkamer': ' Gedeeld ', 'Keuken': ' Gedeeld ', 'Badkamer': ' Gedeeld ', 'Toilet': ' Gedeeld ', 'Internet': ' Ja ', 'Energielabel': ' Onbekend ', 'Huisgenoten': '  1 ', 'Geslacht': ' Man ', 'Huisdieren': ' Nee '}",
Regulierstraat,in Haarlem,14 m,Totale oppervlakte: 70 m 2,â‚¬ 500,p/m | incl. g/w/e,Kaal,18-09-2021,14 uur geleden geplaatst,https://kamernet.nl/huren/kamer-haarlem/regulierstraat/kamer-1987720,"{'Woonkamer': ' Geen ', 'Keuken': ' Gedeeld ', 'Badkamer': ' Gedeeld ', 'Toilet': ' Gedeeld ', 'Internet': ' Ja ', 'Energielabel': ' Onbekend ', 'Huisgenoten': '  1 ', 'Geslacht': ' Vrouw ', 'Huisdieren': ' Nee '}",
Boskoopstraat,in Tilburg,102 m,Totaal 1 kamer,â‚¬ 1200,p/m | excl. g/w/e,Gestoffeerd,12-09-2021,10 uur geleden geplaatst,https://kamernet.nl/huren/appartement-tilburg/boskoopstraat/appartement-1987715,"{'Woonkamer': ' Onbekend ', 'Keuken': ' Onbekend ', 'Badkamer': ' Onbekend ', 'Toilet': ' Onbekend ', 'Internet': ' Onbekend ', 'Energielabel': ' Onbekend ', 'Huisdieren': ' In overleg '}",
Hoogte Kadijk,in Amsterdam,73 m,Totaal 3 kamers (1 slaapkamer) ,â‚¬ 1400,p/m | incl. g/w/e,Gemeubileerd,01-10-2021 tot 24-10-2021,10 uur geleden geplaatst,https://kamernet.nl/huren/appartement-amsterdam/hoogte-kadijk/appartement-1987708,"{'Woonkamer': ' Eigen ', 'Keuken': ' Eigen ', 'Badkamer': ' Eigen ', 'Toilet': ' Eigen ', 'Internet': ' Ja ', 'Energielabel': ' E ', 'Huisdieren': ' Nee '}",
Eekwal,in Zwolle,16 m,,â‚¬ 300,p/m | incl. g/w/e,Gemeubileerd,01-10-2021 tot 01-10-2022,10 uur geleden geplaatst,https://kamernet.nl/huren/kamer-zwolle/eekwal/kamer-1987779,"{'Woonkamer': ' Geen ', 'Keuken': ' Gedeeld ', 'Badkamer': ' Gedeeld ', 'Toilet': ' Gedeeld ', 'Internet': ' Ja ', 'Energielabel': ' F ', 'Huisgenoten': '  1 ', 'Geslacht': ' Man ', 'Huisdieren': ' Nee '}",
Cornelis Joosstraat,in Breda,12 m,,â‚¬ 475,p/m | incl. g/w/e,Gemeubileerd,01-10-2021,10 uur geleden geplaatst,https://kamernet.nl/huren/kamer-breda/cornelis-joosstraat/kamer-1987747,"{'Woonkamer': ' Gedeeld ', 'Keuken': ' Gedeeld ', 'Badkamer': ' Gedeeld ', 'Toilet': ' Gedeeld ', 'Internet': ' Ja ', 'Energielabel': ' Onbekend ', 'Huisgenoten': '  3 ', 'Geslacht': ' Onbekend ', 'Huisdieren': ' Nee '}",
August Allebeplein,in Amsterdam,7 m,,â‚¬ 650,p/m | incl. g/w/e,Gemeubileerd,11-10-2021,10 uur geleden geplaatst,https://kamernet.nl/huren/kamer-amsterdam/august-allebeplein/kamer-1987691,"{'Woonkamer': ' Gedeeld ', 'Keuken': ' Gedeeld ', 'Badkamer': ' Gedeeld ', 'Toilet': ' Gedeeld ', 'Internet': ' Ja ', 'Energielabel': ' Onbekend ', 'Huisgenoten': '  1 ', 'Geslacht': ' Man ', 'Huisdieren': ' Nee '}",
August Allebeplein,in Amsterdam,7 m,,â‚¬ 650,p/m | incl. g/w/e,Gemeubileerd,05-10-2021,10 uur geleden geplaatst,https://kamernet.nl/huren/kamer-amsterdam/august-allebeplein/kamer-1987690,"{'Woonkamer': ' Gedeeld ', 'Keuken': ' Gedeeld ', 'Badkamer': ' Gedeeld ', 'Toilet': ' Gedeeld ', 'Internet': ' Ja ', 'Energielabel': ' Onbekend ', 'Huisgenoten': '  1 ', 'Geslacht': ' Man ', 'Huisdieren': ' Nee '}",
Medanstraat,in Utrecht,16 m,,â‚¬ 550,p/m | incl. g/w/e,Gemeubileerd,09-09-2021,9 uur geleden geplaatst,https://kamernet.nl/huren/kamer-utrecht/medanstraat/kamer-1987305,"{'Woonkamer': ' Onbekend ', 'Keuken': ' Onbekend ', 'Badkamer': ' Onbekend ', 'Toilet': ' Onbekend ', 'Internet': ' Onbekend ', 'Energielabel': ' Onbekend ', 'Huisgenoten': '  Geen ', 'Geslacht': ' Onbekend ', 'Huisdieren': ' In overleg '}",
Bos en Lommerweg,in Amsterdam,25 m,Totale oppervlakte: 60 m 2,â‚¬ 750,p/m | incl. g/w/e,Gemeubileerd,01-10-2021 tot 31-10-2021,7 uur geleden geplaatst,https://kamernet.nl/huren/kamer-amsterdam/bos-en-lommerweg/kamer-1987810,"{'Woonkamer': ' Onbekend ', 'Keuken': ' Gedeeld ', 'Badkamer': ' Gedeeld ', 'Toilet': ' Gedeeld ', 'Internet': ' Ja ', 'Energielabel': ' Onbekend ', 'Huisgenoten': '  Onbekend  ', 'Geslacht': ' Onbekend ', 'Huisdieren': ' Nee '}",
Noorderstraat,in Emmen,12 m,,â‚¬ 350,p/m | incl. g/w/e,Gemeubileerd,12-09-2021,7 uur geleden geplaatst,https://kamernet.nl/huren/kamer-emmen/noorderstraat/kamer-1987819,"{'Woonkamer': ' Gedeeld ', 'Keuken': ' Gedeeld ', 'Badkamer': ' Gedeeld ', 'Toilet': ' Gedeeld ', 'Internet': ' Ja ', 'Energielabel': ' Onbekend ', 'Huisgenoten': '  1 ', 'Geslacht': ' Vrouw ', 'Huisdieren': ' Nee '}",
Londenstraat,in Enschede,8 m,Totale oppervlakte: 45 m 2,â‚¬ 230,p/m | incl. g/w/e,Gestoffeerd,12-09-2021,7 uur geleden geplaatst,https://kamernet.nl/huren/kamer-enschede/londenstraat/kamer-1987768,"{'Woonkamer': ' Gedeeld ', 'Keuken': ' Gedeeld ', 'Badkamer': ' Gedeeld ', 'Toilet': ' Gedeeld ', 'Internet': ' Ja ', 'Energielabel': ' Onbekend ', 'Huisgenoten': '  Onbekend  ', 'Geslacht': ' Onbekend ', 'Huisdieren': ' Nee '}",
Sint Filippushof,in Tilburg,54 m,Totaal 1 kamer,â‚¬ 890,p/m | excl. g/w/e,Gestoffeerd,01-10-2021,10 uur geleden geplaatst,https://kamernet.nl/huren/appartement-tilburg/sint-filippushof/appartement-1987713,"{'Woonkamer': ' Onbekend ', 'Keuken': ' Onbekend ', 'Badkamer': ' Onbekend ', 'Toilet': ' Onbekend ', 'Internet': ' Onbekend ', 'Energielabel': ' Onbekend ', 'Huisdieren': ' In overleg '}",
Ballonstraat,in Leiden,14 m,Totale oppervlakte: 110 m 2,â‚¬ 900,p/m | incl. g/w/e,Gemeubileerd,12-09-2021,13 uur geleden geplaatst,https://kamernet.nl/huren/kamer-leiden/ballonstraat/kamer-1987742,"{'Woonkamer': ' Gedeeld ', 'Keuken': ' Gedeeld ', 'Badkamer': ' Gedeeld ', 'Toilet': ' Gedeeld ', 'Internet': ' Ja ', 'Energielabel': ' A ', 'Huisgenoten': '  1 ', 'Geslacht': ' Man ', 'Huisdieren': ' Nee '}",
Karel Doormanlaan,in Hilversum,23 m,,â‚¬ 550,p/m | incl. g/w/e,Gestoffeerd,01-10-2021,12 uur geleden geplaatst,https://kamernet.nl/huren/kamer-hilversum/karel-doormanlaan/kamer-1987732,"{'Woonkamer': ' Geen ', 'Keuken': ' Eigen ', 'Badkamer': ' Gedeeld ', 'Toilet': ' Gedeeld ', 'Internet': ' Ja ', 'Energielabel': ' Onbekend ', 'Huisgenoten': '  2 ', 'Geslacht': ' Gemengd ', 'Huisdieren': ' Nee '}",
Magneetveld,in Almere,16 m,Totale oppervlakte: 20 m 2,â‚¬ 350,p/m | incl. g/w/e,Gestoffeerd,14-09-2021,12 uur geleden geplaatst,https://kamernet.nl/huren/kamer-almere/magneetveld/kamer-1987752,"{'Woonkamer': ' Gedeeld ', 'Keuken': ' Gedeeld ', 'Badkamer': ' Gedeeld ', 'Toilet': ' Gedeeld ', 'Internet': ' Ja ', 'Energielabel': ' Onbekend ', 'Huisgenoten': '  2 ', 'Geslacht': ' Gemengd ', 'Huisdieren': ' Nee '}",
Nieuwe Ebbingestraat,in Groningen,55 m,Totaal 2 kamers (1 slaapkamer) ,â‚¬ 950,p/m | excl. g/w/e,Gestoffeerd,01-11-2021,12 uur geleden geplaatst,https://kamernet.nl/huren/appartement-groningen/nieuwe-ebbingestraat/appartement-1987754,"{'Woonkamer': ' Eigen ', 'Keuken': ' Eigen ', 'Badkamer': ' Eigen ', 'Toilet': ' Eigen ', 'Internet': ' Nee ', 'Energielabel': ' Onbekend ', 'Huisdieren': ' Nee '}",
Geerten Gossaertpad,in Almere,18 m,,â‚¬ 500,p/m | incl. g/w/e,Gemeubileerd,01-01-2022 tot 31-12-2022,12 uur geleden geplaatst,https://kamernet.nl/huren/kamer-almere/geerten-gossaertpad/kamer-1807727,"{'Woonkamer': ' Geen ', 'Keuken': ' Gedeeld ', 'Badkamer': ' Gedeeld ', 'Toilet': ' Gedeeld ', 'Internet': ' Ja ', 'Energielabel': ' Onbekend ', 'Huisgenoten': '  1 ', 'Geslacht': ' Vrouw ', 'Huisdieren': ' Nee '}",
Roggekamp,in Diemen,12 m,Totale oppervlakte: 101 m 2,â‚¬ 750,p/m | incl. g/w/e,Gemeubileerd,15-10-2021,11 uur geleden geplaatst,https://kamernet.nl/huren/kamer-diemen/roggekamp/kamer-1987764,"{'Woonkamer': ' Gedeeld ', 'Keuken': ' Gedeeld ', 'Badkamer': ' Gedeeld ', 'Toilet': ' Gedeeld ', 'Internet': ' Ja ', 'Energielabel': ' Onbekend ', 'Huisgenoten': '  3 ', 'Geslacht': ' Man ', 'Huisdieren': ' Nee '}",
Oostersingel,in Groningen,25 m,,â‚¬ 470,p/m | incl. g/w/e,Gestoffeerd,01-10-2021,10 uur geleden geplaatst,https://kamernet.nl/huren/kamer-groningen/oostersingel/kamer-1987740,"{'Woonkamer': ' Geen ', 'Keuken': ' Gedeeld ', 'Badkamer': ' Gedeeld ', 'Toilet': ' Gedeeld ', 'Internet': ' Ja ', 'Energielabel': ' Onbekend ', 'Huisgenoten': '  2 ', 'Geslacht': ' Man ', 'Huisdieren': ' Nee '}",
Zwaardemakerlaan,in Utrecht,15 m,Totale oppervlakte: 90 m 2,â‚¬ 700,p/m | incl. g/w/e,Gestoffeerd,01-11-2021,14 uur geleden geplaatst,https://kamernet.nl/huren/kamer-utrecht/zwaardemakerlaan/kamer-1987738,"{'Woonkamer': ' Gedeeld ', 'Keuken': ' Gedeeld ', 'Badkamer': ' Gedeeld ', 'Toilet': ' Gedeeld ', 'Internet': ' Ja ', 'Energielabel': ' E ', 'Huisgenoten': '  2 ', 'Geslacht': ' Vrouw ', 'Huisdieren': ' Nee '}",
Cezannestraat,in Almere,30 m,Totaal 1 kamer (1 slaapkamer) ,â‚¬ 950,p/m | incl. g/w/e,Gemeubileerd,10-09-2021 tot 10-09-2022,10 uur geleden geplaatst,https://kamernet.nl/huren/studio-almere/cezannestraat/studio-1987769,"{'Woonkamer': ' Eigen ', 'Keuken': ' Eigen ', 'Badkamer': ' Eigen ', 'Toilet': ' Eigen ', 'Internet': ' Ja ', 'Energielabel': ' Onbekend ', 'Huisdieren': ' Nee '}",
Schieweg,in Rotterdam,25 m,,â‚¬ 800,p/m | incl. g/w/e,Gestoffeerd,21-09-2021,10 uur geleden geplaatst,https://kamernet.nl/huren/studio-rotterdam/schieweg/studio-1987761,"{'Woonkamer': ' Eigen ', 'Keuken': ' Eigen ', 'Badkamer': ' Eigen ', 'Toilet': ' Eigen ', 'Internet': ' Ja ', 'Energielabel': ' Onbekend ', 'Huisdieren': ' Nee '}",
Dordtselaan,in Rotterdam,30 m,,â‚¬ 800,p/m | incl. g/w/e,Gestoffeerd,15-10-2021,10 uur geleden geplaatst,https://kamernet.nl/huren/studio-rotterdam/dordtselaan/studio-1987762,"{'Woonkamer': ' Eigen ', 'Keuken': ' Eigen ', 'Badkamer': ' Eigen ', 'Toilet': ' Eigen ', 'Internet': ' Ja ', 'Energielabel': ' Onbekend ', 'Huisdieren': ' Nee '}",
Hildebranddreef,in Utrecht,30 m,,â‚¬ 999,p/m | incl. g/w/e,Gestoffeerd,12-09-2021,10 uur geleden geplaatst,https://kamernet.nl/huren/kamer-utrecht/hildebranddreef/kamer-1987725,"{'Woonkamer': ' Onbekend ', 'Keuken': ' Onbekend ', 'Badkamer': ' Eigen ', 'Toilet': ' Eigen ', 'Internet': ' Ja ', 'Energielabel': ' Onbekend ', 'Huisgenoten': '  Onbekend  ', 'Geslacht': ' Onbekend ', 'Huisdieren': ' Ja '}",
Pepereind,in Cromvoirt,16 m,Totale oppervlakte: 120 m 2,â‚¬ 370,p/m | incl. g/w/e,Gemeubileerd,01-10-2021,10 uur geleden geplaatst,https://kamernet.nl/huren/kamer-cromvoirt/pepereind/kamer-1987699,"{'Woonkamer': ' Gedeeld ', 'Keuken': ' Gedeeld ', 'Badkamer': ' Gedeeld ', 'Toilet': ' Gedeeld ', 'Internet': ' Ja ', 'Energielabel': ' Onbekend ', 'Huisgenoten': '  4  ', 'Geslacht': ' Man ', 'Huisdieren': ' Nee '}",
Sloterweg,in Badhoevedorp,45 m,,â‚¬ 1200,p/m | incl. g/w/e,Gemeubileerd,01-10-2021 tot 31-12-2021,5 uur geleden geplaatst,https://kamernet.nl/huren/studio-badhoevedorp/sloterweg/studio-1987838,"{'Woonkamer': ' Eigen ', 'Keuken': ' Eigen ', 'Badkamer': ' Eigen ', 'Toilet': ' Eigen ', 'Internet': ' Ja ', 'Energielabel': ' Onbekend ', 'Huisdieren': ' Nee '}",
Peutingerpad,in Eindhoven,16 m,Totale oppervlakte: 40 m 2,â‚¬ 425,p/m | incl. g/w/e,Gestoffeerd,01-11-2021,5 uur geleden geplaatst,https://kamernet.nl/huren/kamer-eindhoven/peutingerpad/kamer-1987841,"{'Woonkamer': ' Eigen ', 'Keuken': ' Gedeeld ', 'Badkamer': ' Gedeeld ', 'Toilet': ' Gedeeld ', 'Internet': ' Ja ', 'Energielabel': ' Onbekend ', 'Huisgenoten': '  2 ', 'Geslacht': ' Man ', 'Huisdieren': ' Nee '}",
Goirkestraat,in Tilburg,63 m,Totale oppervlakte: 63 m 2,â‚¬ 1037,p/m | incl. g/w/e,Gestoffeerd,01-10-2021,5 uur geleden geplaatst,https://kamernet.nl/huren/kamer-tilburg/goirkestraat/kamer-1987843,"{'Woonkamer': ' Eigen ', 'Keuken': ' Eigen ', 'Badkamer': ' Eigen ', 'Toilet': ' Eigen ', 'Internet': ' Ja ', 'Energielabel': ' Onbekend ', 'Huisgenoten': '  1 ', 'Geslacht': ' Gemengd ', 'Huisdieren': ' Nee '}",
Klikspaanweg,in Leiden,11 m,,â‚¬ 335,p/m | incl. g/w/e,Gestoffeerd,12-10-2021,5 uur geleden geplaatst,https://kamernet.nl/huren/kamer-leiden/klikspaanweg/kamer-1876331,"{'Woonkamer': ' Gedeeld ', 'Keuken': ' Gedeeld ', 'Badkamer': ' Eigen ', 'Toilet': ' Eigen ', 'Internet': ' Ja ', 'Energielabel': ' Onbekend ', 'Huisgenoten': '  Meer dan 8 ', 'Geslacht': ' Gemengd ', 'Huisdieren': ' Ja '}",
Haaksbergerstraat,in Enschede,18 m,,â‚¬ 306,p/m | incl. g/w/e,Gemeubileerd,01-11-2021 tot 31-01-2022,5 uur geleden geplaatst,https://kamernet.nl/huren/kamer-enschede/haaksbergerstraat/kamer-1987771,"{'Woonkamer': ' Gedeeld ', 'Keuken': ' Gedeeld ', 'Badkamer': ' Gedeeld ', 'Toilet': ' Gedeeld ', 'Internet': ' Onbekend ', 'Energielabel': ' Onbekend ', 'Huisgenoten': '  5 ', 'Geslacht': ' Gemengd ', 'Huisdieren': ' Nee '}",
Korte Poten,in Den Haag,16 m,,â‚¬ 575,p/m | excl. g/w/e,Gestoffeerd,12-09-2021,4 uur geleden geplaatst,https://kamernet.nl/huren/appartement-den-haag/korte-poten/appartement-1987834,"{'Woonkamer': ' Gedeeld ', 'Keuken': ' Gedeeld ', 'Badkamer': ' Gedeeld ', 'Toilet': ' Gedeeld ', 'Internet': ' Ja ', 'Energielabel': ' Onbekend ', 'Huisdieren': ' Nee '}",
Witte Singel,in Leiden,12 m,,â‚¬ 250,p/m | incl. g/w/e,Gestoffeerd,08-10-2021,4 uur geleden geplaatst,https://kamernet.nl/huren/kamer-leiden/witte-singel/kamer-1987852,"{'Woonkamer': ' Gedeeld ', 'Keuken': ' Gedeeld ', 'Badkamer': ' Gedeeld ', 'Toilet': ' Gedeeld ', 'Internet': ' Ja ', 'Energielabel': ' Onbekend ', 'Huisgenoten': '  8  ', 'Geslacht': ' Gemengd ', 'Huisdieren': ' In overleg '}",
Weverssingel,in Amersfoort,22 m,,â‚¬ 395,p/m | incl. g/w/e,Kaal,15-10-2021,4 uur geleden geplaatst,https://kamernet.nl/huren/kamer-amersfoort/weverssingel/kamer-1987856,"{'Woonkamer': ' Gedeeld ', 'Keuken': ' Gedeeld ', 'Badkamer': ' Gedeeld ', 'Toilet': ' Gedeeld ', 'Internet': ' Ja ', 'Energielabel': ' Onbekend ', 'Huisgenoten': '  8  ', 'Geslacht': ' Gemengd ', 'Huisdieren': ' Nee '}",
Theo Dobbehof,in Soest,24 m,Totale oppervlakte: 134 m 2,â‚¬ 500,p/m | incl. g/w/e,Gestoffeerd,01-10-2021 tot 01-10-2022,4 uur geleden geplaatst,https://kamernet.nl/huren/kamer-soest/theo-dobbehof/kamer-1987858,"{'Woonkamer': ' Onbekend ', 'Keuken': ' Gedeeld ', 'Badkamer': ' Gedeeld ', 'Toilet': ' Gedeeld ', 'Internet': ' Ja ', 'Energielabel': ' C ', 'Huisgenoten': '  1 ', 'Geslacht': ' Man ', 'Huisdieren': ' In overleg '}",
Prins Mauritsstraat,in Castricum,14 m,,â‚¬ 450,p/m | incl. g/w/e,Gemeubileerd,19-09-2021 tot 31-12-2021,3 uur geleden geplaatst,https://kamernet.nl/huren/kamer-castricum/prins-mauritsstraat/kamer-1987862,"{'Woonkamer': ' Eigen ', 'Keuken': ' Gedeeld ', 'Badkamer': ' Eigen ', 'Toilet': ' Eigen ', 'Internet': ' Ja ', 'Energielabel': ' Onbekend ', 'Huisgenoten': '  Onbekend  ', 'Geslacht': ' Onbekend ', 'Huisdieren': ' Nee '}",
Ternatestraat,in Delft,12 m,Totale oppervlakte: 50 m 2,â‚¬ 445,p/m | incl. g/w/e,Gestoffeerd,01-10-2021 tot 31-01-2022,3 uur geleden geplaatst,https://kamernet.nl/huren/kamer-delft/ternatestraat/kamer-1987867,"{'Woonkamer': ' Gedeeld ', 'Keuken': ' Gedeeld ', 'Badkamer': ' Gedeeld ', 'Toilet': ' Gedeeld ', 'Internet': ' Ja ', 'Energielabel': ' Onbekend ', 'Huisgenoten': '  4  ', 'Geslacht': ' Gemengd ', 'Huisdieren': ' In overleg '}",
Goirkestraat,in Tilburg,48 m,Totale oppervlakte: 48 m 2,â‚¬ 1050,p/m | incl. g/w/e,Gestoffeerd,01-10-2021,4 uur geleden geplaatst,https://kamernet.nl/huren/kamer-tilburg/goirkestraat/kamer-1987847,"{'Woonkamer': ' Eigen ', 'Keuken': ' Eigen ', 'Badkamer': ' Eigen ', 'Toilet': ' Eigen ', 'Internet': ' Ja ', 'Energielabel': ' Onbekend ', 'Huisgenoten': '  1 ', 'Geslacht': ' Gemengd ', 'Huisdieren': ' Nee '}",
2e Kekerstraat,in Amsterdam,15 m,,â‚¬ 400,p/m | incl. g/w/e,Gemeubileerd,11-09-2021,Gisteren geplaatst,https://kamernet.nl/huren/kamer-amsterdam/2e-kekerstraat/kamer-1987705,"{'Woonkamer': ' Gedeeld ', 'Keuken': ' Gedeeld ', 'Badkamer': ' Gedeeld ', 'Toilet': ' Gedeeld ', 'Internet': ' Ja ', 'Energielabel': ' A ', 'Huisgenoten': '  2 ', 'Geslacht': ' Gemengd ', 'Huisdieren': ' Nee '}",
Marsdiepstraat,in Alkmaar,12 m,,â‚¬ 350,p/m | incl. g/w/e,Gemeubileerd,15-09-2021,6 uur geleden geplaatst,https://kamernet.nl/huren/kamer-alkmaar/marsdiepstraat/kamer-1987783,"{'Woonkamer': ' Gedeeld ', 'Keuken': ' Gedeeld ', 'Badkamer': ' Gedeeld ', 'Toilet': ' Gedeeld ', 'Internet': ' Ja ', 'Energielabel': ' Onbekend ', 'Huisgenoten': '  2 ', 'Geslacht': ' Gemengd ', 'Huisdieren': ' Nee '}",
Schiekade,in Rotterdam,25 m,Totaal 1 kamer (1 slaapkamer) ,â‚¬ 950,p/m | incl. g/w/e,Gemeubileerd,20-09-2021 tot 01-08-2022,6 uur geleden geplaatst,https://kamernet.nl/huren/studio-rotterdam/schiekade/studio-1987785,"{'Woonkamer': ' Eigen ', 'Keuken': ' Eigen ', 'Badkamer': ' Eigen ', 'Toilet': ' Eigen ', 'Internet': ' Ja ', 'Energielabel': ' Onbekend ', 'Huisdieren': ' Nee '}",
Hoefstraat,in Tilburg,40 m,Totale oppervlakte: 60 m 2,â‚¬ 720,p/m | incl. g/w/e,Gemeubileerd,01-10-2021,6 uur geleden geplaatst,https://kamernet.nl/huren/kamer-tilburg/hoefstraat/kamer-1987789,"{'Woonkamer': ' Gedeeld ', 'Keuken': ' Gedeeld ', 'Badkamer': ' Gedeeld ', 'Toilet': ' Gedeeld ', 'Internet': ' Ja ', 'Energielabel': ' A ', 'Huisgenoten': '  Onbekend  ', 'Geslacht': ' Onbekend ', 'Huisdieren': ' Nee '}",
Steijnstraat,in Arnhem,22 m,,â‚¬ 468,p/m | incl. g/w/e,Gestoffeerd,01-10-2021 tot 01-10-2022,6 uur geleden geplaatst,https://kamernet.nl/huren/kamer-arnhem/steijnstraat/kamer-1987782,"{'Woonkamer': ' Geen ', 'Keuken': ' Gedeeld ', 'Badkamer': ' Gedeeld ', 'Toilet': ' Gedeeld ', 'Internet': ' Ja ', 'Energielabel': ' Onbekend ', 'Huisgenoten': '  5 ', 'Geslacht': ' Vrouw ', 'Huisdieren': ' Nee '}",
Legmeerdijk,in Amstelveen,8 m,,â‚¬ 695,p/m | incl. g/w/e,Gemeubileerd,12-09-2021,6 uur geleden geplaatst,https://kamernet.nl/huren/kamer-amstelveen/legmeerdijk/kamer-1987799,"{'Woonkamer': ' Gedeeld ', 'Keuken': ' Gedeeld ', 'Badkamer': ' Gedeeld ', 'Toilet': ' Gedeeld ', 'Internet': ' Ja ', 'Energielabel': ' Onbekend ', 'Huisgenoten': '  2 ', 'Geslacht': ' Gemengd ', 'Huisdieren': ' In overleg '}",
Pleinweg,in Rotterdam,16 m,,â‚¬ 575,p/m | incl. g/w/e,Gemeubileerd,01-10-2021,6 uur geleden geplaatst,https://kamernet.nl/huren/kamer-rotterdam/pleinweg/kamer-1987800,"{'Woonkamer': ' Gedeeld ', 'Keuken': ' Gedeeld ', 'Badkamer': ' Gedeeld ', 'Toilet': ' Gedeeld ', 'Internet': ' Ja ', 'Energielabel': ' Onbekend ', 'Huisgenoten': '  2 ', 'Geslacht': ' Man ', 'Huisdieren': ' Nee '}",
Verzetsstrijderslaan,in Groningen,26 m,Totale oppervlakte: 27 m 2,â‚¬ 500,p/m | incl. g/w/e,Gemeubileerd,01-10-2021 tot 01-04-2022,5 uur geleden geplaatst,https://kamernet.nl/huren/kamer-groningen/verzetsstrijderslaan/kamer-1987828,"{'Woonkamer': ' Eigen ', 'Keuken': ' Gedeeld ', 'Badkamer': ' Gedeeld ', 'Toilet': ' Gedeeld ', 'Internet': ' Ja ', 'Energielabel': ' Onbekend ', 'Huisgenoten': '  2 ', 'Geslacht': ' Vrouw ', 'Huisdieren': ' Nee '}",
Het Hout,in Groningen,58 m,Totaal 2 kamers (1 slaapkamer) ,â‚¬ 1100,p/m | excl. g/w/e,Gestoffeerd,01-11-2021,6 uur geleden geplaatst,https://kamernet.nl/huren/appartement-groningen/het-hout/appartement-1987808,"{'Woonkamer': ' Eigen ', 'Keuken': ' Eigen ', 'Badkamer': ' Eigen ', 'Toilet': ' Eigen ', 'Internet': ' Onbekend ', 'Energielabel': ' A ', 'Huisdieren': ' Nee '}",
Zaagmuldersweg,in Groningen,47 m,Totaal 1 kamer (1 slaapkamer) ,â‚¬ 1100,p/m | excl. g/w/e,Gestoffeerd,16-11-2021,6 uur geleden geplaatst,https://kamernet.nl/huren/appartement-groningen/zaagmuldersweg/appartement-1987814,"{'Woonkamer': ' Eigen ', 'Keuken': ' Eigen ', 'Badkamer': ' Eigen ', 'Toilet': ' Eigen ', 'Internet': ' Onbekend ', 'Energielabel': ' A ', 'Huisdieren': ' Nee '}",
Guido Gezellestraat,in Vlijmen,30 m,,â‚¬ 500,p/m | incl. g/w/e,Kaal,01-10-2021,6 uur geleden geplaatst,https://kamernet.nl/huren/kamer-vlijmen/guido-gezellestraat/kamer-1987816,"{'Woonkamer': ' Onbekend ', 'Keuken': ' Gedeeld ', 'Badkamer': ' Gedeeld ', 'Toilet': ' Gedeeld ', 'Internet': ' Ja ', 'Energielabel': ' Onbekend ', 'Huisgenoten': '  1 ', 'Geslacht': ' Man ', 'Huisdieren': ' Nee '}",
Spijkerstraat,in Utrecht,18 m,,â‚¬ 665,p/m | incl. g/w/e,Gestoffeerd,01-10-2021,6 uur geleden geplaatst,https://kamernet.nl/huren/kamer-utrecht/spijkerstraat/kamer-1987821,"{'Woonkamer': ' Gedeeld ', 'Keuken': ' Gedeeld ', 'Badkamer': ' Gedeeld ', 'Toilet': ' Gedeeld ', 'Internet': ' Ja ', 'Energielabel': ' Onbekend ', 'Huisgenoten': '  2 ', 'Geslacht': ' Gemengd ', 'Huisdieren': ' Nee '}",
Malakkastraat,in Den Haag,26 m,,â‚¬ 685,p/m | incl. g/w/e,Gestoffeerd,01-10-2021,6 uur geleden geplaatst,https://kamernet.nl/huren/kamer-den-haag/malakkastraat/kamer-1985426,"{'Woonkamer': ' Eigen ', 'Keuken': ' Eigen ', 'Badkamer': ' Eigen ', 'Toilet': ' Gedeeld ', 'Internet': ' Ja ', 'Energielabel': ' Onbekend ', 'Huisgenoten': '  4  ', 'Geslacht': ' Gemengd ', 'Huisdieren': ' Nee '}",
Scherpenzeelstraat,in Amsterdam,75 m,Totaal 3 kamers (2 slaapkamers) ,â‚¬ 1500,p/m | excl. g/w/e,Gemeubileerd,12-09-2021 tot 01-09-2022,5 uur geleden geplaatst,https://kamernet.nl/huren/appartement-amsterdam/scherpenzeelstraat/appartement-1987833,"{'Woonkamer': ' Eigen ', 'Keuken': ' Eigen ', 'Badkamer': ' Eigen ', 'Toilet': ' Eigen ', 'Internet': ' Ja ', 'Energielabel': ' C ', 'Huisdieren': ' Nee '}",
Borneostraat,in Utrecht,80 m,Totaal 3 kamers (2 slaapkamers) ,â‚¬ 1200,p/m | incl. g/w/e,Gestoffeerd,01-11-2021,14 uur geleden geplaatst,https://kamernet.nl/huren/appartement-utrecht/borneostraat/appartement-1987853,"{'Woonkamer': ' Gedeeld ', 'Keuken': ' Gedeeld ', 'Badkamer': ' Gedeeld ', 'Toilet': ' Gedeeld ', 'Internet': ' Ja ', 'Energielabel': ' Onbekend ', 'Huisdieren': ' Nee '}",
Prof. Evertslaan,in Delft,13 m,Totale oppervlakte: 44 m 2,â‚¬ 310,p/m | incl. g/w/e,Kaal,30-09-2021,14 uur geleden geplaatst,https://kamernet.nl/huren/kamer-delft/prof.-evertslaan/kamer-1987869,"{'Woonkamer': ' Gedeeld ', 'Keuken': ' Gedeeld ', 'Badkamer': ' Gedeeld ', 'Toilet': ' Gedeeld ', 'Internet': ' Ja ', 'Energielabel': ' Onbekend ', 'Huisgenoten': '  Meer dan 8 ', 'Geslacht': ' Gemengd ', 'Huisdieren': ' Nee '}",
Nieuwe Schoolstraat,in Delft,8 m,Totale oppervlakte: 40 m 2,â‚¬ 235,p/m | incl. g/w/e,Gemeubileerd,18-09-2021,14 uur geleden geplaatst,https://kamernet.nl/huren/kamer-delft/nieuwe-schoolstraat/kamer-1987873,"{'Woonkamer': ' Gedeeld ', 'Keuken': ' Gedeeld ', 'Badkamer': ' Gedeeld ', 'Toilet': ' Gedeeld ', 'Internet': ' Ja ', 'Energielabel': ' Onbekend ', 'Huisgenoten': '  2 ', 'Geslacht': ' Man ', 'Huisdieren': ' In overleg '}",
Boterdiepstraat,in Amsterdam,60 m,Totaal 2 kamers (1 slaapkamer) ,â‚¬ 1644,p/m | excl. g/w/e,Gestoffeerd,18-10-2021,14 uur geleden geplaatst,https://kamernet.nl/huren/appartement-amsterdam/boterdiepstraat/appartement-1987874,"{'Woonkamer': ' Eigen ', 'Keuken': ' Eigen ', 'Badkamer': ' Eigen ', 'Toilet': ' Eigen ', 'Internet': ' Nee ', 'Energielabel': ' Onbekend ', 'Huisdieren': ' In overleg '}",
Osdorperweg,in Amsterdam,30 m,Totale oppervlakte: 200 m 2,â‚¬ 500,p/m | incl. g/w/e,Gestoffeerd,13-09-2021,14 uur geleden geplaatst,https://kamernet.nl/huren/kamer-amsterdam/osdorperweg/kamer-1987877,"{'Woonkamer': ' Gedeeld ', 'Keuken': ' Gedeeld ', 'Badkamer': ' Gedeeld ', 'Toilet': ' Gedeeld ', 'Internet': ' Ja ', 'Energielabel': ' A ', 'Huisgenoten': '  1 ', 'Geslacht': ' Man ', 'Huisdieren': ' Ja '}",
Kleine Oord,in Arnhem,23 m,,â‚¬ 445,p/m | incl. g/w/e,Gestoffeerd,01-11-2021,3 uur geleden geplaatst,https://kamernet.nl/huren/kamer-arnhem/kleine-oord/kamer-1988056,"{'Woonkamer': ' Geen ', 'Keuken': ' Gedeeld ', 'Badkamer': ' Gedeeld ', 'Toilet': ' Gedeeld ', 'Internet': ' Ja ', 'Energielabel': ' Onbekend ', 'Huisgenoten': '  6 ', 'Geslacht': ' Gemengd ', 'Huisdieren': ' Nee '}",
Bart de Ligtstraat,in Amsterdam,23 m,,â‚¬ 500,p/m | incl. g/w/e,Gemeubileerd,13-09-2021,2 uur geleden geplaatst,https://kamernet.nl/huren/kamer-amsterdam/bart-de-ligtstraat/kamer-1988073,"{'Woonkamer': ' Eigen ', 'Keuken': ' Eigen ', 'Badkamer': ' Gedeeld ', 'Toilet': ' Gedeeld ', 'Internet': ' Ja ', 'Energielabel': ' Onbekend ', 'Huisgenoten': '  Geen ', 'Geslacht': ' Onbekend ', 'Huisdieren': ' Nee '}",
Taagdreef,in Utrecht,12 m,,â‚¬ 360,p/m | incl. g/w/e,Gestoffeerd,16-10-2021,2 uur geleden geplaatst,https://kamernet.nl/huren/kamer-utrecht/taagdreef/kamer-1988069,"{'Woonkamer': ' Geen ', 'Keuken': ' Gedeeld ', 'Badkamer': ' Gedeeld ', 'Toilet': ' Gedeeld ', 'Internet': ' Ja ', 'Energielabel': ' Onbekend ', 'Huisgenoten': '  3 ', 'Geslacht': ' Gemengd ', 'Huisdieren': ' Nee '}",
Oliemolensingel,in Enschede,17 m,,â‚¬ 650,p/m | excl. g/w/e,Gemeubileerd,01-10-2021,3 uur geleden geplaatst,https://kamernet.nl/huren/kamer-enschede/oliemolensingel/kamer-1988048,"{'Woonkamer': ' Gedeeld ', 'Keuken': ' Gedeeld ', 'Badkamer': ' Gedeeld ', 'Toilet': ' Gedeeld ', 'Internet': ' Ja ', 'Energielabel': ' Onbekend ', 'Huisgenoten': '  1 ', 'Geslacht': ' Man ', 'Huisdieren': ' Nee '}",
Insulindestraat,in Leeuwarden,20 m,Totale oppervlakte: 20 m 2,â‚¬ 390,p/m | incl. g/w/e,Gestoffeerd,01-10-2021,2 uur geleden geplaatst,https://kamernet.nl/huren/kamer-leeuwarden/insulindestraat/kamer-1987675,"{'Woonkamer': ' Geen ', 'Keuken': ' Eigen ', 'Badkamer': ' Gedeeld ', 'Toilet': ' Gedeeld ', 'Internet': ' Ja ', 'Energielabel': ' C ', 'Huisgenoten': '  8  ', 'Geslacht': ' Gemengd ', 'Huisdieren': ' Nee '}",
Smaragdhof,in Utrecht,58 m,Totaal 3 kamers (2 slaapkamers) ,â‚¬ 1200,p/m | excl. g/w/e,Gestoffeerd,03-10-2021,2 uur geleden geplaatst,https://kamernet.nl/huren/appartement-utrecht/smaragdhof/appartement-1988070,"{'Woonkamer': ' Eigen ', 'Keuken': ' Eigen ', 'Badkamer': ' Eigen ', 'Toilet': ' Eigen ', 'Internet': ' Nee ', 'Energielabel': ' E ', 'Huisdieren': ' Nee '}",
Volkerakstraat,in Arnhem,16 m,Totale oppervlakte: 60 m 2,â‚¬ 500,p/m | incl. g/w/e,Kaal,13-09-2021,14 uur geleden geplaatst,https://kamernet.nl/huren/kamer-arnhem/volkerakstraat/kamer-1987888,"{'Woonkamer': ' Onbekend ', 'Keuken': ' Eigen ', 'Badkamer': ' Eigen ', 'Toilet': ' Eigen ', 'Internet': ' Ja ', 'Energielabel': ' Onbekend ', 'Huisgenoten': '  1 ', 'Geslacht': ' Gemengd ', 'Huisdieren': ' Nee '}",
Montgomerylaan,in Delft,19 m,,â‚¬ 460,p/m | incl. g/w/e,Gemeubileerd,20-09-2021 tot 02-11-2021,2 uur geleden geplaatst,https://kamernet.nl/huren/kamer-delft/montgomerylaan/kamer-1988067,"{'Woonkamer': ' Gedeeld ', 'Keuken': ' Gedeeld ', 'Badkamer': ' Gedeeld ', 'Toilet': ' Eigen ', 'Internet': ' Ja ', 'Energielabel': ' Onbekend ', 'Huisgenoten': '  2 ', 'Geslacht': ' Man ', 'Huisdieren': ' Nee '}",
Ginnekenstraat,in Breda,33 m,Totaal 1 kamer,â‚¬ 725,p/m | excl. g/w/e,Gestoffeerd,15-09-2021,14 uur geleden geplaatst,https://kamernet.nl/huren/appartement-breda/ginnekenstraat/appartement-1987898,"{'Woonkamer': ' Onbekend ', 'Keuken': ' Onbekend ', 'Badkamer': ' Onbekend ', 'Toilet': ' Onbekend ', 'Internet': ' Onbekend ', 'Energielabel': ' Onbekend ', 'Huisdieren': ' In overleg '}",
Schieweg,in Schipluiden,8 m,Totale oppervlakte: 55 m 2,â‚¬ 200,p/m | incl. g/w/e,Gestoffeerd,01-10-2021,2 uur geleden geplaatst,https://kamernet.nl/huren/kamer-schipluiden/schieweg/kamer-1987357,"{'Woonkamer': ' Gedeeld ', 'Keuken': ' Gedeeld ', 'Badkamer': ' Gedeeld ', 'Toilet': ' Gedeeld ', 'Internet': ' Ja ', 'Energielabel': ' Onbekend ', 'Huisgenoten': '  4  ', 'Geslacht': ' Man ', 'Huisdieren': ' Nee '}",
M.P. Lindostraat,in Utrecht,30 m,Totaal 2 kamers (1 slaapkamer) ,â‚¬ 850,p/m | incl. g/w/e,Kaal,13-09-2021,14 uur geleden geplaatst,https://kamernet.nl/huren/studio-utrecht/m.p.-lindostraat/studio-1987879,"{'Woonkamer': ' Geen ', 'Keuken': ' Eigen ', 'Badkamer': ' Eigen ', 'Toilet': ' Eigen ', 'Internet': ' Ja ', 'Energielabel': ' Onbekend ', 'Huisdieren': ' Nee '}",
Lovensestraat,in Tilburg,40 m,Totaal 1 kamer,â‚¬ 750,p/m | excl. g/w/e,Gestoffeerd,01-10-2021,14 uur geleden geplaatst,https://kamernet.nl/huren/appartement-tilburg/lovensestraat/appartement-1987901,"{'Woonkamer': ' Onbekend ', 'Keuken': ' Onbekend ', 'Badkamer': ' Onbekend ', 'Toilet': ' Onbekend ', 'Internet': ' Onbekend ', 'Energielabel': ' Onbekend ', 'Huisdieren': ' In overleg '}",
Lovensestraat,in Tilburg,46 m,Totaal 1 kamer,â‚¬ 1040,p/m | excl. g/w/e,Gestoffeerd,01-10-2021,14 uur geleden geplaatst,https://kamernet.nl/huren/appartement-tilburg/lovensestraat/appartement-1987902,"{'Woonkamer': ' Onbekend ', 'Keuken': ' Onbekend ', 'Badkamer': ' Onbekend ', 'Toilet': ' Onbekend ', 'Internet': ' Onbekend ', 'Energielabel': ' Onbekend ', 'Huisdieren': ' In overleg '}",
Steynlaan,in Zeist,16 m,,â‚¬ 599,p/m | excl. g/w/e,Gemeubileerd,13-09-2021 tot 15-09-2022,14 uur geleden geplaatst,https://kamernet.nl/huren/kamer-zeist/steynlaan/kamer-1987907,"{'Woonkamer': ' Gedeeld ', 'Keuken': ' Gedeeld ', 'Badkamer': ' Gedeeld ', 'Toilet': ' Gedeeld ', 'Internet': ' Ja ', 'Energielabel': ' Onbekend ', 'Huisgenoten': '  2 ', 'Geslacht': ' Vrouw ', 'Huisdieren': ' Nee '}",
Jan Kistenstraat,in Den Haag,15 m,Totale oppervlakte: 30 m 2,â‚¬ 350,p/m | incl. g/w/e,Gemeubileerd,01-10-2021,14 uur geleden geplaatst,https://kamernet.nl/huren/kamer-den-haag/jan-kistenstraat/kamer-1987897,"{'Woonkamer': ' Onbekend ', 'Keuken': ' Gedeeld ', 'Badkamer': ' Gedeeld ', 'Toilet': ' Eigen ', 'Internet': ' Ja ', 'Energielabel': ' Onbekend ', 'Huisgenoten': '  3 ', 'Geslacht': ' Gemengd ', 'Huisdieren': ' Nee '}",
Admiraal De Ruijterweg,in Amsterdam,48 m,Totaal 2 kamers (1 slaapkamer) ,â‚¬ 1250,p/m | incl. g/w/e,Gemeubileerd,15-09-2021 tot 01-11-2021,3 uur geleden geplaatst,https://kamernet.nl/huren/appartement-amsterdam/admiraal-de-ruijterweg/appartement-1988028,"{'Woonkamer': ' Eigen ', 'Keuken': ' Eigen ', 'Badkamer': ' Eigen ', 'Toilet': ' Eigen ', 'Internet': ' Ja ', 'Energielabel': ' C ', 'Huisdieren': ' Nee '}",
Ouderkerkerlaan,in Amstelveen,10 m,,â‚¬ 465,p/m | incl. g/w/e,Kaal,15-09-2021,2 uur geleden geplaatst,https://kamernet.nl/huren/kamer-amstelveen/ouderkerkerlaan/kamer-1988075,"{'Woonkamer': ' Gedeeld ', 'Keuken': ' Gedeeld ', 'Badkamer': ' Gedeeld ', 'Toilet': ' Gedeeld ', 'Internet': ' Ja ', 'Energielabel': ' Onbekend ', 'Huisgenoten': '  Meer dan 8 ', 'Geslacht': ' Vrouw ', 'Huisdieren': ' Nee '}",
Rodeweeshuisstraat,in Groningen,65 m,Totaal 2 kamers (1 slaapkamer) ,â‚¬ 1000,p/m | excl. g/w/e,Kaal,05-10-2021,14 uur geleden geplaatst,https://kamernet.nl/huren/appartement-groningen/rodeweeshuisstraat/appartement-1987895,"{'Woonkamer': ' Eigen ', 'Keuken': ' Eigen ', 'Badkamer': ' Eigen ', 'Toilet': ' Eigen ', 'Internet': ' Onbekend ', 'Energielabel': ' Onbekend ', 'Huisdieren': ' In overleg '}",
Molenkade,in Vinkeveen,70 m,Totaal 3 kamers,â‚¬ 1650,p/m | excl. g/w/e,Gestoffeerd,13-09-2021,12 uur geleden geplaatst,https://kamernet.nl/huren/appartement-vinkeveen/molenkade/appartement-1987941,"{'Woonkamer': ' Onbekend ', 'Keuken': ' Onbekend ', 'Badkamer': ' Onbekend ', 'Toilet': ' Onbekend ', 'Internet': ' Onbekend ', 'Energielabel': ' Onbekend ', 'Huisdieren': ' In overleg '}",
Slotermeerlaan,in Amsterdam,7 m,Totale oppervlakte: 60 m 2,â‚¬ 580,p/m | incl. g/w/e,Gestoffeerd,13-09-2021 tot 31-07-2022,10 uur geleden geplaatst,https://kamernet.nl/huren/kamer-amsterdam/slotermeerlaan/kamer-1987977,"{'Woonkamer': ' Gedeeld ', 'Keuken': ' Gedeeld ', 'Badkamer': ' Gedeeld ', 'Toilet': ' Gedeeld ', 'Internet': ' Ja ', 'Energielabel': ' Onbekend ', 'Huisgenoten': '  2 ', 'Geslacht': ' Gemengd ', 'Huisdieren': ' Nee '}",
Amstelveenseweg,in Amsterdam,13 m,Totale oppervlakte: 80 m 2,â‚¬ 1050,p/m | incl. g/w/e,Gemeubileerd,01-10-2021 tot 31-08-2023,12 uur geleden geplaatst,https://kamernet.nl/huren/kamer-amsterdam/amstelveenseweg/kamer-1987936,"{'Woonkamer': ' Geen ', 'Keuken': ' Gedeeld ', 'Badkamer': ' Eigen ', 'Toilet': ' Gedeeld ', 'Internet': ' Ja ', 'Energielabel': ' Onbekend ', 'Huisgenoten': '  2 ', 'Geslacht': ' Gemengd ', 'Huisdieren': ' Nee '}",
Mariniersweg,in Rotterdam,7 m,,â‚¬ 350,p/m | incl. g/w/e,Kaal,15-11-2021,12 uur geleden geplaatst,https://kamernet.nl/huren/kamer-rotterdam/mariniersweg/kamer-1987940,"{'Woonkamer': ' Gedeeld ', 'Keuken': ' Gedeeld ', 'Badkamer': ' Gedeeld ', 'Toilet': ' Gedeeld ', 'Internet': ' Ja ', 'Energielabel': ' Onbekend ', 'Huisgenoten': '  5 ', 'Geslacht': ' Man ', 'Huisdieren': ' Nee '}",
Pelikaanstraat,in Hilversum,43 m,Totaal 1 kamer (1 slaapkamer) ,â‚¬ 745,p/m | excl. g/w/e,Gemeubileerd,15-09-2021 tot 14-09-2023,9 uur geleden geplaatst,https://kamernet.nl/huren/appartement-hilversum/pelikaanstraat/appartement-1987944,"{'Woonkamer': ' Eigen ', 'Keuken': ' Eigen ', 'Badkamer': ' Eigen ', 'Toilet': ' Eigen ', 'Internet': ' Ja ', 'Energielabel': ' B ', 'Huisdieren': ' Nee '}",
Oude Kerkstraat,in Heerlen,10 m,Totale oppervlakte: 20 m 2,â‚¬ 260,p/m | incl. g/w/e,Gestoffeerd,01-10-2021,4 uur geleden geplaatst,https://kamernet.nl/huren/kamer-heerlen/oude-kerkstraat/kamer-1988014,"{'Woonkamer': ' Geen ', 'Keuken': ' Gedeeld ', 'Badkamer': ' Gedeeld ', 'Toilet': ' Gedeeld ', 'Internet': ' Ja ', 'Energielabel': ' Onbekend ', 'Huisgenoten': '  5 ', 'Geslacht': ' Gemengd ', 'Huisdieren': ' Nee '}",
Deurningerstraat,in Enschede,16 m,Totaal 10 kamers (6 slaapkamers) ,â‚¬ 350,p/m | incl. g/w/e,Gestoffeerd,13-09-2021 tot 13-03-2022,4 uur geleden geplaatst,https://kamernet.nl/huren/appartement-enschede/deurningerstraat/appartement-1988045,"{'Woonkamer': ' Gedeeld ', 'Keuken': ' Gedeeld ', 'Badkamer': ' Gedeeld ', 'Toilet': ' Gedeeld ', 'Internet': ' Ja ', 'Energielabel': ' Onbekend ', 'Huisdieren': ' Nee '}",
Hillevliet,in Rotterdam,31 m,,â‚¬ 600,p/m | incl. g/w/e,Gestoffeerd,26-09-2021,4 uur geleden geplaatst,https://kamernet.nl/huren/kamer-rotterdam/hillevliet/kamer-1988046,"{'Woonkamer': ' Eigen ', 'Keuken': ' Eigen ', 'Badkamer': ' Eigen ', 'Toilet': ' Gedeeld ', 'Internet': ' Ja ', 'Energielabel': ' Onbekend ', 'Huisgenoten': '  2 ', 'Geslacht': ' Gemengd ', 'Huisdieren': ' Nee '}",
Jacob van Lennepstraat,in Amsterdam,54 m,Totaal 2 kamers (1 slaapkamer) ,â‚¬ 1500,p/m | incl. g/w/e,Gemeubileerd,13-09-2021 tot 31-10-2021,12 uur geleden geplaatst,https://kamernet.nl/huren/appartement-amsterdam/jacob-van-lennepstraat/appartement-1987945,"{'Woonkamer': ' Eigen ', 'Keuken': ' Eigen ', 'Badkamer': ' Eigen ', 'Toilet': ' Eigen ', 'Internet': ' Ja ', 'Energielabel': ' B ', 'Huisdieren': ' Nee '}",
Bijlmerdreef,in Amsterdam,80 m,,â‚¬ 1750,p/m | excl. g/w/e,Gemeubileerd,15-09-2021,12 uur geleden geplaatst,https://kamernet.nl/huren/appartement-amsterdam/bijlmerdreef/appartement-1987939,"{'Woonkamer': ' Eigen ', 'Keuken': ' Eigen ', 'Badkamer': ' Eigen ', 'Toilet': ' Eigen ', 'Internet': ' Nee ', 'Energielabel': ' Onbekend ', 'Huisdieren': ' Nee '}",
Bart de Ligtstraat,in Amsterdam,23 m,,â‚¬ 550,p/m | incl. g/w/e,Gemeubileerd,13-09-2021,4 uur geleden geplaatst,https://kamernet.nl/huren/kamer-amsterdam/bart-de-ligtstraat/kamer-1988049,"{'Woonkamer': ' Eigen ', 'Keuken': ' Eigen ', 'Badkamer': ' Gedeeld ', 'Toilet': ' Gedeeld ', 'Internet': ' Ja ', 'Energielabel': ' Onbekend ', 'Huisgenoten': '  Geen ', 'Geslacht': ' Onbekend ', 'Huisdieren': ' Nee '}",
Bart de Ligtstraat,in Amsterdam,23 m,,â‚¬ 500,p/m | incl. g/w/e,Gemeubileerd,13-09-2021,3 uur geleden geplaatst,https://kamernet.nl/huren/kamer-amsterdam/bart-de-ligtstraat/kamer-1988053,"{'Woonkamer': ' Eigen ', 'Keuken': ' Eigen ', 'Badkamer': ' Gedeeld ', 'Toilet': ' Gedeeld ', 'Internet': ' Ja ', 'Energielabel': ' Onbekend ', 'Huisgenoten': '  Geen ', 'Geslacht': ' Onbekend ', 'Huisdieren': ' Nee '}",
Valckenierstraat,in Amsterdam,20 m,,â‚¬ 1100,p/m | incl. g/w/e,Gemeubileerd,26-09-2021,3 uur geleden geplaatst,https://kamernet.nl/huren/studio-amsterdam/valckenierstraat/studio-1988020,"{'Woonkamer': ' Eigen ', 'Keuken': ' Eigen ', 'Badkamer': ' Eigen ', 'Toilet': ' Eigen ', 'Internet': ' Ja ', 'Energielabel': ' Onbekend ', 'Huisdieren': ' Nee '}",
Jacoba van Beierenlaan,in Delft,11 m,Totale oppervlakte: 150 m 2,â‚¬ 320,p/m | incl. g/w/e,Kaal,01-10-2021,9 uur geleden geplaatst,https://kamernet.nl/huren/kamer-delft/jacoba-van-beierenlaan/kamer-1987962,"{'Woonkamer': ' Gedeeld ', 'Keuken': ' Gedeeld ', 'Badkamer': ' Gedeeld ', 'Toilet': ' Gedeeld ', 'Internet': ' Ja ', 'Energielabel': ' Onbekend ', 'Huisgenoten': '  Onbekend  ', 'Geslacht': ' Onbekend ', 'Huisdieren': ' Nee '}",
M.H. Trompstraat,in Utrecht,20 m,,â‚¬ 500,p/m | incl. g/w/e,Gemeubileerd,01-10-2021 tot 31-03-2022,9 uur geleden geplaatst,https://kamernet.nl/huren/kamer-utrecht/m.h.-trompstraat/kamer-1987964,"{'Woonkamer': ' Geen ', 'Keuken': ' Gedeeld ', 'Badkamer': ' Gedeeld ', 'Toilet': ' Gedeeld ', 'Internet': ' Ja ', 'Energielabel': ' Onbekend ', 'Huisgenoten': '  5 ', 'Geslacht': ' Gemengd ', 'Huisdieren': ' Nee '}",
Hillevliet,in Rotterdam,22 m,,â‚¬ 500,p/m | incl. g/w/e,Gestoffeerd,26-09-2021,3 uur geleden geplaatst,https://kamernet.nl/huren/kamer-rotterdam/hillevliet/kamer-1988051,"{'Woonkamer': ' Eigen ', 'Keuken': ' Eigen ', 'Badkamer': ' Eigen ', 'Toilet': ' Gedeeld ', 'Internet': ' Ja ', 'Energielabel': ' Onbekend ', 'Huisgenoten': '  2 ', 'Geslacht': ' Gemengd ', 'Huisdieren': ' Nee '}",
Bart de Ligtstraat,in Amsterdam,23 m,,â‚¬ 500,p/m | incl. g/w/e,Gemeubileerd,13-09-2021,3 uur geleden geplaatst,https://kamernet.nl/huren/kamer-amsterdam/bart-de-ligtstraat/kamer-1988055,"{'Woonkamer': ' Eigen ', 'Keuken': ' Eigen ', 'Badkamer': ' Gedeeld ', 'Toilet': ' Gedeeld ', 'Internet': ' Ja ', 'Energielabel': ' Onbekend ', 'Huisgenoten': '  1 ', 'Geslacht': ' Vrouw ', 'Huisdieren': ' Nee '}",
Bart de Ligtstraat,in Amsterdam,23 m,,â‚¬ 500,p/m | incl. g/w/e,Gemeubileerd,25-09-2021,3 uur geleden geplaatst,https://kamernet.nl/huren/kamer-amsterdam/bart-de-ligtstraat/kamer-1988065,"{'Woonkamer': ' Eigen ', 'Keuken': ' Eigen ', 'Badkamer': ' Gedeeld ', 'Toilet': ' Gedeeld ', 'Internet': ' Ja ', 'Energielabel': ' Onbekend ', 'Huisgenoten': '  1 ', 'Geslacht': ' Vrouw ', 'Huisdieren': ' Nee '}",
Simonsstraat,in Delft,11 m,,â‚¬ 280,p/m | incl. g/w/e,Kaal,01-10-2021,3 uur geleden geplaatst,https://kamernet.nl/huren/kamer-delft/simonsstraat/kamer-1988038,"{'Woonkamer': ' Geen ', 'Keuken': ' Gedeeld ', 'Badkamer': ' Gedeeld ', 'Toilet': ' Gedeeld ', 'Internet': ' Ja ', 'Energielabel': ' Onbekend ', 'Huisgenoten': '  5 ', 'Geslacht': ' Man ', 'Huisdieren': ' Nee '}",
Vrijstraat,in Eindhoven,35 m,Totaal 1 kamer (1 slaapkamer) ,â‚¬ 550,p/m | incl. g/w/e,Kaal,01-10-2021 tot 31-03-2022,3 uur geleden geplaatst,https://kamernet.nl/huren/studio-eindhoven/vrijstraat/studio-1988044,"{'Woonkamer': ' Geen ', 'Keuken': ' Gedeeld ', 'Badkamer': ' Gedeeld ', 'Toilet': ' Gedeeld ', 'Internet': ' Ja ', 'Energielabel': ' Onbekend ', 'Huisdieren': ' Nee '}",
Briljantstraat,in Groningen,25 m,Totale oppervlakte: 130 m 2,â‚¬ 695,p/m | incl. g/w/e,Gemeubileerd,01-10-2021,8 uur geleden geplaatst,https://kamernet.nl/huren/kamer-groningen/briljantstraat/kamer-1987984,"{'Woonkamer': ' Eigen ', 'Keuken': ' Eigen ', 'Badkamer': ' Gedeeld ', 'Toilet': ' Gedeeld ', 'Internet': ' Ja ', 'Energielabel': ' Onbekend ', 'Huisgenoten': '  5 ', 'Geslacht': ' Gemengd ', 'Huisdieren': ' Nee '}",
Kapelstraat,in Hilversum,6 m,,â‚¬ 200,p/m | incl. g/w/e,Gestoffeerd,15-09-2021,14 uur geleden geplaatst,https://kamernet.nl/huren/appartement-hilversum/kapelstraat/appartement-1987893,"{'Woonkamer': ' Geen ', 'Keuken': ' Gedeeld ', 'Badkamer': ' Gedeeld ', 'Toilet': ' Gedeeld ', 'Internet': ' Ja ', 'Energielabel': ' Onbekend ', 'Huisdieren': ' Nee '}",
Zwart Janstraat,in Rotterdam,30 m,,â‚¬ 625,p/m | incl. g/w/e,Gestoffeerd,13-09-2021,8 uur geleden geplaatst,https://kamernet.nl/huren/kamer-rotterdam/zwart-janstraat/kamer-1987985,"{'Woonkamer': ' Geen ', 'Keuken': ' Gedeeld ', 'Badkamer': ' Gedeeld ', 'Toilet': ' Gedeeld ', 'Internet': ' Ja ', 'Energielabel': ' Onbekend ', 'Huisgenoten': '  3 ', 'Geslacht': ' Gemengd ', 'Huisdieren': ' Nee '}",
Walstraat,in Groningen,25 m,Totale oppervlakte: 30 m 2,â‚¬ 450,p/m | incl. g/w/e,Gestoffeerd,01-10-2021,8 uur geleden geplaatst,https://kamernet.nl/huren/kamer-groningen/walstraat/kamer-1987989,"{'Woonkamer': ' Geen ', 'Keuken': ' Gedeeld ', 'Badkamer': ' Gedeeld ', 'Toilet': ' Gedeeld ', 'Internet': ' Ja ', 'Energielabel': ' Onbekend ', 'Huisgenoten': '  2 ', 'Geslacht': ' Vrouw ', 'Huisdieren': ' Nee '}",
Remmerdenplein,in Amsterdam,17 m,,â‚¬ 499,p/m | incl. g/w/e,Gemeubileerd,20-09-2021 tot 28-02-2022,3 uur geleden geplaatst,https://kamernet.nl/huren/kamer-amsterdam/remmerdenplein/kamer-1988029,"{'Woonkamer': ' Gedeeld ', 'Keuken': ' Gedeeld ', 'Badkamer': ' Gedeeld ', 'Toilet': ' Gedeeld ', 'Internet': ' Ja ', 'Energielabel': ' Onbekend ', 'Huisgenoten': '  2 ', 'Geslacht': ' Man ', 'Huisdieren': ' Nee '}",
Voorhaven,in Rotterdam,31 m,Totale oppervlakte: 75 m 2,â‚¬ 620,p/m | incl. g/w/e,Gestoffeerd,03-10-2021,3 uur geleden geplaatst,https://kamernet.nl/huren/kamer-rotterdam/voorhaven/kamer-1988013,"{'Woonkamer': ' Gedeeld ', 'Keuken': ' Gedeeld ', 'Badkamer': ' Gedeeld ', 'Toilet': ' Gedeeld ', 'Internet': ' Ja ', 'Energielabel': ' Onbekend ', 'Huisgenoten': '  Onbekend  ', 'Geslacht': ' Onbekend ', 'Huisdieren': ' Nee '}",
Nieuwe Kerkstraat,in Amsterdam,35 m,Totaal 2 kamers (1 slaapkamer) ,â‚¬ 200,p/m | incl. g/w/e,Gemeubileerd,28-09-2021 tot 12-10-2021,8 uur geleden geplaatst,https://kamernet.nl/huren/appartement-amsterdam/nieuwe-kerkstraat/appartement-1987991,"{'Woonkamer': ' Eigen ', 'Keuken': ' Eigen ', 'Badkamer': ' Eigen ', 'Toilet': ' Gedeeld ', 'Internet': ' Ja ', 'Energielabel': ' C ', 'Huisdieren': ' Nee '}",
Jaap Edendreef,in Utrecht,10 m,Totale oppervlakte: 86 m 2,â‚¬ 480,p/m | incl. g/w/e,Gestoffeerd,01-10-2021 tot 30-09-2022,7 uur geleden geplaatst,https://kamernet.nl/huren/kamer-utrecht/jaap-edendreef/kamer-1985592,"{'Woonkamer': ' Gedeeld ', 'Keuken': ' Gedeeld ', 'Badkamer': ' Gedeeld ', 'Toilet': ' Gedeeld ', 'Internet': ' Ja ', 'Energielabel': ' D ', 'Huisgenoten': '  2 ', 'Geslacht': ' Gemengd ', 'Huisdieren': ' Nee '}",
Jaap Edendreef,in Utrecht,12 m,Totale oppervlakte: 86 m 2,â‚¬ 520,p/m | incl. g/w/e,Gestoffeerd,01-10-2021 tot 30-09-2022,7 uur geleden geplaatst,https://kamernet.nl/huren/kamer-utrecht/jaap-edendreef/kamer-1988004,"{'Woonkamer': ' Gedeeld ', 'Keuken': ' Gedeeld ', 'Badkamer': ' Gedeeld ', 'Toilet': ' Gedeeld ', 'Internet': ' Ja ', 'Energielabel': ' D ', 'Huisgenoten': '  2 ', 'Geslacht': ' Gemengd ', 'Huisdieren': ' Nee '}",
Troelstralaan,in Amsterdam,17 m,,â‚¬ 625,p/m | excl. g/w/e,Gemeubileerd,13-09-2021,8 uur geleden geplaatst,https://kamernet.nl/huren/kamer-amsterdam/troelstralaan/kamer-1987994,"{'Woonkamer': ' Gedeeld ', 'Keuken': ' Gedeeld ', 'Badkamer': ' Gedeeld ', 'Toilet': ' Gedeeld ', 'Internet': ' Ja ', 'Energielabel': ' Onbekend ', 'Huisgenoten': '  3 ', 'Geslacht': ' Gemengd ', 'Huisdieren': ' Nee '}",
Olivierplaats,in Amersfoort,22 m,,â‚¬ 550,p/m | incl. g/w/e,Gestoffeerd,30-09-2021,7 uur geleden geplaatst,https://kamernet.nl/huren/kamer-amersfoort/olivierplaats/kamer-1987954,"{'Woonkamer': ' Onbekend ', 'Keuken': ' Eigen ', 'Badkamer': ' Gedeeld ', 'Toilet': ' Gedeeld ', 'Internet': ' Onbekend ', 'Energielabel': ' Onbekend ', 'Huisgenoten': '  3 ', 'Geslacht': ' Vrouw ', 'Huisdieren': ' Nee '}",
Krugerstraat,in Utrecht,29 m,Totaal 2 kamers (1 slaapkamer) ,â‚¬ 850,p/m | incl. g/w/e,Gestoffeerd,01-11-2021,7 uur geleden geplaatst,https://kamernet.nl/huren/appartement-utrecht/krugerstraat/appartement-1987990,"{'Woonkamer': ' Eigen ', 'Keuken': ' Eigen ', 'Badkamer': ' Eigen ', 'Toilet': ' Eigen ', 'Internet': ' Ja ', 'Energielabel': ' C ', 'Huisdieren': ' Nee '}",
Heugemerstraat,in Maastricht,16 m,,â‚¬ 310,p/m | incl. g/w/e,Kaal,13-09-2021,14 uur geleden geplaatst,https://kamernet.nl/huren/kamer-maastricht/heugemerstraat/kamer-1987905,"{'Woonkamer': ' Geen ', 'Keuken': ' Geen ', 'Badkamer': ' Gedeeld ', 'Toilet': ' Gedeeld ', 'Internet': ' Ja ', 'Energielabel': ' Onbekend ', 'Huisgenoten': '  3 ', 'Geslacht': ' Gemengd ', 'Huisdieren': ' Nee '}",
Duinweg,in Noordwijk,75 m,,â‚¬ 1245,p/m | excl. g/w/e,Gemeubileerd,22-10-2021,8 uur geleden geplaatst,https://kamernet.nl/huren/appartement-noordwijk/duinweg/appartement-1988000,"{'Woonkamer': ' Onbekend ', 'Keuken': ' Onbekend ', 'Badkamer': ' Onbekend ', 'Toilet': ' Onbekend ', 'Internet': ' Onbekend ', 'Energielabel': ' Onbekend ', 'Huisdieren': ' In overleg '}",
H. Leefsmastraat,in Hengelo,90 m,Totaal 4 kamers (2 slaapkamers) ,â‚¬ 895,p/m | excl. g/w/e,Gestoffeerd,01-11-2021 tot 31-10-2023,14 uur geleden geplaatst,https://kamernet.nl/huren/appartement-hengelo/h.-leefsmastraat/appartement-1987909,"{'Woonkamer': ' Eigen ', 'Keuken': ' Eigen ', 'Badkamer': ' Eigen ', 'Toilet': ' Eigen ', 'Internet': ' Nee ', 'Energielabel': ' B ', 'Huisdieren': ' Nee '}",
Korvezeestraat,in Delft,30 m,,â‚¬ 350,p/m | incl. g/w/e,Kaal,21-09-2021,13 uur geleden geplaatst,https://kamernet.nl/huren/kamer-delft/korvezeestraat/kamer-1987915,"{'Woonkamer': ' Gedeeld ', 'Keuken': ' Gedeeld ', 'Badkamer': ' Eigen ', 'Toilet': ' Eigen ', 'Internet': ' Onbekend ', 'Energielabel': ' Onbekend ', 'Huisgenoten': '  Meer dan 8 ', 'Geslacht': ' Gemengd ', 'Huisdieren': ' Nee '}",
Leusderweg,in Amersfoort,110 m,Totaal 4 kamers (2 slaapkamers) ,â‚¬ 1475,p/m | excl. g/w/e,Gestoffeerd,01-10-2021,8 uur geleden geplaatst,https://kamernet.nl/huren/appartement-amersfoort/leusderweg/appartement-1987971,"{'Woonkamer': ' Eigen ', 'Keuken': ' Eigen ', 'Badkamer': ' Eigen ', 'Toilet': ' Eigen ', 'Internet': ' Ja ', 'Energielabel': ' Onbekend ', 'Huisdieren': ' Nee '}",
Zandvoortselaan,in Heemstede,6 m,Totale oppervlakte: 125 m 2,â‚¬ 535,p/m | incl. g/w/e,Gestoffeerd,13-09-2021,14 uur geleden geplaatst,https://kamernet.nl/huren/kamer-heemstede/zandvoortselaan/kamer-1987906,"{'Woonkamer': ' Gedeeld ', 'Keuken': ' Gedeeld ', 'Badkamer': ' Gedeeld ', 'Toilet': ' Gedeeld ', 'Internet': ' Ja ', 'Energielabel': ' Onbekend ', 'Huisgenoten': '  2 ', 'Geslacht': ' Man ', 'Huisdieren': ' Nee '}",
Amerikalaan,in Utrecht,17 m,,â‚¬ 595,p/m | incl. g/w/e,Gestoffeerd,13-09-2021,13 uur geleden geplaatst,https://kamernet.nl/huren/kamer-utrecht/amerikalaan/kamer-1987926,"{'Woonkamer': ' Onbekend ', 'Keuken': ' Gedeeld ', 'Badkamer': ' Gedeeld ', 'Toilet': ' Gedeeld ', 'Internet': ' Ja ', 'Energielabel': ' Onbekend ', 'Huisgenoten': '  2 ', 'Geslacht': ' Man ', 'Huisdieren': ' Nee '}",
Albardagracht,in Amsterdam,18 m,,â‚¬ 700,p/m | incl. g/w/e,Gemeubileerd,13-09-2021,13 uur geleden geplaatst,https://kamernet.nl/huren/kamer-amsterdam/albardagracht/kamer-1987927,"{'Woonkamer': ' Eigen ', 'Keuken': ' Eigen ', 'Badkamer': ' Gedeeld ', 'Toilet': ' Gedeeld ', 'Internet': ' Ja ', 'Energielabel': ' Onbekend ', 'Huisgenoten': '  3 ', 'Geslacht': ' Gemengd ', 'Huisdieren': ' Nee '}",
Hillevliet,in Rotterdam,32 m,,â‚¬ 590,p/m | incl. g/w/e,Gestoffeerd,26-09-2021,4 uur geleden geplaatst,https://kamernet.nl/huren/kamer-rotterdam/hillevliet/kamer-1988037,"{'Woonkamer': ' Eigen ', 'Keuken': ' Eigen ', 'Badkamer': ' Eigen ', 'Toilet': ' Gedeeld ', 'Internet': ' Ja ', 'Energielabel': ' Onbekend ', 'Huisgenoten': '  2 ', 'Geslacht': ' Gemengd ', 'Huisdieren': ' Nee '}",
Brinkstraat,in Enschede,14 m,,â‚¬ 290,p/m | excl. g/w/e,Gestoffeerd,03-10-2021,12 uur geleden geplaatst,https://kamernet.nl/huren/kamer-enschede/brinkstraat/kamer-1987928,"{'Woonkamer': ' Gedeeld ', 'Keuken': ' Gedeeld ', 'Badkamer': ' Gedeeld ', 'Toilet': ' Gedeeld ', 'Internet': ' Ja ', 'Energielabel': ' Onbekend ', 'Huisgenoten': '  6 ', 'Geslacht': ' Gemengd ', 'Huisdieren': ' Nee '}",
De Straatweiden,in Velp,200 m,Totaal 5 kamers (3 slaapkamers) ,â‚¬ 1400,p/m | excl. g/w/e,Gemeubileerd,13-09-2021 tot 01-07-2022,7 uur geleden geplaatst,https://kamernet.nl/huren/appartement-velp/de-straatweiden/appartement-1988006,"{'Woonkamer': ' Eigen ', 'Keuken': ' Eigen ', 'Badkamer': ' Eigen ', 'Toilet': ' Eigen ', 'Internet': ' Ja ', 'Energielabel': ' Onbekend ', 'Huisdieren': ' In overleg '}",
Dierenselaan,in Den Haag,30 m,Totale oppervlakte: 35 m 2,â‚¬ 600,p/m | excl. g/w/e,Gestoffeerd,13-09-2021,12 uur geleden geplaatst,https://kamernet.nl/huren/kamer-den-haag/dierenselaan/kamer-1987934,"{'Woonkamer': ' Eigen ', 'Keuken': ' Eigen ', 'Badkamer': ' Eigen ', 'Toilet': ' Eigen ', 'Internet': ' Ja ', 'Energielabel': ' Onbekend ', 'Huisgenoten': '  3 ', 'Geslacht': ' Man ', 'Huisdieren': ' Nee '}",
Wijenburglaan,in Arnhem,20 m,Totale oppervlakte: 40 m 2,â‚¬ 475,p/m | incl. g/w/e,Kaal,30-09-2021,13 uur geleden geplaatst,https://kamernet.nl/huren/kamer-arnhem/wijenburglaan/kamer-1987922,"{'Woonkamer': ' Geen ', 'Keuken': ' Gedeeld ', 'Badkamer': ' Gedeeld ', 'Toilet': ' Gedeeld ', 'Internet': ' Ja ', 'Energielabel': ' Onbekend ', 'Huisgenoten': '  3 ', 'Geslacht': ' Gemengd ', 'Huisdieren': ' Nee '}",
Amstelveenseweg,in Amsterdam,14 m,Totale oppervlakte: 80 m 2,â‚¬ 1090,p/m | incl. g/w/e,Gemeubileerd,01-10-2021 tot 31-08-2023,12 uur geleden geplaatst,https://kamernet.nl/huren/kamer-amsterdam/amstelveenseweg/kamer-1987935,"{'Woonkamer': ' Geen ', 'Keuken': ' Gedeeld ', 'Badkamer': ' Eigen ', 'Toilet': ' Gedeeld ', 'Internet': ' Ja ', 'Energielabel': ' Onbekend ', 'Huisgenoten': '  2 ', 'Geslacht': ' Gemengd ', 'Huisdieren': ' Nee '}",
Everhardt van der Marckstraat,in Enschede,45 m,Totaal 2 kamers (1 slaapkamer) ,â‚¬ 875,p/m | incl. g/w/e,Gestoffeerd,01-10-2021,9 uur geleden geplaatst,https://kamernet.nl/huren/appartement-enschede/everhardt-van-der-marckstraat/appartement-1987818,"{'Woonkamer': ' Eigen ', 'Keuken': ' Eigen ', 'Badkamer': ' Eigen ', 'Toilet': ' Eigen ', 'Internet': ' Nee ', 'Energielabel': ' Onbekend ', 'Huisdieren': ' Nee '}",
Marsstraat,in Haarlem,40 m,Totaal 2 kamers (1 slaapkamer) ,â‚¬ 975,p/m | incl. g/w/e,Gestoffeerd,04-10-2021,16 uur geleden geplaatst,https://kamernet.nl/huren/appartement-haarlem/marsstraat/appartement-1987892,"{'Woonkamer': ' Eigen ', 'Keuken': ' Eigen ', 'Badkamer': ' Eigen ', 'Toilet': ' Eigen ', 'Internet': ' Onbekend ', 'Energielabel': ' Onbekend ', 'Huisdieren': ' Nee '}",
Goirkestraat,in Tilburg,66 m,Totale oppervlakte: 35 m 2,â‚¬ 1037,p/m | incl. g/w/e,Gestoffeerd,01-10-2021,14 uur geleden geplaatst,https://kamernet.nl/huren/kamer-tilburg/goirkestraat/kamer-1987825,"{'Woonkamer': ' Eigen ', 'Keuken': ' Eigen ', 'Badkamer': ' Eigen ', 'Toilet': ' Eigen ', 'Internet': ' Ja ', 'Energielabel': ' Onbekend ', 'Huisgenoten': '  1 ', 'Geslacht': ' Gemengd ', 'Huisdieren': ' Nee '}",
Erich Salomonstraat,in Amsterdam,90 m,Totaal 4 kamers (2 slaapkamers) ,â‚¬ 2200,p/m | incl. g/w/e,Gemeubileerd,01-10-2021 tot 06-11-2021,14 uur geleden geplaatst,https://kamernet.nl/huren/appartement-amsterdam/erich-salomonstraat/appartement-1987781,"{'Woonkamer': ' Eigen ', 'Keuken': ' Eigen ', 'Badkamer': ' Eigen ', 'Toilet': ' Eigen ', 'Internet': ' Ja ', 'Energielabel': ' Onbekend ', 'Huisdieren': ' Nee '}",
Horst 10,in Lelystad,20 m,,â‚¬ 500,p/m | incl. g/w/e,Gemeubileerd,01-11-2021,14 uur geleden geplaatst,https://kamernet.nl/huren/kamer-lelystad/horst-10/kamer-1987859,"{'Woonkamer': ' Eigen ', 'Keuken': ' Gedeeld ', 'Badkamer': ' Gedeeld ', 'Toilet': ' Gedeeld ', 'Internet': ' Ja ', 'Energielabel': ' Onbekend ', 'Huisgenoten': '  2 ', 'Geslacht': ' Gemengd ', 'Huisdieren': ' Nee '}",
Lutherse Burgwal,in Den Haag,40 m,Totaal 2 kamers (1 slaapkamer) ,â‚¬ 799,p/m | incl. g/w/e,Gemeubileerd,14-09-2021 tot 01-03-2022,7 uur geleden geplaatst,https://kamernet.nl/huren/appartement-den-haag/lutherse-burgwal/appartement-1988010,"{'Woonkamer': ' Eigen ', 'Keuken': ' Eigen ', 'Badkamer': ' Eigen ', 'Toilet': ' Eigen ', 'Internet': ' Ja ', 'Energielabel': ' Onbekend ', 'Huisdieren': ' Nee '}",
Glacisweg,in Maastricht,74 m,Totaal 2 kamers,â‚¬ 1100,p/m | excl. g/w/e,Kaal,01-10-2021,15 uur geleden geplaatst,https://kamernet.nl/huren/appartement-maastricht/glacisweg/appartement-1987899,"{'Woonkamer': ' Onbekend ', 'Keuken': ' Onbekend ', 'Badkamer': ' Onbekend ', 'Toilet': ' Onbekend ', 'Internet': ' Ja ', 'Energielabel': ' Onbekend ', 'Huisdieren': ' Nee '}",
Merovingenstraat,in Maastricht,18 m,,â‚¬ 383,p/m | incl. g/w/e,Kaal,01-10-2021,15 uur geleden geplaatst,https://kamernet.nl/huren/kamer-maastricht/merovingenstraat/kamer-1987900,"{'Woonkamer': ' Onbekend ', 'Keuken': ' Onbekend ', 'Badkamer': ' Onbekend ', 'Toilet': ' Onbekend ', 'Internet': ' Ja ', 'Energielabel': ' Onbekend ', 'Huisgenoten': '  Onbekend  ', 'Geslacht': ' Onbekend ', 'Huisdieren': ' Nee '}",
Kraneweg,in Groningen,20 m,Totale oppervlakte: 25 m 2,â‚¬ 475,p/m | incl. g/w/e,Gemeubileerd,15-09-2021 tot 01-03-2022,8 uur geleden geplaatst,https://kamernet.nl/huren/kamer-groningen/kraneweg/kamer-1987980,"{'Woonkamer': ' Geen ', 'Keuken': ' Gedeeld ', 'Badkamer': ' Gedeeld ', 'Toilet': ' Gedeeld ', 'Internet': ' Nee ', 'Energielabel': ' Onbekend ', 'Huisgenoten': '  1 ', 'Geslacht': ' Vrouw ', 'Huisdieren': ' Nee '}",
Kolk,in Delft,18 m,,â‚¬ 600,p/m | incl. g/w/e,Gemeubileerd,13-09-2021 tot 04-11-2021,14 uur geleden geplaatst,https://kamernet.nl/huren/kamer-delft/kolk/kamer-1987860,"{'Woonkamer': ' Gedeeld ', 'Keuken': ' Gedeeld ', 'Badkamer': ' Gedeeld ', 'Toilet': ' Gedeeld ', 'Internet': ' Ja ', 'Energielabel': ' Onbekend ', 'Huisgenoten': '  Meer dan 8 ', 'Geslacht': ' Man ', 'Huisdieren': ' Nee '}",
Varviksingel,in Enschede,12 m,,â‚¬ 300,p/m | incl. g/w/e,Gestoffeerd,01-10-2021,13 uur geleden geplaatst,https://kamernet.nl/huren/kamer-enschede/varviksingel/kamer-1987924,"{'Woonkamer': ' Gedeeld ', 'Keuken': ' Gedeeld ', 'Badkamer': ' Gedeeld ', 'Toilet': ' Gedeeld ', 'Internet': ' Ja ', 'Energielabel': ' Onbekend ', 'Huisgenoten': '  3 ', 'Geslacht': ' Vrouw ', 'Huisdieren': ' In overleg '}",
Jan van Riebeecklaan,in Eindhoven,70 m,Totaal 2 kamers (1 slaapkamer) ,â‚¬ 899,p/m | incl. g/w/e,Gestoffeerd,01-11-2021,10 uur geleden geplaatst,https://kamernet.nl/huren/appartement-eindhoven/jan-van-riebeecklaan/appartement-1988165,"{'Woonkamer': ' Eigen ', 'Keuken': ' Eigen ', 'Badkamer': ' Eigen ', 'Toilet': ' Eigen ', 'Internet': ' Ja ', 'Energielabel': ' Onbekend ', 'Huisdieren': ' Nee '}",
Kwekerijstraat,in Delft,11 m,,â‚¬ 380,p/m | incl. g/w/e,Gemeubileerd,02-10-2021 tot 31-12-2021,9 uur geleden geplaatst,https://kamernet.nl/huren/kamer-delft/kwekerijstraat/kamer-1988196,"{'Woonkamer': ' Gedeeld ', 'Keuken': ' Gedeeld ', 'Badkamer': ' Gedeeld ', 'Toilet': ' Gedeeld ', 'Internet': ' Ja ', 'Energielabel': ' Onbekend ', 'Huisgenoten': '  3 ', 'Geslacht': ' Man ', 'Huisdieren': ' Nee '}",
Van Wassenaerstraat,in Groningen,21 m,,â‚¬ 460,p/m | incl. g/w/e,Gestoffeerd,01-10-2021,8 uur geleden geplaatst,https://kamernet.nl/huren/kamer-groningen/van-wassenaerstraat/kamer-1988178,"{'Woonkamer': ' Geen ', 'Keuken': ' Gedeeld ', 'Badkamer': ' Gedeeld ', 'Toilet': ' Gedeeld ', 'Internet': ' Ja ', 'Energielabel': ' Onbekend ', 'Huisgenoten': '  2 ', 'Geslacht': ' Vrouw ', 'Huisdieren': ' Nee '}",
Graan voor Visch,in Hoofddorp,25 m,,â‚¬ 675,p/m | incl. g/w/e,Gemeubileerd,14-09-2021,12 uur geleden geplaatst,https://kamernet.nl/huren/studio-hoofddorp/graan-voor-visch/studio-1988125,"{'Woonkamer': ' Geen ', 'Keuken': ' Eigen ', 'Badkamer': ' Gedeeld ', 'Toilet': ' Gedeeld ', 'Internet': ' Onbekend ', 'Energielabel': ' Onbekend ', 'Huisdieren': ' Nee '}",
Apeldoornseweg,in Ede,16 m,,â‚¬ 395,p/m | incl. g/w/e,Gestoffeerd,01-10-2021,12 uur geleden geplaatst,https://kamernet.nl/huren/kamer-ede/apeldoornseweg/kamer-1988140,"{'Woonkamer': ' Eigen ', 'Keuken': ' Eigen ', 'Badkamer': ' Eigen ', 'Toilet': ' Eigen ', 'Internet': ' Ja ', 'Energielabel': ' Onbekend ', 'Huisgenoten': '  1 ', 'Geslacht': ' Vrouw ', 'Huisdieren': ' Nee '}",
Kapelstraat,in Hilversum,6 m,,â‚¬ 200,p/m | incl. g/w/e,Gestoffeerd,15-09-2021,2 dagen geleden geplaatst,https://kamernet.nl/huren/kamer-hilversum/kapelstraat/kamer-1987893,"{'Woonkamer': ' Geen ', 'Keuken': ' Gedeeld ', 'Badkamer': ' Gedeeld ', 'Toilet': ' Gedeeld ', 'Internet': ' Ja ', 'Energielabel': ' Onbekend ', 'Huisgenoten': '  6 ', 'Geslacht': ' Gemengd ', 'Huisdieren': ' Nee '}",
Goirkestraat,in Tilburg,63 m,Totaal 2 kamers (1 slaapkamer) ,â‚¬ 1160,p/m | incl. g/w/e,Gestoffeerd,01-10-2021,2 dagen geleden geplaatst,https://kamernet.nl/huren/appartement-tilburg/goirkestraat/appartement-1987825,"{'Woonkamer': ' Eigen ', 'Keuken': ' Eigen ', 'Badkamer': ' Eigen ', 'Toilet': ' Eigen ', 'Internet': ' Ja ', 'Energielabel': ' D ', 'Huisdieren': ' Nee '}",
Hereweg,in Groningen,16 m,,â‚¬ 700,p/m | incl. g/w/e,Gestoffeerd,14-09-2021,12 uur geleden geplaatst,https://kamernet.nl/huren/kamer-groningen/hereweg/kamer-1988145,"{'Woonkamer': ' Gedeeld ', 'Keuken': ' Gedeeld ', 'Badkamer': ' Gedeeld ', 'Toilet': ' Gedeeld ', 'Internet': ' Ja ', 'Energielabel': ' Onbekend ', 'Huisgenoten': '  Meer dan 8 ', 'Geslacht': ' Man ', 'Huisdieren': ' Nee '}",
Boekhorststraat,in Den Haag,40 m,Totaal 2 kamers (1 slaapkamer) ,â‚¬ 850,p/m | incl. g/w/e,Gestoffeerd,10-10-2021,12 uur geleden geplaatst,https://kamernet.nl/huren/appartement-den-haag/boekhorststraat/appartement-1988146,"{'Woonkamer': ' Eigen ', 'Keuken': ' Eigen ', 'Badkamer': ' Eigen ', 'Toilet': ' Eigen ', 'Internet': ' Nee ', 'Energielabel': ' Onbekend ', 'Huisdieren': ' Nee '}",
Hanzestraat,in Arnhem,21 m,Totaal 1 kamer,â‚¬ 406,p/m | incl. g/w/e,Gestoffeerd,14-09-2021,12 uur geleden geplaatst,https://kamernet.nl/huren/appartement-arnhem/hanzestraat/appartement-1988155,"{'Woonkamer': ' Onbekend ', 'Keuken': ' Onbekend ', 'Badkamer': ' Onbekend ', 'Toilet': ' Onbekend ', 'Internet': ' Onbekend ', 'Energielabel': ' Onbekend ', 'Huisdieren': ' Nee '}",
Bas Jungeriusstraat,in Rotterdam,92 m,Totaal 4 kamers,â‚¬ 1295,p/m | excl. g/w/e,Gestoffeerd,14-09-2021,12 uur geleden geplaatst,https://kamernet.nl/huren/appartement-rotterdam/bas-jungeriusstraat/appartement-1988152,"{'Woonkamer': ' Onbekend ', 'Keuken': ' Onbekend ', 'Badkamer': ' Onbekend ', 'Toilet': ' Onbekend ', 'Internet': ' Onbekend ', 'Energielabel': ' Onbekend ', 'Huisdieren': ' Nee '}",
Gildemeestersplein,in Arnhem,18 m,Totaal 1 kamer,â‚¬ 475,p/m | incl. g/w/e,Gemeubileerd,14-09-2021,12 uur geleden geplaatst,https://kamernet.nl/huren/appartement-arnhem/gildemeestersplein/appartement-1988154,"{'Woonkamer': ' Onbekend ', 'Keuken': ' Onbekend ', 'Badkamer': ' Onbekend ', 'Toilet': ' Onbekend ', 'Internet': ' Onbekend ', 'Energielabel': ' Onbekend ', 'Huisdieren': ' Nee '}",
Winschoterdiep,in Groningen,15 m,,â‚¬ 380,p/m | incl. g/w/e,Gestoffeerd,01-10-2021,8 uur geleden geplaatst,https://kamernet.nl/huren/kamer-groningen/winschoterdiep/kamer-1988208,"{'Woonkamer': ' Geen ', 'Keuken': ' Gedeeld ', 'Badkamer': ' Gedeeld ', 'Toilet': ' Gedeeld ', 'Internet': ' Ja ', 'Energielabel': ' Onbekend ', 'Huisgenoten': '  3 ', 'Geslacht': ' Man ', 'Huisdieren': ' Nee '}",
Vronen,in Nieuw-Vennep,25 m,,â‚¬ 450,p/m | incl. g/w/e,Gemeubileerd,01-11-2021,8 uur geleden geplaatst,https://kamernet.nl/huren/kamer-nieuw-vennep/vronen/kamer-1988117,"{'Woonkamer': ' Eigen ', 'Keuken': ' Gedeeld ', 'Badkamer': ' Gedeeld ', 'Toilet': ' Gedeeld ', 'Internet': ' Ja ', 'Energielabel': ' Onbekend ', 'Huisgenoten': '  1 ', 'Geslacht': ' Man ', 'Huisdieren': ' Nee '}",
Colensostraat,in Haarlem,20 m,Totaal 1 kamer (1 slaapkamer) ,â‚¬ 850,p/m | incl. g/w/e,Gestoffeerd,01-11-2021,8 uur geleden geplaatst,https://kamernet.nl/huren/studio-haarlem/colensostraat/studio-1987948,"{'Woonkamer': ' Eigen ', 'Keuken': ' Eigen ', 'Badkamer': ' Eigen ', 'Toilet': ' Eigen ', 'Internet': ' Ja ', 'Energielabel': ' Onbekend ', 'Huisdieren': ' Nee '}",
Nieuwezijds Armsteeg,in Amsterdam,55 m,Totaal 2 kamers (1 slaapkamer) ,â‚¬ 1900,p/m | incl. g/w/e,Gemeubileerd,14-09-2021,8 uur geleden geplaatst,https://kamernet.nl/huren/appartement-amsterdam/nieuwezijds-armsteeg/appartement-1988033,"{'Woonkamer': ' Eigen ', 'Keuken': ' Eigen ', 'Badkamer': ' Eigen ', 'Toilet': ' Eigen ', 'Internet': ' Ja ', 'Energielabel': ' Onbekend ', 'Huisdieren': ' Nee '}",
Schapenkamp,in Hilversum,100 m,Totaal 3 kamers,â‚¬ 1650,p/m | excl. g/w/e,Gemeubileerd,14-09-2021,12 uur geleden geplaatst,https://kamernet.nl/huren/appartement-hilversum/schapenkamp/appartement-1988153,"{'Woonkamer': ' Onbekend ', 'Keuken': ' Onbekend ', 'Badkamer': ' Onbekend ', 'Toilet': ' Onbekend ', 'Internet': ' Onbekend ', 'Energielabel': ' Onbekend ', 'Huisdieren': ' Nee '}",
Loggerhof,in Amsterdam,12 m,,â‚¬ 800,p/m | incl. g/w/e,Gemeubileerd,01-10-2021 tot 31-12-2021,7 uur geleden geplaatst,https://kamernet.nl/huren/kamer-amsterdam/loggerhof/kamer-1988217,"{'Woonkamer': ' Gedeeld ', 'Keuken': ' Gedeeld ', 'Badkamer': ' Gedeeld ', 'Toilet': ' Gedeeld ', 'Internet': ' Ja ', 'Energielabel': ' Onbekend ', 'Huisgenoten': '  1 ', 'Geslacht': ' Vrouw ', 'Huisdieren': ' Nee '}",
Valentijnkade,in Amsterdam,15 m,Totale oppervlakte: 20 m 2,â‚¬ 680,p/m | incl. g/w/e,Gemeubileerd,14-09-2021 tot 14-01-2022,7 uur geleden geplaatst,https://kamernet.nl/huren/kamer-amsterdam/valentijnkade/kamer-1988218,"{'Woonkamer': ' Geen ', 'Keuken': ' Gedeeld ', 'Badkamer': ' Gedeeld ', 'Toilet': ' Gedeeld ', 'Internet': ' Ja ', 'Energielabel': ' A ', 'Huisgenoten': '  1 ', 'Geslacht': ' Man ', 'Huisdieren': ' In overleg '}",
Admiraal De Ruijterweg,in Amsterdam,74 m,,â‚¬ 1410,p/m | excl. g/w/e,Gemeubileerd,14-09-2021,7 uur geleden geplaatst,https://kamernet.nl/huren/appartement-amsterdam/admiraal-de-ruijterweg/appartement-1988215,"{'Woonkamer': ' Eigen ', 'Keuken': ' Eigen ', 'Badkamer': ' Eigen ', 'Toilet': ' Eigen ', 'Internet': ' Nee ', 'Energielabel': ' Onbekend ', 'Huisdieren': ' Nee '}",
De Genestetplein,in Rotterdam,11 m,,â‚¬ 430,p/m | incl. g/w/e,Gemeubileerd,01-11-2021 tot 31-12-2021,11 uur geleden geplaatst,https://kamernet.nl/huren/kamer-rotterdam/de-genestetplein/kamer-1988158,"{'Woonkamer': ' Gedeeld ', 'Keuken': ' Gedeeld ', 'Badkamer': ' Gedeeld ', 'Toilet': ' Gedeeld ', 'Internet': ' Ja ', 'Energielabel': ' Onbekend ', 'Huisgenoten': '  5 ', 'Geslacht': ' Gemengd ', 'Huisdieren': ' Nee '}",
Johan de Wittlaan,in Arnhem,30 m,Totaal 2 kamers (1 slaapkamer) ,â‚¬ 620,p/m | excl. g/w/e,Gestoffeerd,01-02-2021,7 uur geleden geplaatst,https://kamernet.nl/huren/studio-arnhem/johan-de-wittlaan/studio-1894788,"{'Woonkamer': ' Eigen ', 'Keuken': ' Eigen ', 'Badkamer': ' Eigen ', 'Toilet': ' Eigen ', 'Internet': ' Ja ', 'Energielabel': ' Onbekend ', 'Huisdieren': ' Nee '}",
Trompstraat,in Groningen,16 m,,â‚¬ 276,p/m | excl. g/w/e,Gestoffeerd,13-10-2021,7 uur geleden geplaatst,https://kamernet.nl/huren/kamer-groningen/trompstraat/kamer-1988224,"{'Woonkamer': ' Geen ', 'Keuken': ' Gedeeld ', 'Badkamer': ' Gedeeld ', 'Toilet': ' Gedeeld ', 'Internet': ' Ja ', 'Energielabel': ' Onbekend ', 'Huisgenoten': '  5 ', 'Geslacht': ' Gemengd ', 'Huisdieren': ' Nee '}",
Brussestraat,in Rotterdam,45 m,Totaal 2 kamers (2 slaapkamers) ,â‚¬ 1050,p/m | incl. g/w/e,Gestoffeerd,30-09-2021,6 uur geleden geplaatst,https://kamernet.nl/huren/appartement-rotterdam/brussestraat/appartement-1988214,"{'Woonkamer': ' Eigen ', 'Keuken': ' Eigen ', 'Badkamer': ' Eigen ', 'Toilet': ' Eigen ', 'Internet': ' Ja ', 'Energielabel': ' Onbekend ', 'Huisdieren': ' Nee '}",
Spiegelstraat,in Haarlem,15 m,Totale oppervlakte: 5 m 2,â‚¬ 750,p/m | excl. g/w/e,Gestoffeerd,01-10-2021,8 uur geleden geplaatst,https://kamernet.nl/huren/kamer-haarlem/spiegelstraat/kamer-1987958,"{'Woonkamer': ' Geen ', 'Keuken': ' Gedeeld ', 'Badkamer': ' Eigen ', 'Toilet': ' Eigen ', 'Internet': ' Nee ', 'Energielabel': ' Onbekend ', 'Huisgenoten': '  1 ', 'Geslacht': ' Onbekend ', 'Huisdieren': ' In overleg '}",
Graan voor Visch,in Hoofddorp,15 m,,â‚¬ 700,p/m | incl. g/w/e,Gemeubileerd,14-09-2021,11 uur geleden geplaatst,https://kamernet.nl/huren/kamer-hoofddorp/graan-voor-visch/kamer-1988167,"{'Woonkamer': ' Gedeeld ', 'Keuken': ' Gedeeld ', 'Badkamer': ' Gedeeld ', 'Toilet': ' Gedeeld ', 'Internet': ' Ja ', 'Energielabel': ' C ', 'Huisgenoten': '  Geen ', 'Geslacht': ' Onbekend ', 'Huisdieren': ' Nee '}",
Generaal Cronjestraat,in Haarlem,15 m,Totale oppervlakte: 25 m 2,â‚¬ 800,p/m | excl. g/w/e,Gestoffeerd,01-10-2021,7 uur geleden geplaatst,https://kamernet.nl/huren/kamer-haarlem/generaal-cronjestraat/kamer-1988221,"{'Woonkamer': ' Geen ', 'Keuken': ' Gedeeld ', 'Badkamer': ' Eigen ', 'Toilet': ' Eigen ', 'Internet': ' Ja ', 'Energielabel': ' Onbekend ', 'Huisgenoten': '  3 ', 'Geslacht': ' Gemengd ', 'Huisdieren': ' Nee '}",
Zuidervaart,in Zaandam,25 m,,â‚¬ 650,p/m | incl. g/w/e,Gemeubileerd,30-09-2021,11 uur geleden geplaatst,https://kamernet.nl/huren/kamer-zaandam/zuidervaart/kamer-1988172,"{'Woonkamer': ' Eigen ', 'Keuken': ' Gedeeld ', 'Badkamer': ' Gedeeld ', 'Toilet': ' Gedeeld ', 'Internet': ' Ja ', 'Energielabel': ' Onbekend ', 'Huisgenoten': '  1 ', 'Geslacht': ' Vrouw ', 'Huisdieren': ' Nee '}",
Rijswijkstraat,in Amsterdam,12 m,,â‚¬ 600,p/m | incl. g/w/e,Gemeubileerd,14-10-2021,6 uur geleden geplaatst,https://kamernet.nl/huren/kamer-amsterdam/rijswijkstraat/kamer-1988231,"{'Woonkamer': ' Gedeeld ', 'Keuken': ' Gedeeld ', 'Badkamer': ' Gedeeld ', 'Toilet': ' Gedeeld ', 'Internet': ' Ja ', 'Energielabel': ' Onbekend ', 'Huisgenoten': '  1 ', 'Geslacht': ' Vrouw ', 'Huisdieren': ' Nee '}",
Laan van Oost-Indie,in Nijmegen,45 m,Totaal 3 kamers (1 slaapkamer) ,â‚¬ 854,p/m | incl. g/w/e,Gestoffeerd,14-09-2021,1 uur geleden geplaatst,https://kamernet.nl/huren/appartement-nijmegen/laan-van-oost-indie/appartement-1988257,"{'Woonkamer': ' Eigen ', 'Keuken': ' Eigen ', 'Badkamer': ' Eigen ', 'Toilet': ' Eigen ', 'Internet': ' Ja ', 'Energielabel': ' A ', 'Huisdieren': ' Nee '}",
Islemundapad,in Rotterdam,15 m,Totale oppervlakte: 60 m 2,â‚¬ 400,p/m | incl. g/w/e,Gemeubileerd,15-10-2021 tot 28-02-2022,10 uur geleden geplaatst,https://kamernet.nl/huren/kamer-rotterdam/islemundapad/kamer-1988173,"{'Woonkamer': ' Gedeeld ', 'Keuken': ' Gedeeld ', 'Badkamer': ' Gedeeld ', 'Toilet': ' Gedeeld ', 'Internet': ' Ja ', 'Energielabel': ' B ', 'Huisgenoten': '  2 ', 'Geslacht': ' Gemengd ', 'Huisdieren': ' Nee '}",
Pleinweg,in Rotterdam,22 m,Totale oppervlakte: 100 m 2,â‚¬ 600,p/m | incl. g/w/e,Gemeubileerd,25-09-2021,10 uur geleden geplaatst,https://kamernet.nl/huren/kamer-rotterdam/pleinweg/kamer-1988164,"{'Woonkamer': ' Gedeeld ', 'Keuken': ' Gedeeld ', 'Badkamer': ' Gedeeld ', 'Toilet': ' Gedeeld ', 'Internet': ' Ja ', 'Energielabel': ' Onbekend ', 'Huisgenoten': '  2 ', 'Geslacht': ' Gemengd ', 'Huisdieren': ' Nee '}",
Park Arenberg,in De Bilt,20 m,Totale oppervlakte: 20 m 2,â‚¬ 600,p/m | incl. g/w/e,Gemeubileerd,15-09-2021 tot 01-10-2021,1 uur geleden geplaatst,https://kamernet.nl/huren/kamer-de-bilt/park-arenberg/kamer-1988252,"{'Woonkamer': ' Geen ', 'Keuken': ' Gedeeld ', 'Badkamer': ' Eigen ', 'Toilet': ' Eigen ', 'Internet': ' Ja ', 'Energielabel': ' C ', 'Huisgenoten': '  2 ', 'Geslacht': ' Man ', 'Huisdieren': ' Nee '}",
Schelfhoutstraat,in Eindhoven,10 m,,â‚¬ 319,p/m | incl. g/w/e,Gestoffeerd,01-10-2021,11 uur geleden geplaatst,https://kamernet.nl/huren/kamer-eindhoven/schelfhoutstraat/kamer-1988159,"{'Woonkamer': ' Geen ', 'Keuken': ' Gedeeld ', 'Badkamer': ' Gedeeld ', 'Toilet': ' Gedeeld ', 'Internet': ' Ja ', 'Energielabel': ' Onbekend ', 'Huisgenoten': '  4  ', 'Geslacht': ' Gemengd ', 'Huisdieren': ' Nee '}",
Schrijverspark,in Veenendaal,23 m,Totale oppervlakte: 15 m 2,â‚¬ 975,p/m | incl. g/w/e,Gemeubileerd,01-10-2021,11 uur geleden geplaatst,https://kamernet.nl/huren/kamer-veenendaal/schrijverspark/kamer-1988160,"{'Woonkamer': ' Eigen ', 'Keuken': ' Eigen ', 'Badkamer': ' Eigen ', 'Toilet': ' Eigen ', 'Internet': ' Ja ', 'Energielabel': ' B ', 'Huisgenoten': '  Onbekend  ', 'Geslacht': ' Onbekend ', 'Huisdieren': ' Nee '}",
Aleidisstraat,in Rotterdam,16 m,,â‚¬ 550,p/m | incl. g/w/e,Gestoffeerd,01-10-2021,1 uur geleden geplaatst,https://kamernet.nl/huren/kamer-rotterdam/aleidisstraat/kamer-1988289,"{'Woonkamer': ' Gedeeld ', 'Keuken': ' Gedeeld ', 'Badkamer': ' Gedeeld ', 'Toilet': ' Gedeeld ', 'Internet': ' Ja ', 'Energielabel': ' Onbekend ', 'Huisgenoten': '  3 ', 'Geslacht': ' Man ', 'Huisdieren': ' Nee '}",
Martin Luther Kinglaan,in Diemen,15 m,Totale oppervlakte: 50 m 2,â‚¬ 665,p/m | incl. g/w/e,Gemeubileerd,01-11-2021 tot 01-11-2023,1 uur geleden geplaatst,https://kamernet.nl/huren/kamer-diemen/martin-luther-kinglaan/kamer-1988280,"{'Woonkamer': ' Gedeeld ', 'Keuken': ' Gedeeld ', 'Badkamer': ' Gedeeld ', 'Toilet': ' Gedeeld ', 'Internet': ' Ja ', 'Energielabel': ' E ', 'Huisgenoten': '  2 ', 'Geslacht': ' Man ', 'Huisdieren': ' Nee '}",
Aan 't Verlaat,in Delft,10 m,Totale oppervlakte: 80 m 2,â‚¬ 330,p/m | incl. g/w/e,Kaal,01-10-2021,1 uur geleden geplaatst,https://kamernet.nl/huren/kamer-delft/aan-'t-verlaat/kamer-1988290,"{'Woonkamer': ' Gedeeld ', 'Keuken': ' Gedeeld ', 'Badkamer': ' Gedeeld ', 'Toilet': ' Gedeeld ', 'Internet': ' Ja ', 'Energielabel': ' Onbekend ', 'Huisgenoten': '  Meer dan 8 ', 'Geslacht': ' Gemengd ', 'Huisdieren': ' Ja '}",
Oudraadtweg,in Delft,13 m,,â‚¬ 310,p/m | incl. g/w/e,Kaal,01-10-2021,1 uur geleden geplaatst,https://kamernet.nl/huren/kamer-delft/oudraadtweg/kamer-1988261,"{'Woonkamer': ' Gedeeld ', 'Keuken': ' Gedeeld ', 'Badkamer': ' Gedeeld ', 'Toilet': ' Gedeeld ', 'Internet': ' Ja ', 'Energielabel': ' Onbekend ', 'Huisgenoten': '  Meer dan 8 ', 'Geslacht': ' Gemengd ', 'Huisdieren': ' Nee '}",
Ichthushof,in Rotterdam,12 m,Totale oppervlakte: 60 m 2,â‚¬ 700,p/m | incl. g/w/e,Gemeubileerd,03-10-2021 tot 01-01-2022,14 uur geleden geplaatst,https://kamernet.nl/huren/kamer-rotterdam/ichthushof/kamer-1987978,"{'Woonkamer': ' Gedeeld ', 'Keuken': ' Gedeeld ', 'Badkamer': ' Gedeeld ', 'Toilet': ' Gedeeld ', 'Internet': ' Ja ', 'Energielabel': ' Onbekend ', 'Huisgenoten': '  Onbekend  ', 'Geslacht': ' Onbekend ', 'Huisdieren': ' Nee '}",
Aruba,in Zoetermeer,12 m,Totale oppervlakte: 80 m 2,â‚¬ 500,p/m | incl. g/w/e,Gemeubileerd,01-11-2021 tot 10-12-2021,14 uur geleden geplaatst,https://kamernet.nl/huren/kamer-zoetermeer/aruba/kamer-1987987,"{'Woonkamer': ' Gedeeld ', 'Keuken': ' Gedeeld ', 'Badkamer': ' Gedeeld ', 'Toilet': ' Gedeeld ', 'Internet': ' Ja ', 'Energielabel': ' A ', 'Huisgenoten': '  1 ', 'Geslacht': ' Man ', 'Huisdieren': ' Nee '}",
Eisenhowerlaan,in Utrecht,12 m,,â‚¬ 392,p/m | incl. g/w/e,Gestoffeerd,04-10-2021,1 uur geleden geplaatst,https://kamernet.nl/huren/kamer-utrecht/eisenhowerlaan/kamer-1988262,"{'Woonkamer': ' Geen ', 'Keuken': ' Gedeeld ', 'Badkamer': ' Gedeeld ', 'Toilet': ' Gedeeld ', 'Internet': ' Ja ', 'Energielabel': ' Onbekend ', 'Huisgenoten': '  3 ', 'Geslacht': ' Vrouw ', 'Huisdieren': ' Nee '}",
Oosterstraat,in Groningen,12 m,Totale oppervlakte: 65 m 2,â‚¬ 500,p/m | excl. g/w/e,Gemeubileerd,01-10-2021 tot 01-10-2022,13 uur geleden geplaatst,https://kamernet.nl/huren/kamer-groningen/oosterstraat/kamer-1988088,"{'Woonkamer': ' Gedeeld ', 'Keuken': ' Gedeeld ', 'Badkamer': ' Gedeeld ', 'Toilet': ' Gedeeld ', 'Internet': ' Ja ', 'Energielabel': ' Onbekend ', 'Huisgenoten': '  1 ', 'Geslacht': ' Man ', 'Huisdieren': ' Nee '}",
Abraham Kuyperlaan,in Rotterdam,12 m,Totale oppervlakte: 180 m 2,â‚¬ 545,p/m | excl. g/w/e,Gestoffeerd,01-10-2021,13 uur geleden geplaatst,https://kamernet.nl/huren/kamer-rotterdam/abraham-kuyperlaan/kamer-1988087,"{'Woonkamer': ' Gedeeld ', 'Keuken': ' Gedeeld ', 'Badkamer': ' Gedeeld ', 'Toilet': ' Gedeeld ', 'Internet': ' Ja ', 'Energielabel': ' Onbekend ', 'Huisgenoten': '  3 ', 'Geslacht': ' Man ', 'Huisdieren': ' Nee '}",
Heerlerbaan,in Heerlen,13 m,,â‚¬ 280,p/m | incl. g/w/e,Gestoffeerd,01-10-2021,13 uur geleden geplaatst,https://kamernet.nl/huren/kamer-heerlen/heerlerbaan/kamer-1988098,"{'Woonkamer': ' Geen ', 'Keuken': ' Gedeeld ', 'Badkamer': ' Gedeeld ', 'Toilet': ' Gedeeld ', 'Internet': ' Ja ', 'Energielabel': ' Onbekend ', 'Huisgenoten': '  5 ', 'Geslacht': ' Man ', 'Huisdieren': ' Nee '}",
Rederijkerstraat,in Den Haag,12 m,,â‚¬ 395,p/m | excl. g/w/e,Gestoffeerd,01-10-2021,13 uur geleden geplaatst,https://kamernet.nl/huren/kamer-den-haag/rederijkerstraat/kamer-1988091,"{'Woonkamer': ' Geen ', 'Keuken': ' Gedeeld ', 'Badkamer': ' Gedeeld ', 'Toilet': ' Gedeeld ', 'Internet': ' Nee ', 'Energielabel': ' Onbekend ', 'Huisgenoten': '  8  ', 'Geslacht': ' Gemengd ', 'Huisdieren': ' Nee '}",
Noordeinde,in Leiden,150 m,Totaal 3 kamers,â‚¬ 1850,p/m | excl. g/w/e,Gestoffeerd,01-11-2021,13 uur geleden geplaatst,https://kamernet.nl/huren/appartement-leiden/noordeinde/appartement-1988107,"{'Woonkamer': ' Onbekend ', 'Keuken': ' Onbekend ', 'Badkamer': ' Onbekend ', 'Toilet': ' Onbekend ', 'Internet': ' Onbekend ', 'Energielabel': ' Onbekend ', 'Huisdieren': ' Nee '}",
Harry Koningsbergerstraat,in Amsterdam,31 m,Totaal 1 kamer (1 slaapkamer) ,â‚¬ 1300,p/m | incl. g/w/e,Gemeubileerd,01-10-2021,13 uur geleden geplaatst,https://kamernet.nl/huren/studio-amsterdam/harry-koningsbergerstraat/studio-1988092,"{'Woonkamer': ' Eigen ', 'Keuken': ' Eigen ', 'Badkamer': ' Eigen ', 'Toilet': ' Eigen ', 'Internet': ' Ja ', 'Energielabel': ' F ', 'Huisdieren': ' Nee '}",
Motorkade,in Amsterdam,23 m,Totale oppervlakte: 70 m 2,â‚¬ 1300,p/m | incl. g/w/e,Gemeubileerd,14-09-2021,13 uur geleden geplaatst,https://kamernet.nl/huren/kamer-amsterdam/motorkade/kamer-1988112,"{'Woonkamer': ' Gedeeld ', 'Keuken': ' Geen ', 'Badkamer': ' Eigen ', 'Toilet': ' Eigen ', 'Internet': ' Ja ', 'Energielabel': ' A ', 'Huisgenoten': '  Meer dan 8 ', 'Geslacht': ' Gemengd ', 'Huisdieren': ' Nee '}",
Turfmarkt,in Leiden,30 m,Totaal 2 kamers (1 slaapkamer) ,â‚¬ 1200,p/m | incl. g/w/e,Gemeubileerd,14-09-2021,13 uur geleden geplaatst,https://kamernet.nl/huren/appartement-leiden/turfmarkt/appartement-1988116,"{'Woonkamer': ' Eigen ', 'Keuken': ' Eigen ', 'Badkamer': ' Eigen ', 'Toilet': ' Eigen ', 'Internet': ' Ja ', 'Energielabel': ' Onbekend ', 'Huisdieren': ' Nee '}",
Graan voor Visch,in Hoofddorp,25 m,,â‚¬ 900,p/m | incl. g/w/e,Gemeubileerd,15-10-2021 tot 15-10-2022,13 uur geleden geplaatst,https://kamernet.nl/huren/kamer-hoofddorp/graan-voor-visch/kamer-1988119,"{'Woonkamer': ' Gedeeld ', 'Keuken': ' Gedeeld ', 'Badkamer': ' Gedeeld ', 'Toilet': ' Gedeeld ', 'Internet': ' Ja ', 'Energielabel': ' C ', 'Huisgenoten': '  1 ', 'Geslacht': ' Vrouw ', 'Huisdieren': ' Nee '}",
Hoogoord,in Amsterdam,17 m,Totale oppervlakte: 25 m 2,â‚¬ 575,p/m | incl. g/w/e,Gemeubileerd,14-09-2021,0 uur geleden geplaatst,https://kamernet.nl/huren/kamer-amsterdam/hoogoord/kamer-1988312,"{'Woonkamer': ' Geen ', 'Keuken': ' Gedeeld ', 'Badkamer': ' Gedeeld ', 'Toilet': ' Gedeeld ', 'Internet': ' Ja ', 'Energielabel': ' Onbekend ', 'Huisgenoten': '  1 ', 'Geslacht': ' Vrouw ', 'Huisdieren': ' Nee '}",
Kameleonstraat,in Almere,17 m,,â‚¬ 695,p/m | incl. g/w/e,Gemeubileerd,15-09-2021 tot 03-12-2021,13 uur geleden geplaatst,https://kamernet.nl/huren/kamer-almere/kameleonstraat/kamer-1988131,"{'Woonkamer': ' Geen ', 'Keuken': ' Gedeeld ', 'Badkamer': ' Gedeeld ', 'Toilet': ' Gedeeld ', 'Internet': ' Ja ', 'Energielabel': ' B ', 'Huisgenoten': '  1 ', 'Geslacht': ' Gemengd ', 'Huisdieren': ' Nee '}",
Blasiusstraat,in Amsterdam,15 m,Totale oppervlakte: 50 m 2,â‚¬ 1100,p/m | excl. g/w/e,Gemeubileerd,01-10-2021,5 uur geleden geplaatst,https://kamernet.nl/huren/kamer-amsterdam/blasiusstraat/kamer-1988232,"{'Woonkamer': ' Gedeeld ', 'Keuken': ' Gedeeld ', 'Badkamer': ' Gedeeld ', 'Toilet': ' Gedeeld ', 'Internet': ' Ja ', 'Energielabel': ' A ', 'Huisgenoten': '  Onbekend  ', 'Geslacht': ' Onbekend ', 'Huisdieren': ' Nee '}",
Groene Hilledijk,in Rotterdam,15 m,,â‚¬ 550,p/m | excl. g/w/e,Gestoffeerd,01-10-2021,13 uur geleden geplaatst,https://kamernet.nl/huren/appartement-rotterdam/groene-hilledijk/appartement-1988096,"{'Woonkamer': ' Gedeeld ', 'Keuken': ' Gedeeld ', 'Badkamer': ' Gedeeld ', 'Toilet': ' Gedeeld ', 'Internet': ' Onbekend ', 'Energielabel': ' Onbekend ', 'Huisdieren': ' Nee '}",
IJsselsteinstraat,in Den Haag,72 m,Totaal 4 kamers (2 slaapkamers) ,â‚¬ 1200,p/m | incl. g/w/e,Gemeubileerd,07-10-2021 tot 17-12-2021,5 uur geleden geplaatst,https://kamernet.nl/huren/appartement-den-haag/ijsselsteinstraat/appartement-1988234,"{'Woonkamer': ' Eigen ', 'Keuken': ' Eigen ', 'Badkamer': ' Eigen ', 'Toilet': ' Eigen ', 'Internet': ' Ja ', 'Energielabel': ' Onbekend ', 'Huisdieren': ' In overleg '}",
Gerard Doustraat,in Leeuwarden,15 m,Totale oppervlakte: 70 m 2,â‚¬ 340,p/m | incl. g/w/e,Gestoffeerd,14-09-2021,5 uur geleden geplaatst,https://kamernet.nl/huren/kamer-leeuwarden/gerard-doustraat/kamer-1988236,"{'Woonkamer': ' Geen ', 'Keuken': ' Gedeeld ', 'Badkamer': ' Gedeeld ', 'Toilet': ' Gedeeld ', 'Internet': ' Ja ', 'Energielabel': ' B ', 'Huisgenoten': '  3 ', 'Geslacht': ' Gemengd ', 'Huisdieren': ' Nee '}",
Jacob van Lennepstraat,in Amsterdam,58 m,Totaal 1 kamer (1 slaapkamer) ,â‚¬ 1500,p/m | incl. g/w/e,Gemeubileerd,17-09-2021 tot 30-11-2021,13 uur geleden geplaatst,https://kamernet.nl/huren/appartement-amsterdam/jacob-van-lennepstraat/appartement-1988121,"{'Woonkamer': ' Eigen ', 'Keuken': ' Eigen ', 'Badkamer': ' Eigen ', 'Toilet': ' Eigen ', 'Internet': ' Ja ', 'Energielabel': ' Onbekend ', 'Huisdieren': ' Nee '}",
Laagstraat,in Eindhoven,17 m,Totale oppervlakte: 19 m 2,â‚¬ 450,p/m | incl. g/w/e,Kaal,15-09-2021,4 uur geleden geplaatst,https://kamernet.nl/huren/kamer-eindhoven/laagstraat/kamer-1988253,"{'Woonkamer': ' Geen ', 'Keuken': ' Gedeeld ', 'Badkamer': ' Gedeeld ', 'Toilet': ' Gedeeld ', 'Internet': ' Ja ', 'Energielabel': ' Onbekend ', 'Huisgenoten': '  1 ', 'Geslacht': ' Man ', 'Huisdieren': ' Nee '}",
Geurdenhof,in Oss,20 m,Totaal 1 kamer (1 slaapkamer) ,â‚¬ 650,p/m | incl. g/w/e,Gestoffeerd,01-10-2021,5 uur geleden geplaatst,https://kamernet.nl/huren/studio-oss/geurdenhof/studio-1988233,"{'Woonkamer': ' Eigen ', 'Keuken': ' Eigen ', 'Badkamer': ' Eigen ', 'Toilet': ' Eigen ', 'Internet': ' Ja ', 'Energielabel': ' Onbekend ', 'Huisdieren': ' Nee '}",
Meester Cornelisstraat,in Haarlem,6 m,Totale oppervlakte: 96 m 2,â‚¬ 425,p/m | incl. g/w/e,Gestoffeerd,01-10-2021,4 uur geleden geplaatst,https://kamernet.nl/huren/kamer-haarlem/meester-cornelisstraat/kamer-1988258,"{'Woonkamer': ' Gedeeld ', 'Keuken': ' Gedeeld ', 'Badkamer': ' Gedeeld ', 'Toilet': ' Gedeeld ', 'Internet': ' Ja ', 'Energielabel': ' Onbekend ', 'Huisgenoten': '  2 ', 'Geslacht': ' Vrouw ', 'Huisdieren': ' Nee '}",
Claes de Vrieselaan,in Rotterdam,144 m,,â‚¬ 1850,p/m | incl. g/w/e,Gemeubileerd,16-10-2021 tot 15-01-2022,4 uur geleden geplaatst,https://kamernet.nl/huren/appartement-rotterdam/claes-de-vrieselaan/appartement-1988260,"{'Woonkamer': ' Eigen ', 'Keuken': ' Eigen ', 'Badkamer': ' Eigen ', 'Toilet': ' Eigen ', 'Internet': ' Ja ', 'Energielabel': ' D ', 'Huisdieren': ' Nee '}",
Larensestraat,in Den Haag,14 m,Totale oppervlakte: 70 m 2,â‚¬ 550,p/m | excl. g/w/e,Kaal,14-09-2021,3 uur geleden geplaatst,https://kamernet.nl/huren/kamer-den-haag/larensestraat/kamer-1988273,"{'Woonkamer': ' Gedeeld ', 'Keuken': ' Gedeeld ', 'Badkamer': ' Gedeeld ', 'Toilet': ' Gedeeld ', 'Internet': ' Ja ', 'Energielabel': ' Onbekend ', 'Huisgenoten': '  1 ', 'Geslacht': ' Man ', 'Huisdieren': ' Nee '}",
Amsterdamsestraatweg,in Utrecht,50 m,,â‚¬ 975,p/m | excl. g/w/e,Gemeubileerd,01-10-2021 tot 01-04-2022,1 uur geleden geplaatst,https://kamernet.nl/huren/appartement-utrecht/amsterdamsestraatweg/appartement-1987074,"{'Woonkamer': ' Eigen ', 'Keuken': ' Eigen ', 'Badkamer': ' Gedeeld ', 'Toilet': ' Eigen ', 'Internet': ' Ja ', 'Energielabel': ' Onbekend ', 'Huisdieren': ' Nee '}",
Leidsekade,in Amsterdam,10 m,Totale oppervlakte: 120 m 2,â‚¬ 587,p/m | excl. g/w/e,Gemeubileerd,09-10-2021,1 uur geleden geplaatst,https://kamernet.nl/huren/kamer-amsterdam/leidsekade/kamer-1988274,"{'Woonkamer': ' Gedeeld ', 'Keuken': ' Gedeeld ', 'Badkamer': ' Gedeeld ', 'Toilet': ' Gedeeld ', 'Internet': ' Ja ', 'Energielabel': ' Onbekend ', 'Huisgenoten': '  3 ', 'Geslacht': ' Gemengd ', 'Huisdieren': ' Nee '}",
Californieplein,in Haarlem,8 m,,â‚¬ 600,p/m | incl. g/w/e,Gestoffeerd,01-11-2021,2 uur geleden geplaatst,https://kamernet.nl/huren/kamer-haarlem/californieplein/kamer-1988244,"{'Woonkamer': ' Gedeeld ', 'Keuken': ' Gedeeld ', 'Badkamer': ' Gedeeld ', 'Toilet': ' Gedeeld ', 'Internet': ' Ja ', 'Energielabel': ' Onbekend ', 'Huisgenoten': '  1 ', 'Geslacht': ' Vrouw ', 'Huisdieren': ' Nee '}",
Heugemerstraat,in Maastricht,16 m,,â‚¬ 310,p/m | incl. g/w/e,Kaal,14-09-2021,2 uur geleden geplaatst,https://kamernet.nl/huren/kamer-maastricht/heugemerstraat/kamer-1988292,"{'Woonkamer': ' Geen ', 'Keuken': ' Geen ', 'Badkamer': ' Gedeeld ', 'Toilet': ' Gedeeld ', 'Internet': ' Ja ', 'Energielabel': ' Onbekend ', 'Huisgenoten': '  3 ', 'Geslacht': ' Gemengd ', 'Huisdieren': ' Nee '}",
Heerlerbaan,in Heerlen,27 m,,â‚¬ 400,p/m | incl. g/w/e,Gestoffeerd,01-10-2021,8 uur geleden geplaatst,https://kamernet.nl/huren/kamer-heerlen/heerlerbaan/kamer-1988097,"{'Woonkamer': ' Geen ', 'Keuken': ' Gedeeld ', 'Badkamer': ' Gedeeld ', 'Toilet': ' Gedeeld ', 'Internet': ' Ja ', 'Energielabel': ' Onbekend ', 'Huisgenoten': '  5 ', 'Geslacht': ' Man ', 'Huisdieren': ' Nee '}",
Staalmeesterslaan,in Amsterdam,99 m,,â‚¬ 1800,p/m | excl. g/w/e,Gemeubileerd,01-10-2021 tot 28-02-2022,8 uur geleden geplaatst,https://kamernet.nl/huren/appartement-amsterdam/staalmeesterslaan/appartement-1987970,"{'Woonkamer': ' Gedeeld ', 'Keuken': ' Gedeeld ', 'Badkamer': ' Gedeeld ', 'Toilet': ' Gedeeld ', 'Internet': ' Ja ', 'Energielabel': ' Onbekend ', 'Huisdieren': ' Ja '}",
Spreeuwenstraat,in Nijmegen,35 m,Totaal 5 kamers (1 slaapkamer) ,â‚¬ 710,p/m | incl. g/w/e,Gestoffeerd,01-10-2021,8 uur geleden geplaatst,https://kamernet.nl/huren/appartement-nijmegen/spreeuwenstraat/appartement-1987770,"{'Woonkamer': ' Eigen ', 'Keuken': ' Eigen ', 'Badkamer': ' Eigen ', 'Toilet': ' Eigen ', 'Internet': ' Ja ', 'Energielabel': ' C ', 'Huisdieren': ' Nee '}",
Friesestraatweg,in Groningen,17 m,,â‚¬ 375,p/m | incl. g/w/e,Gestoffeerd,01-10-2021,8 uur geleden geplaatst,https://kamernet.nl/huren/kamer-groningen/friesestraatweg/kamer-1988194,"{'Woonkamer': ' Geen ', 'Keuken': ' Gedeeld ', 'Badkamer': ' Gedeeld ', 'Toilet': ' Gedeeld ', 'Internet': ' Ja ', 'Energielabel': ' Onbekend ', 'Huisgenoten': '  3 ', 'Geslacht': ' Vrouw ', 'Huisdieren': ' Nee '}",
Nieuwe Mollenhutseweg,in Nijmegen,65 m,Totaal 3 kamers (1 slaapkamer) ,â‚¬ 810,p/m | excl. g/w/e,Kaal,01-11-2021,8 uur geleden geplaatst,https://kamernet.nl/huren/appartement-nijmegen/nieuwe-mollenhutseweg/appartement-1988191,"{'Woonkamer': ' Eigen ', 'Keuken': ' Eigen ', 'Badkamer': ' Eigen ', 'Toilet': ' Eigen ', 'Internet': ' Ja ', 'Energielabel': ' C ', 'Huisdieren': ' Nee '}",
Van Hasseltlaan,in Delft,25 m,Totaal 1 kamer (1 slaapkamer) ,â‚¬ 500,p/m | incl. g/w/e,Gemeubileerd,22-09-2021 tot 22-07-2022,13 uur geleden geplaatst,https://kamernet.nl/huren/studio-delft/van-hasseltlaan/studio-1988120,"{'Woonkamer': ' Eigen ', 'Keuken': ' Eigen ', 'Badkamer': ' Eigen ', 'Toilet': ' Eigen ', 'Internet': ' Ja ', 'Energielabel': ' Onbekend ', 'Huisdieren': ' Nee '}",
Roerstraat,in Utrecht,20 m,,â‚¬ 550,p/m | incl. g/w/e,Gestoffeerd,10-02-2020,2 uur geleden geplaatst,https://kamernet.nl/huren/kamer-utrecht/roerstraat/kamer-1988282,"{'Woonkamer': ' Eigen ', 'Keuken': ' Gedeeld ', 'Badkamer': ' Gedeeld ', 'Toilet': ' Gedeeld ', 'Internet': ' Ja ', 'Energielabel': ' Onbekend ', 'Huisgenoten': '  4  ', 'Geslacht': ' Vrouw ', 'Huisdieren': ' Nee '}",
Grote Belt,in Hoofddorp,12 m,Totale oppervlakte: 50 m 2,â‚¬ 600,p/m | incl. g/w/e,Gemeubileerd,20-09-2021 tot 20-10-2022,8 uur geleden geplaatst,https://kamernet.nl/huren/kamer-hoofddorp/grote-belt/kamer-1988188,"{'Woonkamer': ' Eigen ', 'Keuken': ' Gedeeld ', 'Badkamer': ' Gedeeld ', 'Toilet': ' Gedeeld ', 'Internet': ' Ja ', 'Energielabel': ' Onbekend ', 'Huisgenoten': '  1 ', 'Geslacht': ' Man ', 'Huisdieren': ' Nee '}",
Orleansplein,in Maastricht,25 m,Totale oppervlakte: 32 m 2,â‚¬ 445,p/m | excl. g/w/e,Gestoffeerd,01-11-2021,8 uur geleden geplaatst,https://kamernet.nl/huren/kamer-maastricht/orleansplein/kamer-1988183,"{'Woonkamer': ' Eigen ', 'Keuken': ' Eigen ', 'Badkamer': ' Gedeeld ', 'Toilet': ' Gedeeld ', 'Internet': ' Ja ', 'Energielabel': ' Onbekend ', 'Huisgenoten': '  2 ', 'Geslacht': ' Vrouw ', 'Huisdieren': ' Nee '}",
Van Hasseltlaan,in Delft,20 m,,â‚¬ 325,p/m | incl. g/w/e,Gestoffeerd,06-10-2021,8 uur geleden geplaatst,https://kamernet.nl/huren/kamer-delft/van-hasseltlaan/kamer-1988195,"{'Woonkamer': ' Gedeeld ', 'Keuken': ' Gedeeld ', 'Badkamer': ' Eigen ', 'Toilet': ' Eigen ', 'Internet': ' Ja ', 'Energielabel': ' Onbekend ', 'Huisgenoten': '  Meer dan 8 ', 'Geslacht': ' Gemengd ', 'Huisdieren': ' Nee '}",
Simonsstraat,in Delft,6 m,,â‚¬ 300,p/m | incl. g/w/e,Gestoffeerd,01-10-2021,14 uur geleden geplaatst,https://kamernet.nl/huren/kamer-delft/simonsstraat/kamer-1988003,"{'Woonkamer': ' Gedeeld ', 'Keuken': ' Gedeeld ', 'Badkamer': ' Gedeeld ', 'Toilet': ' Gedeeld ', 'Internet': ' Ja ', 'Energielabel': ' Onbekend ', 'Huisgenoten': '  Meer dan 8 ', 'Geslacht': ' Gemengd ', 'Huisdieren': ' Nee '}",
Goirkestraat,in Tilburg,48 m,Totale oppervlakte: 48 m 2,â‚¬ 1050,p/m | incl. g/w/e,Gestoffeerd,01-10-2021,14 uur geleden geplaatst,https://kamernet.nl/huren/kamer-tilburg/goirkestraat/kamer-1988082,"{'Woonkamer': ' Eigen ', 'Keuken': ' Eigen ', 'Badkamer': ' Eigen ', 'Toilet': ' Eigen ', 'Internet': ' Ja ', 'Energielabel': ' D ', 'Huisgenoten': '  1 ', 'Geslacht': ' Gemengd ', 'Huisdieren': ' Nee '}",
Hondsdijk,in Koudekerk aan den Rijn,28 m,,â‚¬ 400,p/m | incl. g/w/e,Onbekend,23-09-2021,6 dagen geleden geplaatst,https://kamernet.nl/huren/kamer-koudekerk-aan-den-rijn/hondsdijk/kamer-1987182,"{'Woonkamer': ' Eigen ', 'Keuken': ' Eigen ', 'Badkamer': ' Gedeeld ', 'Toilet': ' Gedeeld ', 'Internet': ' Ja ', 'Energielabel': ' A ', 'Huisgenoten': '  1 ', 'Geslacht': ' Man ', 'Huisdieren': ' Nee '}",
Stadionkade,in Amsterdam,20 m,Totaal 1 kamer (1 slaapkamer) ,â‚¬ 475,p/m | incl. g/w/e,Gestoffeerd,01-10-2021,5 dagen geleden geplaatst,https://kamernet.nl/huren/studio-amsterdam/stadionkade/studio-1987035,"{'Woonkamer': ' Eigen ', 'Keuken': ' Eigen ', 'Badkamer': ' Eigen ', 'Toilet': ' Gedeeld ', 'Internet': ' Ja ', 'Energielabel': ' Onbekend ', 'Huisdieren': ' Nee '}",
Roerstraat,in Utrecht,20 m,,â‚¬ 595,p/m | incl. g/w/e,Gestoffeerd,14-09-2021,8 uur geleden geplaatst,https://kamernet.nl/huren/kamer-utrecht/roerstraat/kamer-1988202,"{'Woonkamer': ' Geen ', 'Keuken': ' Eigen ', 'Badkamer': ' Gedeeld ', 'Toilet': ' Gedeeld ', 'Internet': ' Ja ', 'Energielabel': ' Onbekend ', 'Huisgenoten': '  4  ', 'Geslacht': ' Gemengd ', 'Huisdieren': ' Nee '}",
Medanstraat,in Utrecht,16 m,,â‚¬ 550,p/m | incl. g/w/e,Gemeubileerd,12-09-2021,4 dagen geleden geplaatst,https://kamernet.nl/huren/kamer-utrecht/medanstraat/kamer-1987523,"{'Woonkamer': ' Onbekend ', 'Keuken': ' Onbekend ', 'Badkamer': ' Onbekend ', 'Toilet': ' Onbekend ', 'Internet': ' Onbekend ', 'Energielabel': ' Onbekend ', 'Huisgenoten': '  Geen ', 'Geslacht': ' Onbekend ', 'Huisdieren': ' In overleg '}",
Nieuwstraat,in Leiden,75 m,Totaal 2 kamers (1 slaapkamer) ,â‚¬ 875,p/m | excl. g/w/e,Kaal,01-09-2021,2 weken geleden geplaatst,https://kamernet.nl/huren/appartement-leiden/nieuwstraat/appartement-1984288,"{'Woonkamer': ' Eigen ', 'Keuken': ' Eigen ', 'Badkamer': ' Eigen ', 'Toilet': ' Eigen ', 'Internet': ' Onbekend ', 'Energielabel': ' Onbekend ', 'Huisdieren': ' Nee '}",
Eierlanden,in Huizen,30 m,Totale oppervlakte: 35 m 2,â‚¬ 549,p/m | incl. g/w/e,Gestoffeerd,01-10-2021,13 uur geleden geplaatst,https://kamernet.nl/huren/kamer-huizen/eierlanden/kamer-1988377,"{'Woonkamer': ' Eigen ', 'Keuken': ' Eigen ', 'Badkamer': ' Gedeeld ', 'Toilet': ' Eigen ', 'Internet': ' Ja ', 'Energielabel': ' Onbekend ', 'Huisgenoten': '  1 ', 'Geslacht': ' Man ', 'Huisdieren': ' Nee '}",kamer-1988377.html
Pieter Calandlaan,in Amsterdam,15 m,,â‚¬ 505,p/m | incl. g/w/e,Gemeubileerd,26-09-2021,4 uur geleden geplaatst,https://kamernet.nl/huren/kamer-amsterdam/pieter-calandlaan/kamer-1988434,"{'Woonkamer': ' Geen ', 'Keuken': ' Gedeeld ', 'Badkamer': ' Gedeeld ', 'Toilet': ' Gedeeld ', 'Internet': ' Ja ', 'Energielabel': ' Onbekend ', 'Huisgenoten': '  5 ', 'Geslacht': ' Gemengd ', 'Huisdieren': ' Nee '}",kamer-1988434.html
Rotterdamseweg,in Delft,22 m,Totale oppervlakte: 5 m 2,â‚¬ 595,p/m | incl. g/w/e,Gestoffeerd,01-10-2021,13 uur geleden geplaatst,https://kamernet.nl/huren/kamer-delft/rotterdamseweg/kamer-1980628,"{'Woonkamer': ' Eigen ', 'Keuken': ' Geen ', 'Badkamer': ' Gedeeld ', 'Toilet': ' Gedeeld ', 'Internet': ' Ja ', 'Energielabel': ' Onbekend ', 'Huisgenoten': '  1 ', 'Geslacht': ' Man ', 'Huisdieren': ' Nee '}",kamer-1980628.html
St.-Gotthard,in Utrecht,20 m,,â‚¬ 350,p/m | incl. g/w/e,Gestoffeerd,15-10-2021,11 uur geleden geplaatst,https://kamernet.nl/huren/kamer-utrecht/st.-gotthard/kamer-1988384,"{'Woonkamer': ' Gedeeld ', 'Keuken': ' Gedeeld ', 'Badkamer': ' Gedeeld ', 'Toilet': ' Gedeeld ', 'Internet': ' Ja ', 'Energielabel': ' Onbekend ', 'Huisgenoten': '  3 ', 'Geslacht': ' Gemengd ', 'Huisdieren': ' Nee '}",kamer-1988384.html
Vrolikstraat,in Amsterdam,8 m,Totale oppervlakte: 100 m 2,â‚¬ 690,p/m | excl. g/w/e,Gemeubileerd,01-10-2021 tot 31-01-2022,10 uur geleden geplaatst,https://kamernet.nl/huren/kamer-amsterdam/vrolikstraat/kamer-1988359,"{'Woonkamer': ' Gedeeld ', 'Keuken': ' Gedeeld ', 'Badkamer': ' Gedeeld ', 'Toilet': ' Gedeeld ', 'Internet': ' Ja ', 'Energielabel': ' B ', 'Huisgenoten': '  3 ', 'Geslacht': ' Vrouw ', 'Huisdieren': ' Nee '}",kamer-1988359.html
Paul Krugerstraat,in Arnhem,17 m,,â‚¬ 395,p/m | incl. g/w/e,Gestoffeerd,01-10-2021,10 uur geleden geplaatst,https://kamernet.nl/huren/kamer-arnhem/paul-krugerstraat/kamer-1988361,"{'Woonkamer': ' Eigen ', 'Keuken': ' Gedeeld ', 'Badkamer': ' Gedeeld ', 'Toilet': ' Gedeeld ', 'Internet': ' Ja ', 'Energielabel': ' Onbekend ', 'Huisgenoten': '  5 ', 'Geslacht': ' Man ', 'Huisdieren': ' Nee '}",kamer-1988361.html
Brasserskade,in Delft,8 m,Totale oppervlakte: 20 m 2,â‚¬ 350,p/m | incl. g/w/e,Gestoffeerd,01-10-2021,11 uur geleden geplaatst,https://kamernet.nl/huren/kamer-delft/brasserskade/kamer-1988382,"{'Woonkamer': ' Eigen ', 'Keuken': ' Gedeeld ', 'Badkamer': ' Gedeeld ', 'Toilet': ' Gedeeld ', 'Internet': ' Ja ', 'Energielabel': ' Onbekend ', 'Huisgenoten': '  4  ', 'Geslacht': ' Man ', 'Huisdieren': ' Nee '}",kamer-1988382.html
Blijhamsterweg,in Winschoten,25 m,Totale oppervlakte: 20 m 2,â‚¬ 595,p/m | incl. g/w/e,Gestoffeerd,01-10-2021,10 uur geleden geplaatst,https://kamernet.nl/huren/kamer-winschoten/blijhamsterweg/kamer-1988357,"{'Woonkamer': ' Eigen ', 'Keuken': ' Eigen ', 'Badkamer': ' Gedeeld ', 'Toilet': ' Gedeeld ', 'Internet': ' Ja ', 'Energielabel': ' Onbekend ', 'Huisgenoten': '  Meer dan 8 ', 'Geslacht': ' Gemengd ', 'Huisdieren': ' Nee '}",kamer-1988357.html
Blijhamsterweg,in Winschoten,16 m,Totale oppervlakte: 20 m 2,â‚¬ 495,p/m | incl. g/w/e,Gestoffeerd,01-10-2021,10 uur geleden geplaatst,https://kamernet.nl/huren/kamer-winschoten/blijhamsterweg/kamer-1988367,"{'Woonkamer': ' Eigen ', 'Keuken': ' Eigen ', 'Badkamer': ' Gedeeld ', 'Toilet': ' Gedeeld ', 'Internet': ' Ja ', 'Energielabel': ' Onbekend ', 'Huisgenoten': '  Meer dan 8 ', 'Geslacht': ' Gemengd ', 'Huisdieren': ' In overleg '}",kamer-1988367.html
Hildebranddreef,in Utrecht,30 m,,â‚¬ 1099,p/m | incl. g/w/e,Gestoffeerd,30-09-2021 tot 01-11-2021,9 uur geleden geplaatst,https://kamernet.nl/huren/kamer-utrecht/hildebranddreef/kamer-1988405,"{'Woonkamer': ' Onbekend ', 'Keuken': ' Onbekend ', 'Badkamer': ' Eigen ', 'Toilet': ' Eigen ', 'Internet': ' Ja ', 'Energielabel': ' Onbekend ', 'Huisgenoten': '  Onbekend  ', 'Geslacht': ' Onbekend ', 'Huisdieren': ' In overleg '}",kamer-1988405.html
Gedempte Zuiderdiep,in Groningen,9 m,Totale oppervlakte: 40 m 2,â‚¬ 700,p/m | incl. g/w/e,Kaal,16-09-2021 tot 31-10-2021,8 uur geleden geplaatst,https://kamernet.nl/huren/kamer-groningen/gedempte-zuiderdiep/kamer-1988399,"{'Woonkamer': ' Gedeeld ', 'Keuken': ' Gedeeld ', 'Badkamer': ' Gedeeld ', 'Toilet': ' Gedeeld ', 'Internet': ' Ja ', 'Energielabel': ' Onbekend ', 'Huisgenoten': '  Meer dan 8 ', 'Geslacht': ' Man ', 'Huisdieren': ' Nee '}",kamer-1988399.html
Marislaan,in Utrecht,12 m,,â‚¬ 315,p/m | incl. g/w/e,Gemeubileerd,02-10-2021,8 uur geleden geplaatst,https://kamernet.nl/huren/kamer-utrecht/marislaan/kamer-1988413,"{'Woonkamer': ' Geen ', 'Keuken': ' Gedeeld ', 'Badkamer': ' Gedeeld ', 'Toilet': ' Gedeeld ', 'Internet': ' Ja ', 'Energielabel': ' Onbekend ', 'Huisgenoten': '  1 ', 'Geslacht': ' Vrouw ', 'Huisdieren': ' Nee '}",kamer-1988413.html
Vrieseweg,in Dordrecht,20 m,Totale oppervlakte: 15 m 2,â‚¬ 575,p/m | incl. g/w/e,Gestoffeerd,01-10-2021,8 uur geleden geplaatst,https://kamernet.nl/huren/kamer-dordrecht/vrieseweg/kamer-1988417,"{'Woonkamer': ' Geen ', 'Keuken': ' Gedeeld ', 'Badkamer': ' Gedeeld ', 'Toilet': ' Gedeeld ', 'Internet': ' Ja ', 'Energielabel': ' Onbekend ', 'Huisgenoten': '  3 ', 'Geslacht': ' Man ', 'Huisdieren': ' Nee '}",kamer-1988417.html
Blijhamsterweg,in Winschoten,16 m,Totale oppervlakte: 20 m 2,â‚¬ 395,p/m | incl. g/w/e,Gestoffeerd,01-10-2021,8 uur geleden geplaatst,https://kamernet.nl/huren/kamer-winschoten/blijhamsterweg/kamer-1988409,"{'Woonkamer': ' Eigen ', 'Keuken': ' Gedeeld ', 'Badkamer': ' Gedeeld ', 'Toilet': ' Gedeeld ', 'Internet': ' Ja ', 'Energielabel': ' Onbekend ', 'Huisgenoten': '  Meer dan 8 ', 'Geslacht': ' Gemengd ', 'Huisdieren': ' In overleg '}",kamer-1988409.html
Kerkstraat,in Leende,18 m,Totale oppervlakte: 185 m 2,â‚¬ 689,p/m | incl. g/w/e,Gestoffeerd,15-09-2021 tot 16-04-2022,10 uur geleden geplaatst,https://kamernet.nl/huren/kamer-leende/kerkstraat/kamer-1988379,"{'Woonkamer': ' Gedeeld ', 'Keuken': ' Gedeeld ', 'Badkamer': ' Gedeeld ', 'Toilet': ' Gedeeld ', 'Internet': ' Ja ', 'Energielabel': ' Onbekend ', 'Huisgenoten': '  2 ', 'Geslacht': ' Man ', 'Huisdieren': ' In overleg '}",kamer-1988379.html
Aubadestraat,in Nijmegen,12 m,,â‚¬ 404,p/m | incl. g/w/e,Gestoffeerd,01-10-2021,10 uur geleden geplaatst,https://kamernet.nl/huren/kamer-nijmegen/aubadestraat/kamer-1988385,"{'Woonkamer': ' Gedeeld ', 'Keuken': ' Gedeeld ', 'Badkamer': ' Gedeeld ', 'Toilet': ' Gedeeld ', 'Internet': ' Ja ', 'Energielabel': ' Onbekend ', 'Huisgenoten': '  3 ', 'Geslacht': ' Gemengd ', 'Huisdieren': ' Nee '}",kamer-1988385.html
Professor Eijkmanlaan,in Haarlem,13 m,,â‚¬ 750,p/m | incl. g/w/e,Gemeubileerd,01-10-2021 tot 30-09-2022,10 uur geleden geplaatst,https://kamernet.nl/huren/kamer-haarlem/professor-eijkmanlaan/kamer-1988363,"{'Woonkamer': ' Gedeeld ', 'Keuken': ' Gedeeld ', 'Badkamer': ' Gedeeld ', 'Toilet': ' Gedeeld ', 'Internet': ' Ja ', 'Energielabel': ' C ', 'Huisgenoten': '  1 ', 'Geslacht': ' Vrouw ', 'Huisdieren': ' Ja '}",kamer-1988363.html
Nieuwlandsweg,in Ryptsjerk,45 m,,â‚¬ 400,p/m | incl. g/w/e,Gemeubileerd,03-10-2021 tot 01-04-2022,6 uur geleden geplaatst,https://kamernet.nl/huren/kamer-ryptsjerk/nieuwlandsweg/kamer-1988432,"{'Woonkamer': ' Eigen ', 'Keuken': ' Eigen ', 'Badkamer': ' Eigen ', 'Toilet': ' Eigen ', 'Internet': ' Ja ', 'Energielabel': ' Onbekend ', 'Huisgenoten': '  3 ', 'Geslacht': ' Gemengd ', 'Huisdieren': ' Nee '}",kamer-1988432.html
Graaf Janlaan,in Hillegom,72 m,,â‚¬ 475,p/m | excl. g/w/e,Kaal,15-09-2021,5 uur geleden geplaatst,https://kamernet.nl/huren/kamer-hillegom/graaf-janlaan/kamer-1988331,"{'Woonkamer': ' Onbekend ', 'Keuken': ' Onbekend ', 'Badkamer': ' Onbekend ', 'Toilet': ' Onbekend ', 'Internet': ' Onbekend ', 'Energielabel': ' Onbekend ', 'Huisgenoten': '  Onbekend  ', 'Geslacht': ' Onbekend ', 'Huisdieren': ' Nee '}",kamer-1988331.html
Kraaienplein,in Amsterdam,11 m,Totale oppervlakte: 70 m 2,â‚¬ 800,p/m | incl. g/w/e,Gemeubileerd,15-09-2021 tot 31-10-2021,7 uur geleden geplaatst,https://kamernet.nl/huren/kamer-amsterdam/kraaienplein/kamer-1988425,"{'Woonkamer': ' Gedeeld ', 'Keuken': ' Gedeeld ', 'Badkamer': ' Gedeeld ', 'Toilet': ' Gedeeld ', 'Internet': ' Ja ', 'Energielabel': ' C ', 'Huisgenoten': '  1 ', 'Geslacht': ' Onbekend ', 'Huisdieren': ' Nee '}",kamer-1988425.html
E. du Perronlaan,in Delft,20 m,,â‚¬ 330,p/m | incl. g/w/e,Gestoffeerd,01-10-2021,4 uur geleden geplaatst,https://kamernet.nl/huren/kamer-delft/e.-du-perronlaan/kamer-1988416,"{'Woonkamer': ' Gedeeld ', 'Keuken': ' Gedeeld ', 'Badkamer': ' Gedeeld ', 'Toilet': ' Gedeeld ', 'Internet': ' Ja ', 'Energielabel': ' Onbekend ', 'Huisgenoten': '  5 ', 'Geslacht': ' Gemengd ', 'Huisdieren': ' Nee '}",kamer-1988416.html
Benthuizerstraat,in Rotterdam,13 m,Totale oppervlakte: 90 m 2,â‚¬ 600,p/m | incl. g/w/e,Gestoffeerd,07-10-2021,4 uur geleden geplaatst,https://kamernet.nl/huren/kamer-rotterdam/benthuizerstraat/kamer-1988419,"{'Woonkamer': ' Gedeeld ', 'Keuken': ' Gedeeld ', 'Badkamer': ' Gedeeld ', 'Toilet': ' Gedeeld ', 'Internet': ' Ja ', 'Energielabel': ' Onbekend ', 'Huisgenoten': '  Onbekend  ', 'Geslacht': ' Onbekend ', 'Huisdieren': ' Nee '}",kamer-1988419.html
Burchtstraat,in Nijmegen,27 m,Totale oppervlakte: 12 m 2,â‚¬ 430,p/m | incl. g/w/e,Gemeubileerd,01-10-2021 tot 30-04-2022,4 uur geleden geplaatst,https://kamernet.nl/huren/kamer-nijmegen/burchtstraat/kamer-1988460,"{'Woonkamer': ' Geen ', 'Keuken': ' Eigen ', 'Badkamer': ' Gedeeld ', 'Toilet': ' Gedeeld ', 'Internet': ' Ja ', 'Energielabel': ' A ', 'Huisgenoten': '  1 ', 'Geslacht': ' Gemengd ', 'Huisdieren': ' Nee '}",kamer-1988460.html
Nijenheim,in Zeist,20 m,Totale oppervlakte: 80 m 2,â‚¬ 695,p/m | incl. g/w/e,Gestoffeerd,01-10-2021,9 uur geleden geplaatst,https://kamernet.nl/huren/kamer-zeist/nijenheim/kamer-1988406,"{'Woonkamer': ' Eigen ', 'Keuken': ' Gedeeld ', 'Badkamer': ' Gedeeld ', 'Toilet': ' Gedeeld ', 'Internet': ' Ja ', 'Energielabel': ' Onbekend ', 'Huisgenoten': '  5 ', 'Geslacht': ' Gemengd ', 'Huisdieren': ' Nee '}",kamer-1988406.html
Hooikade,in Den Haag,70 m,Totaal 1 kamer (1 slaapkamer) ,â‚¬ 850,p/m | excl. g/w/e,Gemeubileerd,01-10-2021 tot 01-12-2022,4 uur geleden geplaatst,https://kamernet.nl/huren/studio-den-haag/hooikade/studio-1987967,"{'Woonkamer': ' Eigen ', 'Keuken': ' Eigen ', 'Badkamer': ' Eigen ', 'Toilet': ' Eigen ', 'Internet': ' Ja ', 'Energielabel': ' Onbekend ', 'Huisdieren': ' Nee '}",studio-1987967.html
Geerdinkhof,in Amsterdam,12 m,Totale oppervlakte: 100 m 2,â‚¬ 550,p/m | incl. g/w/e,Gemeubileerd,01-10-2021 tot 30-06-2022,8 uur geleden geplaatst,https://kamernet.nl/huren/kamer-amsterdam/geerdinkhof/kamer-1988408,"{'Woonkamer': ' Gedeeld ', 'Keuken': ' Gedeeld ', 'Badkamer': ' Gedeeld ', 'Toilet': ' Gedeeld ', 'Internet': ' Ja ', 'Energielabel': ' C ', 'Huisgenoten': '  1 ', 'Geslacht': ' Vrouw ', 'Huisdieren': ' Nee '}",kamer-1988408.html
Ter Coulsterlaan,in Heiloo,70 m,Totaal 2 kamers,â‚¬ 450,p/m | excl. g/w/e,Kaal,15-09-2021,5 uur geleden geplaatst,https://kamernet.nl/huren/appartement-heiloo/ter-coulsterlaan/appartement-1988332,"{'Woonkamer': ' Onbekend ', 'Keuken': ' Onbekend ', 'Badkamer': ' Onbekend ', 'Toilet': ' Onbekend ', 'Internet': ' Onbekend ', 'Energielabel': ' Onbekend ', 'Huisdieren': ' Nee '}",appartement-1988332.html
Didamsestraat,in Zevenaar,26 m,,â‚¬ 680,p/m | incl. g/w/e,Kaal,01-10-2021,15 uur geleden geplaatst,https://kamernet.nl/huren/studio-zevenaar/didamsestraat/studio-1988309,"{'Woonkamer': ' Geen ', 'Keuken': ' Eigen ', 'Badkamer': ' Eigen ', 'Toilet': ' Eigen ', 'Internet': ' Ja ', 'Energielabel': ' Onbekend ', 'Huisdieren': ' Nee '}",studio-1988309.html
Commandeursweg,in Bennekom,35 m,Totaal 1 kamer (1 slaapkamer) ,â‚¬ 516,p/m | incl. g/w/e,Gestoffeerd,15-09-2021,15 uur geleden geplaatst,https://kamernet.nl/huren/studio-bennekom/commandeursweg/studio-1988318,"{'Woonkamer': ' Eigen ', 'Keuken': ' Eigen ', 'Badkamer': ' Eigen ', 'Toilet': ' Eigen ', 'Internet': ' Ja ', 'Energielabel': ' Onbekend ', 'Huisdieren': ' Nee '}",studio-1988318.html
Brasserskade,in Delft,18 m,,â‚¬ 400,p/m | excl. g/w/e,Kaal,01-10-2021,15 uur geleden geplaatst,https://kamernet.nl/huren/kamer-delft/brasserskade/kamer-1988321,"{'Woonkamer': ' Gedeeld ', 'Keuken': ' Gedeeld ', 'Badkamer': ' Gedeeld ', 'Toilet': ' Gedeeld ', 'Internet': ' Ja ', 'Energielabel': ' Onbekend ', 'Huisgenoten': '  3 ', 'Geslacht': ' Man ', 'Huisdieren': ' Nee '}",kamer-1988321.html
Van Musschenbroekstraat,in Den Haag,45 m,Totaal 2 kamers (1 slaapkamer) ,â‚¬ 990,p/m | excl. g/w/e,Gestoffeerd,15-09-2021,17 uur geleden geplaatst,https://kamernet.nl/huren/appartement-den-haag/van-musschenbroekstraat/appartement-1988324,"{'Woonkamer': ' Eigen ', 'Keuken': ' Eigen ', 'Badkamer': ' Eigen ', 'Toilet': ' Eigen ', 'Internet': ' Nee ', 'Energielabel': ' B ', 'Huisdieren': ' Nee '}",appartement-1988324.html
Generaal Eisenhowerweg,in Berkel-Enschot,102 m,Totaal 2 kamers,â‚¬ 750,p/m | excl. g/w/e,Gestoffeerd,15-09-2021,15 uur geleden geplaatst,https://kamernet.nl/huren/appartement-berkel-enschot/generaal-eisenhowerweg/appartement-1988334,"{'Woonkamer': ' Onbekend ', 'Keuken': ' Onbekend ', 'Badkamer': ' Onbekend ', 'Toilet': ' Onbekend ', 'Internet': ' Onbekend ', 'Energielabel': ' Onbekend ', 'Huisdieren': ' In overleg '}",appartement-1988334.html
Distelvlinderweg,in Diemen,16 m,,â‚¬ 500,p/m | incl. g/w/e,Gemeubileerd,30-09-2021 tot 30-04-2022,15 uur geleden geplaatst,https://kamernet.nl/huren/kamer-diemen/distelvlinderweg/kamer-1988323,"{'Woonkamer': ' Gedeeld ', 'Keuken': ' Gedeeld ', 'Badkamer': ' Gedeeld ', 'Toilet': ' Gedeeld ', 'Internet': ' Ja ', 'Energielabel': ' C ', 'Huisgenoten': '  3 ', 'Geslacht': ' Vrouw ', 'Huisdieren': ' Nee '}",kamer-1988323.html
Schouwburgring,in Tilburg,26 m,,â‚¬ 704,p/m | excl. g/w/e,Gestoffeerd,01-10-2021,15 uur geleden geplaatst,https://kamernet.nl/huren/studio-tilburg/schouwburgring/studio-1988336,"{'Woonkamer': ' Onbekend ', 'Keuken': ' Onbekend ', 'Badkamer': ' Onbekend ', 'Toilet': ' Onbekend ', 'Internet': ' Onbekend ', 'Energielabel': ' Onbekend ', 'Huisdieren': ' In overleg '}",studio-1988336.html
Bisschop Zwijsenstraat,in Tilburg,70 m,Totaal 2 kamers,â‚¬ 1199,p/m | excl. g/w/e,Gestoffeerd,01-10-2021,15 uur geleden geplaatst,https://kamernet.nl/huren/appartement-tilburg/bisschop-zwijsenstraat/appartement-1988335,"{'Woonkamer': ' Onbekend ', 'Keuken': ' Onbekend ', 'Badkamer': ' Onbekend ', 'Toilet': ' Onbekend ', 'Internet': ' Onbekend ', 'Energielabel': ' Onbekend ', 'Huisdieren': ' In overleg '}",appartement-1988335.html
Amerikalaan,in Utrecht,20 m,,â‚¬ 595,p/m | incl. g/w/e,Gestoffeerd,15-09-2021,14 uur geleden geplaatst,https://kamernet.nl/huren/kamer-utrecht/amerikalaan/kamer-1988346,"{'Woonkamer': ' Eigen ', 'Keuken': ' Gedeeld ', 'Badkamer': ' Gedeeld ', 'Toilet': ' Gedeeld ', 'Internet': ' Ja ', 'Energielabel': ' Onbekend ', 'Huisgenoten': '  2 ', 'Geslacht': ' Man ', 'Huisdieren': ' Nee '}",kamer-1988346.html
Boterdiep,in Groningen,21 m,,â‚¬ 560,p/m | incl. g/w/e,Gestoffeerd,01-11-2021,14 uur geleden geplaatst,https://kamernet.nl/huren/kamer-groningen/boterdiep/kamer-1988352,"{'Woonkamer': ' Eigen ', 'Keuken': ' Eigen ', 'Badkamer': ' Eigen ', 'Toilet': ' Gedeeld ', 'Internet': ' Ja ', 'Energielabel': ' F ', 'Huisgenoten': '  5 ', 'Geslacht': ' Gemengd ', 'Huisdieren': ' Nee '}",kamer-1988352.html
Willem Hubertstraat,in Den Bosch,55 m,Totaal 1 kamer,â‚¬ 985,p/m | excl. g/w/e,Gestoffeerd,01-11-2021,15 uur geleden geplaatst,https://kamernet.nl/huren/appartement-den-bosch/willem-hubertstraat/appartement-1988337,"{'Woonkamer': ' Onbekend ', 'Keuken': ' Onbekend ', 'Badkamer': ' Onbekend ', 'Toilet': ' Onbekend ', 'Internet': ' Onbekend ', 'Energielabel': ' Onbekend ', 'Huisdieren': ' In overleg '}",appartement-1988337.html
Berg en Dalseweg,in Nijmegen,8 m,,â‚¬ 299,p/m | incl. g/w/e,Gestoffeerd,01-10-2021,15 uur geleden geplaatst,https://kamernet.nl/huren/kamer-nijmegen/berg-en-dalseweg/kamer-1988325,"{'Woonkamer': ' Eigen ', 'Keuken': ' Gedeeld ', 'Badkamer': ' Gedeeld ', 'Toilet': ' Gedeeld ', 'Internet': ' Ja ', 'Energielabel': ' C ', 'Huisgenoten': '  7 ', 'Geslacht': ' Gemengd ', 'Huisdieren': ' Nee '}",kamer-1988325.html
Staringstraat,in Nijmegen,25 m,Totale oppervlakte: 150 m 2,â‚¬ 360,p/m | incl. g/w/e,Gestoffeerd,01-10-2021,13 uur geleden geplaatst,https://kamernet.nl/huren/kamer-nijmegen/staringstraat/kamer-1988238,"{'Woonkamer': ' Gedeeld ', 'Keuken': ' Gedeeld ', 'Badkamer': ' Gedeeld ', 'Toilet': ' Gedeeld ', 'Internet': ' Ja ', 'Energielabel': ' Onbekend ', 'Huisgenoten': '  8  ', 'Geslacht': ' Man ', 'Huisdieren': ' Nee '}",kamer-1988238.html
De Boelelaan,in Amsterdam,10 m,Totale oppervlakte: 75 m 2,â‚¬ 690,p/m | incl. g/w/e,Gemeubileerd,06-10-2021 tot 27-03-2022,14 uur geleden geplaatst,https://kamernet.nl/huren/kamer-amsterdam/de-boelelaan/kamer-1988356,"{'Woonkamer': ' Gedeeld ', 'Keuken': ' Gedeeld ', 'Badkamer': ' Gedeeld ', 'Toilet': ' Gedeeld ', 'Internet': ' Ja ', 'Energielabel': ' Onbekend ', 'Huisgenoten': '  1 ', 'Geslacht': ' Vrouw ', 'Huisdieren': ' Nee '}",kamer-1988356.html
Neptunusstraat,in Den Haag,50 m,,â‚¬ 950,p/m | excl. g/w/e,Gemeubileerd,15-10-2021 tot 31-12-2021,4 uur geleden geplaatst,https://kamernet.nl/huren/appartement-den-haag/neptunusstraat/appartement-1988436,"{'Woonkamer': ' Eigen ', 'Keuken': ' Eigen ', 'Badkamer': ' Eigen ', 'Toilet': ' Eigen ', 'Internet': ' Ja ', 'Energielabel': ' Onbekend ', 'Huisdieren': ' Nee '}",appartement-1988436.html
Rustenburgerstraat,in Amsterdam,60 m,,â‚¬ 1800,p/m | incl. g/w/e,Gemeubileerd,15-09-2021,4 uur geleden geplaatst,https://kamernet.nl/huren/studio-amsterdam/rustenburgerstraat/studio-1988444,"{'Woonkamer': ' Eigen ', 'Keuken': ' Eigen ', 'Badkamer': ' Eigen ', 'Toilet': ' Eigen ', 'Internet': ' Ja ', 'Energielabel': ' Onbekend ', 'Huisdieren': ' Nee '}",studio-1988444.html
Kwikstraat,in Apeldoorn,30 m,,â‚¬ 450,p/m | incl. g/w/e,Kaal,15-09-2021 tot 16-09-2022,4 uur geleden geplaatst,https://kamernet.nl/huren/kamer-apeldoorn/kwikstraat/kamer-1988457,"{'Woonkamer': ' Gedeeld ', 'Keuken': ' Gedeeld ', 'Badkamer': ' Gedeeld ', 'Toilet': ' Gedeeld ', 'Internet': ' Ja ', 'Energielabel': ' Onbekend ', 'Huisgenoten': '  1 ', 'Geslacht': ' Man ', 'Huisdieren': ' Nee '}",kamer-1988457.html
Bessemerstraat,in Amsterdam,56 m,Totaal 2 kamers (1 slaapkamer) ,â‚¬ 1550,p/m | incl. g/w/e,Gestoffeerd,25-09-2021 tot 25-09-2023,3 uur geleden geplaatst,https://kamernet.nl/huren/appartement-amsterdam/bessemerstraat/appartement-1988475,"{'Woonkamer': ' Eigen ', 'Keuken': ' Eigen ', 'Badkamer': ' Eigen ', 'Toilet': ' Eigen ', 'Internet': ' Ja ', 'Energielabel': ' Onbekend ', 'Huisdieren': ' Nee '}",appartement-1988475.html
Sint Annadal,in Maastricht,80 m,Totaal 3 kamers,â‚¬ 1325,p/m | incl. g/w/e,Kaal,17-09-2021,15 uur geleden geplaatst,https://kamernet.nl/huren/appartement-maastricht/sint-annadal/appartement-1988333,"{'Woonkamer': ' Onbekend ', 'Keuken': ' Onbekend ', 'Badkamer': ' Onbekend ', 'Toilet': ' Onbekend ', 'Internet': ' Ja ', 'Energielabel': ' Onbekend ', 'Huisdieren': ' In overleg '}",appartement-1988333.html
Ambonstraat,in Utrecht,16 m,,â‚¬ 750,p/m | incl. g/w/e,Gemeubileerd,01-10-2021,2 uur geleden geplaatst,https://kamernet.nl/huren/kamer-utrecht/ambonstraat/kamer-1988502,"{'Woonkamer': ' Gedeeld ', 'Keuken': ' Gedeeld ', 'Badkamer': ' Gedeeld ', 'Toilet': ' Gedeeld ', 'Internet': ' Ja ', 'Energielabel': ' Onbekend ', 'Huisgenoten': '  1 ', 'Geslacht': ' Vrouw ', 'Huisdieren': ' Nee '}",kamer-1988502.html
Spiegelnisserkade,in Rotterdam,70 m,Totaal 2 kamers (1 slaapkamer) ,â‚¬ 1300,p/m | incl. g/w/e,Gemeubileerd,29-09-2021 tot 31-10-2021,0 uur geleden geplaatst,https://kamernet.nl/huren/appartement-rotterdam/spiegelnisserkade/appartement-1988513,"{'Woonkamer': ' Eigen ', 'Keuken': ' Eigen ', 'Badkamer': ' Eigen ', 'Toilet': ' Eigen ', 'Internet': ' Ja ', 'Energielabel': ' B ', 'Huisdieren': ' Nee '}",appartement-1988513.html
Jan Olphert Vaillantlaan,in Amsterdam,62 m,Totaal 2 kamers (1 slaapkamer) ,â‚¬ 1300,p/m | incl. g/w/e,Gemeubileerd,01-10-2021,3 uur geleden geplaatst,https://kamernet.nl/huren/appartement-amsterdam/jan-olphert-vaillantlaan/appartement-1988492,"{'Woonkamer': ' Eigen ', 'Keuken': ' Eigen ', 'Badkamer': ' Eigen ', 'Toilet': ' Eigen ', 'Internet': ' Ja ', 'Energielabel': ' Onbekend ', 'Huisdieren': ' Nee '}",appartement-1988492.html
Cornelis Trompstraat,in Delft,15 m,,â‚¬ 325,p/m | incl. g/w/e,Gestoffeerd,01-10-2021,13 uur geleden geplaatst,https://kamernet.nl/huren/kamer-delft/cornelis-trompstraat/kamer-1988373,"{'Woonkamer': ' Gedeeld ', 'Keuken': ' Gedeeld ', 'Badkamer': ' Gedeeld ', 'Toilet': ' Gedeeld ', 'Internet': ' Ja ', 'Energielabel': ' Onbekend ', 'Huisgenoten': '  3 ', 'Geslacht': ' Vrouw ', 'Huisdieren': ' Nee '}",kamer-1988373.html
Prins Mauritsstraat,in Delft,17 m,,â‚¬ 345,p/m | incl. g/w/e,Gestoffeerd,01-10-2021,4 uur geleden geplaatst,https://kamernet.nl/huren/kamer-delft/prins-mauritsstraat/kamer-1988458,"{'Woonkamer': ' Geen ', 'Keuken': ' Gedeeld ', 'Badkamer': ' Gedeeld ', 'Toilet': ' Gedeeld ', 'Internet': ' Ja ', 'Energielabel': ' Onbekend ', 'Huisgenoten': '  3 ', 'Geslacht': ' Man ', 'Huisdieren': ' Nee '}",kamer-1988458.html
Zwanenstraat,in Arnhem,12 m,Totaal 1 kamer,â‚¬ 303,p/m | incl. g/w/e,Gestoffeerd,16-09-2021,8 uur geleden geplaatst,https://kamernet.nl/huren/appartement-arnhem/zwanenstraat/appartement-1988571,"{'Woonkamer': ' Onbekend ', 'Keuken': ' Onbekend ', 'Badkamer': ' Onbekend ', 'Toilet': ' Onbekend ', 'Internet': ' Onbekend ', 'Energielabel': ' Onbekend ', 'Huisdieren': ' In overleg '}",appartement-1988571.html
Schoterweg,in Haarlem,25 m,,â‚¬ 595,p/m | incl. g/w/e,Gestoffeerd,10-10-2021,10 uur geleden geplaatst,https://kamernet.nl/huren/kamer-haarlem/schoterweg/kamer-1988565,"{'Woonkamer': ' Eigen ', 'Keuken': ' Eigen ', 'Badkamer': ' Gedeeld ', 'Toilet': ' Gedeeld ', 'Internet': ' Ja ', 'Energielabel': ' C ', 'Huisgenoten': '  4  ', 'Geslacht': ' Gemengd ', 'Huisdieren': ' Nee '}",kamer-1988565.html
Bachstraat,in Leiden,40 m,,â‚¬ 995,p/m | incl. g/w/e,Gestoffeerd,01-10-2021,13 uur geleden geplaatst,https://kamernet.nl/huren/appartement-leiden/bachstraat/appartement-1988556,"{'Woonkamer': ' Eigen ', 'Keuken': ' Eigen ', 'Badkamer': ' Eigen ', 'Toilet': ' Eigen ', 'Internet': ' Ja ', 'Energielabel': ' Onbekend ', 'Huisdieren': ' Nee '}",appartement-1988556.html
Madeliefstraat,in Rotterdam,60 m,Totaal 3 kamers (2 slaapkamers) ,â‚¬ 990,p/m | excl. g/w/e,Gestoffeerd,18-09-2021,15 uur geleden geplaatst,https://kamernet.nl/huren/appartement-rotterdam/madeliefstraat/appartement-1988522,"{'Woonkamer': ' Eigen ', 'Keuken': ' Eigen ', 'Badkamer': ' Eigen ', 'Toilet': ' Eigen ', 'Internet': ' Ja ', 'Energielabel': ' Onbekend ', 'Huisdieren': ' In overleg '}",appartement-1988522.html
Waldhoorn,in Zevenaar,14 m,,â‚¬ 275,p/m | incl. g/w/e,Gemeubileerd,19-09-2021,13 uur geleden geplaatst,https://kamernet.nl/huren/kamer-zevenaar/waldhoorn/kamer-1988550,"{'Woonkamer': ' Gedeeld ', 'Keuken': ' Gedeeld ', 'Badkamer': ' Gedeeld ', 'Toilet': ' Gedeeld ', 'Internet': ' Ja ', 'Energielabel': ' Onbekend ', 'Huisgenoten': '  1 ', 'Geslacht': ' Man ', 'Huisdieren': ' Nee '}",kamer-1988550.html
Korvelseweg,in Tilburg,34 m,Totaal 1 kamer,â‚¬ 751,p/m | excl. g/w/e,Gestoffeerd,01-01-2022,13 uur geleden geplaatst,https://kamernet.nl/huren/appartement-tilburg/korvelseweg/appartement-1988529,"{'Woonkamer': ' Onbekend ', 'Keuken': ' Onbekend ', 'Badkamer': ' Onbekend ', 'Toilet': ' Onbekend ', 'Internet': ' Onbekend ', 'Energielabel': ' Onbekend ', 'Huisdieren': ' In overleg '}",appartement-1988529.html
Kloosterstraat,in Tilburg,45 m,Totaal 1 kamer,â‚¬ 660,p/m | excl. g/w/e,Gestoffeerd,01-10-2021,13 uur geleden geplaatst,https://kamernet.nl/huren/appartement-tilburg/kloosterstraat/appartement-1988530,"{'Woonkamer': ' Onbekend ', 'Keuken': ' Onbekend ', 'Badkamer': ' Onbekend ', 'Toilet': ' Onbekend ', 'Internet': ' Onbekend ', 'Energielabel': ' Onbekend ', 'Huisdieren': ' In overleg '}",appartement-1988530.html
Koningin Astrid Boulevard,in Noordwijk,50 m,,â‚¬ 1135,p/m | excl. g/w/e,Gemeubileerd,01-10-2021,13 uur geleden geplaatst,https://kamernet.nl/huren/appartement-noordwijk/koningin-astrid-boulevard/appartement-1988531,"{'Woonkamer': ' Onbekend ', 'Keuken': ' Onbekend ', 'Badkamer': ' Onbekend ', 'Toilet': ' Onbekend ', 'Internet': ' Onbekend ', 'Energielabel': ' Onbekend ', 'Huisdieren': ' In overleg '}",appartement-1988531.html
Nicolaasstraat,in Utrecht,24 m,Totaal 1 kamer,â‚¬ 820,p/m | excl. g/w/e,Gestoffeerd,01-10-2021,13 uur geleden geplaatst,https://kamernet.nl/huren/appartement-utrecht/nicolaasstraat/appartement-1988527,"{'Woonkamer': ' Onbekend ', 'Keuken': ' Onbekend ', 'Badkamer': ' Onbekend ', 'Toilet': ' Onbekend ', 'Internet': ' Onbekend ', 'Energielabel': ' Onbekend ', 'Huisdieren': ' In overleg '}",appartement-1988527.html
De Clercqstraat,in Amsterdam,24 m,Totaal 2 kamers,â‚¬ 800,p/m | excl. g/w/e,Gestoffeerd,01-10-2021,13 uur geleden geplaatst,https://kamernet.nl/huren/studio-amsterdam/de-clercqstraat/studio-1988532,"{'Woonkamer': ' Onbekend ', 'Keuken': ' Onbekend ', 'Badkamer': ' Onbekend ', 'Toilet': ' Onbekend ', 'Internet': ' Onbekend ', 'Energielabel': ' Onbekend ', 'Huisdieren': ' In overleg '}",studio-1988532.html
Kadelaan,in Zoetermeer,54 m,Totaal 2 kamers,â‚¬ 835,p/m | excl. g/w/e,Onbekend,16-09-2021,13 uur geleden geplaatst,https://kamernet.nl/huren/appartement-zoetermeer/kadelaan/appartement-1988533,"{'Woonkamer': ' Onbekend ', 'Keuken': ' Onbekend ', 'Badkamer': ' Onbekend ', 'Toilet': ' Onbekend ', 'Internet': ' Onbekend ', 'Energielabel': ' Onbekend ', 'Huisdieren': ' In overleg '}",appartement-1988533.html
Kadelaan,in Zoetermeer,54 m,Totaal 2 kamers,â‚¬ 850,p/m | excl. g/w/e,Onbekend,16-09-2021,13 uur geleden geplaatst,https://kamernet.nl/huren/appartement-zoetermeer/kadelaan/appartement-1988534,"{'Woonkamer': ' Onbekend ', 'Keuken': ' Onbekend ', 'Badkamer': ' Onbekend ', 'Toilet': ' Onbekend ', 'Internet': ' Onbekend ', 'Energielabel': ' Onbekend ', 'Huisdieren': ' In overleg '}",appartement-1988534.html
Alphons Diepenbrockstraat,in Amersfoort,21 m,,â‚¬ 575,p/m | incl. g/w/e,Gestoffeerd,09-10-2021,13 uur geleden geplaatst,https://kamernet.nl/huren/kamer-amersfoort/alphons-diepenbrockstraat/kamer-1988536,"{'Woonkamer': ' Eigen ', 'Keuken': ' Gedeeld ', 'Badkamer': ' Gedeeld ', 'Toilet': ' Gedeeld ', 'Internet': ' Ja ', 'Energielabel': ' Onbekend ', 'Huisgenoten': '  2 ', 'Geslacht': ' Onbekend ', 'Huisdieren': ' Nee '}",kamer-1988536.html
Eerste Walstraat,in Nijmegen,12 m,Totaal 3 kamers (3 slaapkamers) ,â‚¬ 444,p/m | incl. g/w/e,Gemeubileerd,31-10-2021,13 uur geleden geplaatst,https://kamernet.nl/huren/appartement-nijmegen/eerste-walstraat/appartement-1988541,"{'Woonkamer': ' Gedeeld ', 'Keuken': ' Gedeeld ', 'Badkamer': ' Gedeeld ', 'Toilet': ' Gedeeld ', 'Internet': ' Ja ', 'Energielabel': ' Onbekend ', 'Huisdieren': ' Nee '}",appartement-1988541.html
Doelenstraat,in Utrecht,41 m,Totaal 1 kamer,â‚¬ 1020,p/m | excl. g/w/e,Gestoffeerd,16-09-2021,13 uur geleden geplaatst,https://kamernet.nl/huren/appartement-utrecht/doelenstraat/appartement-1988526,"{'Woonkamer': ' Onbekend ', 'Keuken': ' Onbekend ', 'Badkamer': ' Onbekend ', 'Toilet': ' Onbekend ', 'Internet': ' Onbekend ', 'Energielabel': ' Onbekend ', 'Huisdieren': ' In overleg '}",appartement-1988526.html
Brussestraat,in Rotterdam,45 m,Totaal 2 kamers (2 slaapkamers) ,â‚¬ 1050,p/m | incl. g/w/e,Gestoffeerd,30-09-2021,13 uur geleden geplaatst,https://kamernet.nl/huren/appartement-rotterdam/brussestraat/appartement-1988544,"{'Woonkamer': ' Eigen ', 'Keuken': ' Eigen ', 'Badkamer': ' Eigen ', 'Toilet': ' Eigen ', 'Internet': ' Ja ', 'Energielabel': ' Onbekend ', 'Huisdieren': ' Nee '}",appartement-1988544.html
Van Adrichemstraat,in Delft,31 m,Totaal 1 kamer (1 slaapkamer) ,â‚¬ 705,p/m | excl. g/w/e,Gestoffeerd,06-10-2021,16 uur geleden geplaatst,https://kamernet.nl/huren/appartement-delft/van-adrichemstraat/appartement-1987815,"{'Woonkamer': ' Eigen ', 'Keuken': ' Eigen ', 'Badkamer': ' Eigen ', 'Toilet': ' Eigen ', 'Internet': ' Nee ', 'Energielabel': ' E ', 'Huisdieren': ' Nee '}",appartement-1987815.html
Midscheeps,in Amsterdam,8 m,,â‚¬ 675,p/m | incl. g/w/e,Gemeubileerd,01-11-2021,16 uur geleden geplaatst,https://kamernet.nl/huren/kamer-amsterdam/midscheeps/kamer-1988485,"{'Woonkamer': ' Gedeeld ', 'Keuken': ' Gedeeld ', 'Badkamer': ' Gedeeld ', 'Toilet': ' Gedeeld ', 'Internet': ' Ja ', 'Energielabel': ' Onbekend ', 'Huisgenoten': '  3 ', 'Geslacht': ' Gemengd ', 'Huisdieren': ' Nee '}",kamer-1988485.html
Arthur van Schendelplein,in Delft,10 m,Totale oppervlakte: 60 m 2,â‚¬ 430,p/m | incl. g/w/e,Gestoffeerd,01-10-2021 tot 01-02-2022,16 uur geleden geplaatst,https://kamernet.nl/huren/kamer-delft/arthur-van-schendelplein/kamer-1988211,"{'Woonkamer': ' Gedeeld ', 'Keuken': ' Gedeeld ', 'Badkamer': ' Gedeeld ', 'Toilet': ' Gedeeld ', 'Internet': ' Ja ', 'Energielabel': ' Onbekend ', 'Huisgenoten': '  2 ', 'Geslacht': ' Man ', 'Huisdieren': ' In overleg '}",kamer-1988211.html
Rijksstraatweg,in Haren Gn,8 m,Totale oppervlakte: 55 m 2,â‚¬ 425,p/m | incl. g/w/e,Gemeubileerd,20-09-2021 tot 31-12-2021,15 uur geleden geplaatst,https://kamernet.nl/huren/kamer-haren-gn/rijksstraatweg/kamer-1988491,"{'Woonkamer': ' Gedeeld ', 'Keuken': ' Gedeeld ', 'Badkamer': ' Gedeeld ', 'Toilet': ' Gedeeld ', 'Internet': ' Ja ', 'Energielabel': ' Onbekend ', 'Huisgenoten': '  1 ', 'Geslacht': ' Man ', 'Huisdieren': ' Nee '}",kamer-1988491.html
Koningsplein,in Maastricht,35 m,,â‚¬ 895,p/m | incl. g/w/e,Gestoffeerd,01-10-2021,15 uur geleden geplaatst,https://kamernet.nl/huren/appartement-maastricht/koningsplein/appartement-1988484,"{'Woonkamer': ' Eigen ', 'Keuken': ' Eigen ', 'Badkamer': ' Eigen ', 'Toilet': ' Eigen ', 'Internet': ' Ja ', 'Energielabel': ' D ', 'Huisdieren': ' Nee '}",appartement-1988484.html
Diepenveenseweg,in Deventer,16 m,,â‚¬ 330,p/m | incl. g/w/e,Kaal,15-10-2021,13 uur geleden geplaatst,https://kamernet.nl/huren/kamer-deventer/diepenveenseweg/kamer-1988551,"{'Woonkamer': ' Gedeeld ', 'Keuken': ' Gedeeld ', 'Badkamer': ' Gedeeld ', 'Toilet': ' Gedeeld ', 'Internet': ' Ja ', 'Energielabel': ' Onbekend ', 'Huisgenoten': '  5 ', 'Geslacht': ' Gemengd ', 'Huisdieren': ' Ja '}",kamer-1988551.html
De Kommert,in Heerlen,26 m,Totaal 1 kamer (1 slaapkamer) ,â‚¬ 600,p/m | incl. g/w/e,Gestoffeerd,15-09-2021,15 uur geleden geplaatst,https://kamernet.nl/huren/studio-heerlen/de-kommert/studio-1983583,"{'Woonkamer': ' Eigen ', 'Keuken': ' Eigen ', 'Badkamer': ' Eigen ', 'Toilet': ' Eigen ', 'Internet': ' Ja ', 'Energielabel': ' Onbekend ', 'Huisdieren': ' Nee '}",studio-1983583.html
Korte Tuinstraat,in Tilburg,125 m,Totaal 4 kamers (3 slaapkamers) ,â‚¬ 1365,p/m | excl. g/w/e,Gestoffeerd,01-11-2021,13 uur geleden geplaatst,https://kamernet.nl/huren/appartement-tilburg/korte-tuinstraat/appartement-1988538,"{'Woonkamer': ' Eigen ', 'Keuken': ' Eigen ', 'Badkamer': ' Eigen ', 'Toilet': ' Eigen ', 'Internet': ' Onbekend ', 'Energielabel': ' A ', 'Huisdieren': ' Nee '}",appartement-1988538.html
Willem Pijperstraat,in Leiderdorp,40 m,Totaal 2 kamers (1 slaapkamer) ,â‚¬ 650,p/m | excl. g/w/e,Gemeubileerd,26-09-2021 tot 18-09-2022,15 uur geleden geplaatst,https://kamernet.nl/huren/appartement-leiderdorp/willem-pijperstraat/appartement-1988523,"{'Woonkamer': ' Eigen ', 'Keuken': ' Eigen ', 'Badkamer': ' Eigen ', 'Toilet': ' Eigen ', 'Internet': ' Ja ', 'Energielabel': ' Onbekend ', 'Huisdieren': ' Nee '}",appartement-1988523.html
Parkstraat,in Arnhem,30 m,,â‚¬ 585,p/m | incl. g/w/e,Gestoffeerd,01-10-2021,14 uur geleden geplaatst,https://kamernet.nl/huren/kamer-arnhem/parkstraat/kamer-1988537,"{'Woonkamer': ' Eigen ', 'Keuken': ' Eigen ', 'Badkamer': ' Eigen ', 'Toilet': ' Gedeeld ', 'Internet': ' Ja ', 'Energielabel': ' Onbekend ', 'Huisgenoten': '  3 ', 'Geslacht': ' Gemengd ', 'Huisdieren': ' Nee '}",kamer-1988537.html
Livingstonelaan,in Utrecht,44 m,,â‚¬ 900,p/m | excl. g/w/e,Gemeubileerd,12-08-2021,15 uur geleden geplaatst,https://kamernet.nl/huren/appartement-utrecht/livingstonelaan/appartement-1979946,"{'Woonkamer': ' Eigen ', 'Keuken': ' Eigen ', 'Badkamer': ' Eigen ', 'Toilet': ' Eigen ', 'Internet': ' Ja ', 'Energielabel': ' Onbekend ', 'Huisdieren': ' Nee '}",appartement-1979946.html
Menno ter Braaklaan,in Delft,14 m,,â‚¬ 375,p/m | incl. g/w/e,Gemeubileerd,04-10-2021 tot 04-02-2022,15 uur geleden geplaatst,https://kamernet.nl/huren/kamer-delft/menno-ter-braaklaan/kamer-1988494,"{'Woonkamer': ' Gedeeld ', 'Keuken': ' Gedeeld ', 'Badkamer': ' Gedeeld ', 'Toilet': ' Gedeeld ', 'Internet': ' Ja ', 'Energielabel': ' Onbekend ', 'Huisgenoten': '  3 ', 'Geslacht': ' Vrouw ', 'Huisdieren': ' Nee '}",kamer-1988494.html
Cleyburchstraat,in Rotterdam,64 m,Totaal 3 kamers (2 slaapkamers) ,â‚¬ 1200,p/m | excl. g/w/e,Gestoffeerd,16-09-2021,13 uur geleden geplaatst,https://kamernet.nl/huren/appartement-rotterdam/cleyburchstraat/appartement-1988542,"{'Woonkamer': ' Eigen ', 'Keuken': ' Eigen ', 'Badkamer': ' Eigen ', 'Toilet': ' Eigen ', 'Internet': ' Onbekend ', 'Energielabel': ' D ', 'Huisdieren': ' Nee '}",appartement-1988542.html
Hoefstraat,in Tilburg,19 m,,â‚¬ 400,p/m | incl. g/w/e,Kaal,01-11-2021,13 uur geleden geplaatst,https://kamernet.nl/huren/kamer-tilburg/hoefstraat/kamer-1988549,"{'Woonkamer': ' Gedeeld ', 'Keuken': ' Gedeeld ', 'Badkamer': ' Gedeeld ', 'Toilet': ' Gedeeld ', 'Internet': ' Ja ', 'Energielabel': ' Onbekend ', 'Huisgenoten': '  Meer dan 8 ', 'Geslacht': ' Gemengd ', 'Huisdieren': ' Nee '}",kamer-1988549.html
Zuidplein,in Rotterdam,25 m,,â‚¬ 400,p/m | excl. g/w/e,Gemeubileerd,16-09-2021,13 uur geleden geplaatst,https://kamernet.nl/huren/kamer-rotterdam/zuidplein/kamer-1988548,"{'Woonkamer': ' Geen ', 'Keuken': ' Gedeeld ', 'Badkamer': ' Gedeeld ', 'Toilet': ' Gedeeld ', 'Internet': ' Ja ', 'Energielabel': ' A ', 'Huisgenoten': '  2 ', 'Geslacht': ' Gemengd ', 'Huisdieren': ' Ja '}",kamer-1988548.html
Mijehof,in Amsterdam,32 m,Totaal 1 kamer (1 slaapkamer) ,â‚¬ 550,p/m | incl. g/w/e,Gemeubileerd,01-10-2021,12 uur geleden geplaatst,https://kamernet.nl/huren/appartement-amsterdam/mijehof/appartement-1988564,"{'Woonkamer': ' Eigen ', 'Keuken': ' Eigen ', 'Badkamer': ' Eigen ', 'Toilet': ' Eigen ', 'Internet': ' Ja ', 'Energielabel': ' Onbekend ', 'Huisdieren': ' Nee '}",appartement-1988564.html
Nieuwe Boschstraat,in Breda,28 m,,â‚¬ 580,p/m | incl. g/w/e,Gestoffeerd,30-09-2021,13 uur geleden geplaatst,https://kamernet.nl/huren/kamer-breda/nieuwe-boschstraat/kamer-1988558,"{'Woonkamer': ' Eigen ', 'Keuken': ' Gedeeld ', 'Badkamer': ' Gedeeld ', 'Toilet': ' Gedeeld ', 'Internet': ' Ja ', 'Energielabel': ' Onbekend ', 'Huisgenoten': '  3 ', 'Geslacht': ' Gemengd ', 'Huisdieren': ' Nee '}",kamer-1988558.html
Rijksstraatweg,in Heemskerk,30 m,Totaal 1 kamer,â‚¬ 640,p/m | excl. g/w/e,Gemeubileerd,16-09-2021,10 uur geleden geplaatst,https://kamernet.nl/huren/appartement-heemskerk/rijksstraatweg/appartement-1988568,"{'Woonkamer': ' Onbekend ', 'Keuken': ' Onbekend ', 'Badkamer': ' Onbekend ', 'Toilet': ' Onbekend ', 'Internet': ' Onbekend ', 'Energielabel': ' Onbekend ', 'Huisdieren': ' In overleg '}",appartement-1988568.html
Van Bossestraat,in Delft,12 m,,â‚¬ 476,p/m | incl. g/w/e,Gemeubileerd,01-02-2022 tot 05-08-2022,15 uur geleden geplaatst,https://kamernet.nl/huren/kamer-delft/van-bossestraat/kamer-1988507,"{'Woonkamer': ' Eigen ', 'Keuken': ' Eigen ', 'Badkamer': ' Gedeeld ', 'Toilet': ' Gedeeld ', 'Internet': ' Ja ', 'Energielabel': ' Onbekend ', 'Huisgenoten': '  Onbekend  ', 'Geslacht': ' Onbekend ', 'Huisdieren': ' Nee '}",kamer-1988507.html
Welnastraat,in Amsterdam,33 m,Totaal 1 kamer,â‚¬ 1200,p/m | excl. g/w/e,Gestoffeerd,16-09-2021,10 uur geleden geplaatst,https://kamernet.nl/huren/appartement-amsterdam/welnastraat/appartement-1988572,"{'Woonkamer': ' Onbekend ', 'Keuken': ' Onbekend ', 'Badkamer': ' Onbekend ', 'Toilet': ' Onbekend ', 'Internet': ' Onbekend ', 'Energielabel': ' Onbekend ', 'Huisdieren': ' In overleg '}",appartement-1988572.html
Steynlaan,in Zeist,24 m,,â‚¬ 625,p/m | incl. g/w/e,Gestoffeerd,01-10-2021,10 uur geleden geplaatst,https://kamernet.nl/huren/kamer-zeist/steynlaan/kamer-1988587,"{'Woonkamer': ' Eigen ', 'Keuken': ' Eigen ', 'Badkamer': ' Gedeeld ', 'Toilet': ' Gedeeld ', 'Internet': ' Ja ', 'Energielabel': ' Onbekend ', 'Huisgenoten': '  3 ', 'Geslacht': ' Vrouw ', 'Huisdieren': ' Nee '}",kamer-1988587.html
Kraneweg,in Groningen,50 m,Totaal 1 kamer (1 slaapkamer) ,â‚¬ 995,p/m | incl. g/w/e,Gestoffeerd,01-10-2021,10 uur geleden geplaatst,https://kamernet.nl/huren/studio-groningen/kraneweg/studio-1988586,"{'Woonkamer': ' Eigen ', 'Keuken': ' Eigen ', 'Badkamer': ' Eigen ', 'Toilet': ' Eigen ', 'Internet': ' Ja ', 'Energielabel': ' Onbekend ', 'Huisdieren': ' Nee '}",studio-1988586.html
Amsterdamsestraatweg,in Utrecht,14 m,,â‚¬ 425,p/m | incl. g/w/e,Gestoffeerd,01-11-2021,10 uur geleden geplaatst,https://kamernet.nl/huren/kamer-utrecht/amsterdamsestraatweg/kamer-1988588,"{'Woonkamer': ' Gedeeld ', 'Keuken': ' Gedeeld ', 'Badkamer': ' Gedeeld ', 'Toilet': ' Gedeeld ', 'Internet': ' Ja ', 'Energielabel': ' Onbekend ', 'Huisgenoten': '  3 ', 'Geslacht': ' Vrouw ', 'Huisdieren': ' Nee '}",kamer-1988588.html
Mauritsdwarsstraat,in Groningen,34 m,Totaal 2 kamers (1 slaapkamer) ,â‚¬ 895,p/m | excl. g/w/e,Gestoffeerd,15-09-2021,13 uur geleden geplaatst,https://kamernet.nl/huren/appartement-groningen/mauritsdwarsstraat/appartement-1987812,"{'Woonkamer': ' Eigen ', 'Keuken': ' Eigen ', 'Badkamer': ' Eigen ', 'Toilet': ' Eigen ', 'Internet': ' Nee ', 'Energielabel': ' E ', 'Huisdieren': ' In overleg '}",appartement-1987812.html
Trijntje Kemp-Haanstraat,in Beverwijk,9 m,Totaal 1 kamer,â‚¬ 280,p/m | excl. g/w/e,Gestoffeerd,16-09-2021,10 uur geleden geplaatst,https://kamernet.nl/huren/appartement-beverwijk/trijntje-kemp-haanstraat/appartement-1988567,"{'Woonkamer': ' Onbekend ', 'Keuken': ' Onbekend ', 'Badkamer': ' Onbekend ', 'Toilet': ' Onbekend ', 'Internet': ' Onbekend ', 'Energielabel': ' Onbekend ', 'Huisdieren': ' In overleg '}",appartement-1988567.html
Brussestraat,in Rotterdam,20 m,Totale oppervlakte: 85 m 2,â‚¬ 575,p/m | incl. g/w/e,Gestoffeerd,11-10-2021,10 uur geleden geplaatst,https://kamernet.nl/huren/kamer-rotterdam/brussestraat/kamer-1988560,"{'Woonkamer': ' Gedeeld ', 'Keuken': ' Gedeeld ', 'Badkamer': ' Gedeeld ', 'Toilet': ' Gedeeld ', 'Internet': ' Ja ', 'Energielabel': ' Onbekend ', 'Huisgenoten': '  1 ', 'Geslacht': ' Gemengd ', 'Huisdieren': ' Nee '}",kamer-1988560.html
Spoorlaan,in Vinkeveen,55 m,Totaal 3 kamers,â‚¬ 1800,p/m | excl. g/w/e,Gemeubileerd,16-09-2021,10 uur geleden geplaatst,https://kamernet.nl/huren/appartement-vinkeveen/spoorlaan/appartement-1988570,"{'Woonkamer': ' Onbekend ', 'Keuken': ' Onbekend ', 'Badkamer': ' Onbekend ', 'Toilet': ' Onbekend ', 'Internet': ' Onbekend ', 'Energielabel': ' Onbekend ', 'Huisdieren': ' In overleg '}",appartement-1988570.html
Bedumerweg,in Groningen,16 m,,â‚¬ 387,p/m | incl. g/w/e,Kaal,15-10-2021,6 uur geleden geplaatst,https://kamernet.nl/huren/kamer-groningen/bedumerweg/kamer-1988702,"{'Woonkamer': ' Gedeeld ', 'Keuken': ' Eigen ', 'Badkamer': ' Gedeeld ', 'Toilet': ' Gedeeld ', 'Internet': ' Ja ', 'Energielabel': ' Onbekend ', 'Huisgenoten': '  5 ', 'Geslacht': ' Vrouw ', 'Huisdieren': ' Nee '}",kamer-1988702.html
Haringvlietstraat,in Deventer,10 m,,â‚¬ 325,p/m | incl. g/w/e,Gestoffeerd,01-10-2021,5 uur geleden geplaatst,https://kamernet.nl/huren/kamer-deventer/haringvlietstraat/kamer-1988704,"{'Woonkamer': ' Geen ', 'Keuken': ' Gedeeld ', 'Badkamer': ' Gedeeld ', 'Toilet': ' Gedeeld ', 'Internet': ' Ja ', 'Energielabel': ' Onbekend ', 'Huisgenoten': '  3 ', 'Geslacht': ' Gemengd ', 'Huisdieren': ' Nee '}",kamer-1988704.html
Anton de Haenstraat,in Den Haag,9 m,,â‚¬ 550,p/m | incl. g/w/e,Gemeubileerd,16-09-2021,2 uur geleden geplaatst,https://kamernet.nl/huren/appartement-den-haag/anton-de-haenstraat/appartement-1988740,"{'Woonkamer': ' Gedeeld ', 'Keuken': ' Gedeeld ', 'Badkamer': ' Gedeeld ', 'Toilet': ' Gedeeld ', 'Internet': ' Ja ', 'Energielabel': ' Onbekend ', 'Huisdieren': ' Nee '}",appartement-1988740.html
Jan Hissink Jansenstraat,in Groningen,9 m,,â‚¬ 225,p/m | incl. g/w/e,Gemeubileerd,05-10-2021,5 uur geleden geplaatst,https://kamernet.nl/huren/kamer-groningen/jan-hissink-jansenstraat/kamer-1988675,"{'Woonkamer': ' Geen ', 'Keuken': ' Gedeeld ', 'Badkamer': ' Gedeeld ', 'Toilet': ' Gedeeld ', 'Internet': ' Ja ', 'Energielabel': ' Onbekend ', 'Huisgenoten': '  3 ', 'Geslacht': ' Gemengd ', 'Huisdieren': ' Nee '}",kamer-1988675.html
Taarloseweg,in Ubbena,20 m,Totaal 6 kamers (4 slaapkamers) ,â‚¬ 400,p/m | incl. g/w/e,Gemeubileerd,16-09-2021,5 uur geleden geplaatst,https://kamernet.nl/huren/appartement-ubbena/taarloseweg/appartement-1988722,"{'Woonkamer': ' Gedeeld ', 'Keuken': ' Gedeeld ', 'Badkamer': ' Gedeeld ', 'Toilet': ' Gedeeld ', 'Internet': ' Ja ', 'Energielabel': ' E ', 'Huisdieren': ' Nee '}",appartement-1988722.html
Burgemeester Knappertlaan,in Schiedam,16 m,Totale oppervlakte: 80 m 2,â‚¬ 600,p/m | excl. g/w/e,Gemeubileerd,16-09-2021,0 uur geleden geplaatst,https://kamernet.nl/huren/kamer-schiedam/burgemeester-knappertlaan/kamer-1988811,"{'Woonkamer': ' Gedeeld ', 'Keuken': ' Gedeeld ', 'Badkamer': ' Gedeeld ', 'Toilet': ' Gedeeld ', 'Internet': ' Ja ', 'Energielabel': ' C ', 'Huisgenoten': '  1 ', 'Geslacht': ' Man ', 'Huisdieren': ' Nee '}",kamer-1988811.html
Jan de Wittstraat,in Nijmegen,73 m,,â‚¬ 1050,p/m | excl. g/w/e,Gestoffeerd,01-11-2021 tot 31-10-2022,5 uur geleden geplaatst,https://kamernet.nl/huren/appartement-nijmegen/jan-de-wittstraat/appartement-1988640,"{'Woonkamer': ' Onbekend ', 'Keuken': ' Onbekend ', 'Badkamer': ' Onbekend ', 'Toilet': ' Onbekend ', 'Internet': ' Onbekend ', 'Energielabel': ' Onbekend ', 'Huisdieren': ' Nee '}",appartement-1988640.html
Landstraat,in Groningen,20 m,,â‚¬ 440,p/m | incl. g/w/e,Gestoffeerd,16-09-2021,2 uur geleden geplaatst,https://kamernet.nl/huren/kamer-groningen/landstraat/kamer-1988791,"{'Woonkamer': ' Geen ', 'Keuken': ' Gedeeld ', 'Badkamer': ' Gedeeld ', 'Toilet': ' Gedeeld ', 'Internet': ' Nee ', 'Energielabel': ' Onbekend ', 'Huisgenoten': '  3 ', 'Geslacht': ' Gemengd ', 'Huisdieren': ' Nee '}",kamer-1988791.html
Paardenmarkt,in Delft,20 m,,â‚¬ 420,p/m | incl. g/w/e,Kaal,16-09-2021,7 uur geleden geplaatst,https://kamernet.nl/huren/kamer-delft/paardenmarkt/kamer-1988680,"{'Woonkamer': ' Gedeeld ', 'Keuken': ' Gedeeld ', 'Badkamer': ' Gedeeld ', 'Toilet': ' Gedeeld ', 'Internet': ' Ja ', 'Energielabel': ' Onbekend ', 'Huisgenoten': '  8  ', 'Geslacht': ' Man ', 'Huisdieren': ' Nee '}",kamer-1988680.html
Brahmslaan,in Delft,12 m,Totale oppervlakte: 110 m 2,â‚¬ 435,p/m | incl. g/w/e,Gestoffeerd,16-09-2021,3 uur geleden geplaatst,https://kamernet.nl/huren/kamer-delft/brahmslaan/kamer-1988800,"{'Woonkamer': ' Onbekend ', 'Keuken': ' Onbekend ', 'Badkamer': ' Onbekend ', 'Toilet': ' Onbekend ', 'Internet': ' Onbekend ', 'Energielabel': ' Onbekend ', 'Huisgenoten': '  Onbekend  ', 'Geslacht': ' Onbekend ', 'Huisdieren': ' Nee '}",kamer-1988800.html
Noorderhagen,in Enschede,22 m,,â‚¬ 330,p/m | incl. g/w/e,Gestoffeerd,01-10-2021,5 uur geleden geplaatst,https://kamernet.nl/huren/kamer-enschede/noorderhagen/kamer-1988979,"{'Woonkamer': ' Gedeeld ', 'Keuken': ' Gedeeld ', 'Badkamer': ' Gedeeld ', 'Toilet': ' Gedeeld ', 'Internet': ' Ja ', 'Energielabel': ' Onbekend ', 'Huisgenoten': '  4  ', 'Geslacht': ' Man ', 'Huisdieren': ' Nee '}",kamer-1988979.html
Anton de Haenstraat,in Den Haag,9 m,,â‚¬ 600,p/m | incl. g/w/e,Gemeubileerd,01-11-2021,20 uur geleden geplaatst,https://kamernet.nl/huren/kamer-den-haag/anton-de-haenstraat/kamer-1988740,"{'Woonkamer': ' Gedeeld ', 'Keuken': ' Gedeeld ', 'Badkamer': ' Gedeeld ', 'Toilet': ' Gedeeld ', 'Internet': ' Ja ', 'Energielabel': ' Onbekend ', 'Huisgenoten': '  2 ', 'Geslacht': ' Vrouw ', 'Huisdieren': ' Nee '}",kamer-1988740.html
Beethovenlaan,in Aalsmeer,50 m,,â‚¬ 800,p/m | incl. g/w/e,Kaal,01-10-2021,7 uur geleden geplaatst,https://kamernet.nl/huren/kamer-aalsmeer/beethovenlaan/kamer-1988786,"{'Woonkamer': ' Eigen ', 'Keuken': ' Eigen ', 'Badkamer': ' Gedeeld ', 'Toilet': ' Gedeeld ', 'Internet': ' Ja ', 'Energielabel': ' Onbekend ', 'Huisgenoten': '  Geen ', 'Geslacht': ' Onbekend ', 'Huisdieren': ' Nee '}",kamer-1988786.html
Opijnenhof,in Amsterdam,12 m,,â‚¬ 550,p/m | incl. g/w/e,Gemeubileerd,03-10-2021,7 uur geleden geplaatst,https://kamernet.nl/huren/kamer-amsterdam/opijnenhof/kamer-1988799,"{'Woonkamer': ' Geen ', 'Keuken': ' Gedeeld ', 'Badkamer': ' Gedeeld ', 'Toilet': ' Gedeeld ', 'Internet': ' Ja ', 'Energielabel': ' Onbekend ', 'Huisgenoten': '  2 ', 'Geslacht': ' Man ', 'Huisdieren': ' Nee '}",kamer-1988799.html
Medanstraat,in Utrecht,16 m,,â‚¬ 550,p/m | incl. g/w/e,Gemeubileerd,01-10-2021,7 uur geleden geplaatst,https://kamernet.nl/huren/kamer-utrecht/medanstraat/kamer-1983182,"{'Woonkamer': ' Geen ', 'Keuken': ' Gedeeld ', 'Badkamer': ' Gedeeld ', 'Toilet': ' Gedeeld ', 'Internet': ' Ja ', 'Energielabel': ' Onbekend ', 'Huisgenoten': '  Onbekend  ', 'Geslacht': ' Onbekend ', 'Huisdieren': ' Nee '}",kamer-1983182.html
Tarwekamp,in Diemen,88 m,,â‚¬ 1800,p/m | excl. g/w/e,Gemeubileerd,28-09-2021,7 uur geleden geplaatst,https://kamernet.nl/huren/appartement-diemen/tarwekamp/appartement-1988821,"{'Woonkamer': ' Eigen ', 'Keuken': ' Eigen ', 'Badkamer': ' Eigen ', 'Toilet': ' Eigen ', 'Internet': ' Nee ', 'Energielabel': ' Onbekend ', 'Huisdieren': ' Nee '}",appartement-1988821.html
Bevelandselaan,in Amstelveen,65 m,Totaal 2 kamers (1 slaapkamer) ,â‚¬ 1550,p/m | excl. g/w/e,Gemeubileerd,01-10-2021,7 uur geleden geplaatst,https://kamernet.nl/huren/appartement-amstelveen/bevelandselaan/appartement-1988819,"{'Woonkamer': ' Eigen ', 'Keuken': ' Eigen ', 'Badkamer': ' Eigen ', 'Toilet': ' Eigen ', 'Internet': ' Ja ', 'Energielabel': ' Onbekend ', 'Huisdieren': ' In overleg '}",appartement-1988819.html
Swammerdampad,in Leiden,14 m,,â‚¬ 530,p/m | incl. g/w/e,Gemeubileerd,16-10-2021,7 uur geleden geplaatst,https://kamernet.nl/huren/kamer-leiden/swammerdampad/kamer-1988824,"{'Woonkamer': ' Gedeeld ', 'Keuken': ' Gedeeld ', 'Badkamer': ' Gedeeld ', 'Toilet': ' Gedeeld ', 'Internet': ' Ja ', 'Energielabel': ' A ', 'Huisgenoten': '  3 ', 'Geslacht': ' Vrouw ', 'Huisdieren': ' Nee '}",kamer-1988824.html
Sinjeur Semeynsstraat,in Amsterdam,9 m,,â‚¬ 600,p/m | excl. g/w/e,Gemeubileerd,01-10-2021,7 uur geleden geplaatst,https://kamernet.nl/huren/kamer-amsterdam/sinjeur-semeynsstraat/kamer-1988836,"{'Woonkamer': ' Gedeeld ', 'Keuken': ' Gedeeld ', 'Badkamer': ' Gedeeld ', 'Toilet': ' Gedeeld ', 'Internet': ' Ja ', 'Energielabel': ' Onbekend ', 'Huisgenoten': '  3 ', 'Geslacht': ' Vrouw ', 'Huisdieren': ' Nee '}",kamer-1988836.html
Wilhelminastraat,in Waalwijk,45 m,Totaal 1 kamer,â‚¬ 625,p/m | excl. g/w/e,Gestoffeerd,01-10-2021,7 uur geleden geplaatst,https://kamernet.nl/huren/appartement-waalwijk/wilhelminastraat/appartement-1988844,"{'Woonkamer': ' Onbekend ', 'Keuken': ' Onbekend ', 'Badkamer': ' Onbekend ', 'Toilet': ' Onbekend ', 'Internet': ' Onbekend ', 'Energielabel': ' Onbekend ', 'Huisdieren': ' Nee '}",appartement-1988844.html
Lovensestraat,in Tilburg,45 m,Totaal 1 kamer,â‚¬ 1065,p/m | excl. g/w/e,Gestoffeerd,20-09-2021,7 uur geleden geplaatst,https://kamernet.nl/huren/appartement-tilburg/lovensestraat/appartement-1988845,"{'Woonkamer': ' Onbekend ', 'Keuken': ' Onbekend ', 'Badkamer': ' Onbekend ', 'Toilet': ' Onbekend ', 'Internet': ' Onbekend ', 'Energielabel': ' Onbekend ', 'Huisdieren': ' Nee '}",appartement-1988845.html
Veembroederhof,in Amsterdam,15 m,Totale oppervlakte: 112 m 2,â‚¬ 600,p/m | excl. g/w/e,Gemeubileerd,01-10-2021,7 uur geleden geplaatst,https://kamernet.nl/huren/kamer-amsterdam/veembroederhof/kamer-1986823,"{'Woonkamer': ' Gedeeld ', 'Keuken': ' Gedeeld ', 'Badkamer': ' Gedeeld ', 'Toilet': ' Gedeeld ', 'Internet': ' Ja ', 'Energielabel': ' Onbekend ', 'Huisgenoten': '  2 ', 'Geslacht': ' Gemengd ', 'Huisdieren': ' Nee '}",kamer-1986823.html
Kempensebaan,in Eindhoven,10 m,Totale oppervlakte: 10 m 2,â‚¬ 325,p/m | incl. g/w/e,Gestoffeerd,27-09-2021,3 uur geleden geplaatst,https://kamernet.nl/huren/kamer-eindhoven/kempensebaan/kamer-1989002,"{'Woonkamer': ' Geen ', 'Keuken': ' Gedeeld ', 'Badkamer': ' Gedeeld ', 'Toilet': ' Gedeeld ', 'Internet': ' Ja ', 'Energielabel': ' E ', 'Huisgenoten': '  4  ', 'Geslacht': ' Gemengd ', 'Huisdieren': ' Nee '}",kamer-1989002.html
Emmalaan,in Apeldoorn,75 m,Totaal 3 kamers (2 slaapkamers) ,â‚¬ 1325,p/m | incl. g/w/e,Gestoffeerd,01-11-2021 tot 01-05-2022,3 uur geleden geplaatst,https://kamernet.nl/huren/appartement-apeldoorn/emmalaan/appartement-1989019,"{'Woonkamer': ' Eigen ', 'Keuken': ' Eigen ', 'Badkamer': ' Eigen ', 'Toilet': ' Eigen ', 'Internet': ' Ja ', 'Energielabel': ' Onbekend ', 'Huisdieren': ' Nee '}",appartement-1989019.html
Veembroederhof,in Amsterdam,15 m,Totale oppervlakte: 112 m 2,â‚¬ 700,p/m | incl. g/w/e,Gestoffeerd,01-10-2021,3 uur geleden geplaatst,https://kamernet.nl/huren/kamer-amsterdam/veembroederhof/kamer-1989021,"{'Woonkamer': ' Onbekend ', 'Keuken': ' Onbekend ', 'Badkamer': ' Onbekend ', 'Toilet': ' Onbekend ', 'Internet': ' Onbekend ', 'Energielabel': ' Onbekend ', 'Huisgenoten': '  Onbekend  ', 'Geslacht': ' Onbekend ', 'Huisdieren': ' In overleg '}",kamer-1989021.html
Vijf Meilaan,in Leiden,20 m,,â‚¬ 615,p/m | incl. g/w/e,Kaal,22-09-2021 tot 20-05-2025,2 uur geleden geplaatst,https://kamernet.nl/huren/kamer-leiden/vijf-meilaan/kamer-1989023,"{'Woonkamer': ' Eigen ', 'Keuken': ' Gedeeld ', 'Badkamer': ' Gedeeld ', 'Toilet': ' Gedeeld ', 'Internet': ' Ja ', 'Energielabel': ' Onbekend ', 'Huisgenoten': '  Meer dan 8 ', 'Geslacht': ' Gemengd ', 'Huisdieren': ' In overleg '}",kamer-1989023.html
Spurgeonlaan,in Amstelveen,18 m,,â‚¬ 680,p/m | excl. g/w/e,Gemeubileerd,17-10-2021,2 uur geleden geplaatst,https://kamernet.nl/huren/kamer-amstelveen/spurgeonlaan/kamer-1989028,"{'Woonkamer': ' Gedeeld ', 'Keuken': ' Gedeeld ', 'Badkamer': ' Gedeeld ', 'Toilet': ' Gedeeld ', 'Internet': ' Onbekend ', 'Energielabel': ' Onbekend ', 'Huisgenoten': '  Onbekend  ', 'Geslacht': ' Onbekend ', 'Huisdieren': ' Nee '}",kamer-1989028.html
Langestraat,in Enschede,30 m,Totaal 2 kamers (1 slaapkamer) ,â‚¬ 875,p/m | excl. g/w/e,Gestoffeerd,01-11-2021,2 uur geleden geplaatst,https://kamernet.nl/huren/appartement-enschede/langestraat/appartement-1989027,"{'Woonkamer': ' Eigen ', 'Keuken': ' Eigen ', 'Badkamer': ' Eigen ', 'Toilet': ' Eigen ', 'Internet': ' Ja ', 'Energielabel': ' Onbekend ', 'Huisdieren': ' In overleg '}",appartement-1989027.html
Brinkgreverweg,in Deventer,17 m,,â‚¬ 385,p/m | incl. g/w/e,Gestoffeerd,15-10-2021,6 uur geleden geplaatst,https://kamernet.nl/huren/kamer-deventer/brinkgreverweg/kamer-1988855,"{'Woonkamer': ' Geen ', 'Keuken': ' Gedeeld ', 'Badkamer': ' Gedeeld ', 'Toilet': ' Gedeeld ', 'Internet': ' Ja ', 'Energielabel': ' Onbekend ', 'Huisgenoten': '  5 ', 'Geslacht': ' Gemengd ', 'Huisdieren': ' Nee '}",kamer-1988855.html
Dr. Benthemstraat,in Enschede,60 m,Totaal 4 kamers (3 slaapkamers) ,â‚¬ 1225,p/m | excl. g/w/e,Gestoffeerd,01-11-2021,2 uur geleden geplaatst,https://kamernet.nl/huren/appartement-enschede/dr.-benthemstraat/appartement-1989030,"{'Woonkamer': ' Eigen ', 'Keuken': ' Eigen ', 'Badkamer': ' Eigen ', 'Toilet': ' Eigen ', 'Internet': ' Onbekend ', 'Energielabel': ' Onbekend ', 'Huisdieren': ' Nee '}",appartement-1989030.html
Duinmeer,in Houten,20 m,,â‚¬ 475,p/m | incl. g/w/e,Gemeubileerd,01-12-2021,2 uur geleden geplaatst,https://kamernet.nl/huren/kamer-houten/duinmeer/kamer-1989035,"{'Woonkamer': ' Eigen ', 'Keuken': ' Eigen ', 'Badkamer': ' Gedeeld ', 'Toilet': ' Gedeeld ', 'Internet': ' Ja ', 'Energielabel': ' Onbekend ', 'Huisgenoten': '  1 ', 'Geslacht': ' Man ', 'Huisdieren': ' Nee '}",kamer-1989035.html
Poeijersstraat,in Eindhoven,40 m,,â‚¬ 850,p/m | incl. g/w/e,Kaal,01-03-2021,3 uur geleden geplaatst,https://kamernet.nl/huren/studio-eindhoven/poeijersstraat/studio-1989014,"{'Woonkamer': ' Eigen ', 'Keuken': ' Eigen ', 'Badkamer': ' Eigen ', 'Toilet': ' Eigen ', 'Internet': ' Ja ', 'Energielabel': ' Onbekend ', 'Huisdieren': ' Nee '}",studio-1989014.html
Ruiterstede,in Nieuwegein,42 m,Totaal 1 kamer (1 slaapkamer) ,â‚¬ 629,p/m | incl. g/w/e,Gemeubileerd,19-09-2021 tot 01-09-2023,1 uur geleden geplaatst,https://kamernet.nl/huren/appartement-nieuwegein/ruiterstede/appartement-1988424,"{'Woonkamer': ' Eigen ', 'Keuken': ' Eigen ', 'Badkamer': ' Eigen ', 'Toilet': ' Eigen ', 'Internet': ' Ja ', 'Energielabel': ' Onbekend ', 'Huisdieren': ' Nee '}",appartement-1988424.html
Mathenesserlaan,in Rotterdam,75 m,Totale oppervlakte: 150 m 2,â‚¬ 950,p/m | excl. g/w/e,Kaal,17-09-2021 tot 31-05-2022,1 uur geleden geplaatst,https://kamernet.nl/huren/kamer-rotterdam/mathenesserlaan/kamer-1989042,"{'Woonkamer': ' Gedeeld ', 'Keuken': ' Gedeeld ', 'Badkamer': ' Gedeeld ', 'Toilet': ' Eigen ', 'Internet': ' Nee ', 'Energielabel': ' G ', 'Huisgenoten': '  1 ', 'Geslacht': ' Gemengd ', 'Huisdieren': ' Nee '}",kamer-1989042.html
Burgemeester Cramergracht,in Amsterdam,15 m,,â‚¬ 500,p/m | incl. g/w/e,Gemeubileerd,01-10-2021,2 uur geleden geplaatst,https://kamernet.nl/huren/kamer-amsterdam/burgemeester-cramergracht/kamer-1989031,"{'Woonkamer': ' Gedeeld ', 'Keuken': ' Gedeeld ', 'Badkamer': ' Gedeeld ', 'Toilet': ' Gedeeld ', 'Internet': ' Ja ', 'Energielabel': ' Onbekend ', 'Huisgenoten': '  1 ', 'Geslacht': ' Vrouw ', 'Huisdieren': ' Nee '}",kamer-1989031.html
Nieuwlandsweg,in Ryptsjerk,50 m,,â‚¬ 950,p/m | incl. g/w/e,Gemeubileerd,18-09-2021 tot 16-04-2022,5 uur geleden geplaatst,https://kamernet.nl/huren/appartement-ryptsjerk/nieuwlandsweg/appartement-1988785,"{'Woonkamer': ' Onbekend ', 'Keuken': ' Onbekend ', 'Badkamer': ' Onbekend ', 'Toilet': ' Onbekend ', 'Internet': ' Onbekend ', 'Energielabel': ' Onbekend ', 'Huisdieren': ' Nee '}",appartement-1988785.html
Trompkade,in Groningen,85 m,Totaal 2 kamers (1 slaapkamer) ,â‚¬ 1225,p/m | incl. g/w/e,Gestoffeerd,01-10-2021,5 uur geleden geplaatst,https://kamernet.nl/huren/appartement-groningen/trompkade/appartement-1988856,"{'Woonkamer': ' Eigen ', 'Keuken': ' Eigen ', 'Badkamer': ' Eigen ', 'Toilet': ' Eigen ', 'Internet': ' Ja ', 'Energielabel': ' B ', 'Huisdieren': ' In overleg '}",appartement-1988856.html
Steynlaan,in Zeist,16 m,,â‚¬ 595,p/m | excl. g/w/e,Gemeubileerd,17-09-2021 tot 31-08-2022,5 uur geleden geplaatst,https://kamernet.nl/huren/kamer-zeist/steynlaan/kamer-1988871,"{'Woonkamer': ' Gedeeld ', 'Keuken': ' Gedeeld ', 'Badkamer': ' Gedeeld ', 'Toilet': ' Gedeeld ', 'Internet': ' Ja ', 'Energielabel': ' Onbekend ', 'Huisgenoten': '  4  ', 'Geslacht': ' Vrouw ', 'Huisdieren': ' Nee '}",kamer-1988871.html
Poeijersstraat,in Eindhoven,40 m,,â‚¬ 850,p/m | incl. g/w/e,Kaal,01-10-2021,5 uur geleden geplaatst,https://kamernet.nl/huren/studio-eindhoven/poeijersstraat/studio-1988903,"{'Woonkamer': ' Eigen ', 'Keuken': ' Eigen ', 'Badkamer': ' Eigen ', 'Toilet': ' Eigen ', 'Internet': ' Ja ', 'Energielabel': ' Onbekend ', 'Huisdieren': ' Nee '}",studio-1988903.html
Cornelis Vermuydenstraat,in Amsterdam,105 m,Totaal 4 kamers,â‚¬ 2950,p/m | excl. g/w/e,Gemeubileerd,17-09-2021,5 uur geleden geplaatst,https://kamernet.nl/huren/appartement-amsterdam/cornelis-vermuydenstraat/appartement-1988946,"{'Woonkamer': ' Onbekend ', 'Keuken': ' Onbekend ', 'Badkamer': ' Onbekend ', 'Toilet': ' Onbekend ', 'Internet': ' Onbekend ', 'Energielabel': ' Onbekend ', 'Huisdieren': ' In overleg '}",appartement-1988946.html
Gildemeesterlaan,in IJsselstein,25 m,Totaal 1 kamer (1 slaapkamer) ,â‚¬ 825,p/m | incl. g/w/e,Gestoffeerd,15-10-2021,5 uur geleden geplaatst,https://kamernet.nl/huren/studio-ijsselstein/gildemeesterlaan/studio-1988959,"{'Woonkamer': ' Eigen ', 'Keuken': ' Eigen ', 'Badkamer': ' Eigen ', 'Toilet': ' Eigen ', 'Internet': ' Ja ', 'Energielabel': ' Onbekend ', 'Huisdieren': ' Nee '}",studio-1988959.html
't Krom,in Haarlem,14 m,,â‚¬ 1000,p/m | incl. g/w/e,Gemeubileerd,21-09-2021 tot 31-03-2022,5 uur geleden geplaatst,https://kamernet.nl/huren/kamer-haarlem/'t-krom/kamer-1988964,"{'Woonkamer': ' Gedeeld ', 'Keuken': ' Gedeeld ', 'Badkamer': ' Gedeeld ', 'Toilet': ' Gedeeld ', 'Internet': ' Ja ', 'Energielabel': ' C ', 'Huisgenoten': '  1 ', 'Geslacht': ' Vrouw ', 'Huisdieren': ' Nee '}",kamer-1988964.html
Sint Luciensteeg,in Amsterdam,16 m,Totale oppervlakte: 70 m 2,â‚¬ 950,p/m | incl. g/w/e,Gemeubileerd,17-09-2021,5 uur geleden geplaatst,https://kamernet.nl/huren/kamer-amsterdam/sint-luciensteeg/kamer-1988967,"{'Woonkamer': ' Gedeeld ', 'Keuken': ' Gedeeld ', 'Badkamer': ' Gedeeld ', 'Toilet': ' Gedeeld ', 'Internet': ' Ja ', 'Energielabel': ' Onbekend ', 'Huisgenoten': '  Onbekend  ', 'Geslacht': ' Onbekend ', 'Huisdieren': ' Nee '}",kamer-1988967.html
Industriestraat,in Hengelo,163 m,,â‚¬ 2500,p/m | excl. g/w/e,Kaal,01-11-2021,5 uur geleden geplaatst,https://kamernet.nl/huren/appartement-hengelo/industriestraat/appartement-1988859,"{'Woonkamer': ' Gedeeld ', 'Keuken': ' Gedeeld ', 'Badkamer': ' Gedeeld ', 'Toilet': ' Gedeeld ', 'Internet': ' Nee ', 'Energielabel': ' Onbekend ', 'Huisdieren': ' Nee '}",appartement-1988859.html
Mr. Sickeszlaan,in Utrecht,65 m,Totaal 2 kamers (1 slaapkamer) ,â‚¬ 1250,p/m | incl. g/w/e,Gestoffeerd,17-09-2021,5 uur geleden geplaatst,https://kamernet.nl/huren/appartement-utrecht/mr.-sickeszlaan/appartement-1988957,"{'Woonkamer': ' Eigen ', 'Keuken': ' Eigen ', 'Badkamer': ' Eigen ', 'Toilet': ' Eigen ', 'Internet': ' Ja ', 'Energielabel': ' Onbekend ', 'Huisdieren': ' Nee '}",appartement-1988957.html
Steenschuur,in Leiden,40 m,,â‚¬ 850,p/m | excl. g/w/e,Kaal,01-10-2021,4 uur geleden geplaatst,https://kamernet.nl/huren/kamer-leiden/steenschuur/kamer-1988981,"{'Woonkamer': ' Eigen ', 'Keuken': ' Eigen ', 'Badkamer': ' Eigen ', 'Toilet': ' Eigen ', 'Internet': ' Onbekend ', 'Energielabel': ' Onbekend ', 'Huisgenoten': '  Onbekend  ', 'Geslacht': ' Onbekend ', 'Huisdieren': ' Nee '}",kamer-1988981.html
De Bossche Pad,in Den Bosch,9 m,,â‚¬ 350,p/m | incl. g/w/e,Kaal,17-09-2021 tot 17-10-2022,4 uur geleden geplaatst,https://kamernet.nl/huren/kamer-den-bosch/de-bossche-pad/kamer-1988982,"{'Woonkamer': ' Geen ', 'Keuken': ' Gedeeld ', 'Badkamer': ' Gedeeld ', 'Toilet': ' Gedeeld ', 'Internet': ' Ja ', 'Energielabel': ' Onbekend ', 'Huisgenoten': '  4  ', 'Geslacht': ' Gemengd ', 'Huisdieren': ' Nee '}",kamer-1988982.html
Duinmeer,in Houten,20 m,,â‚¬ 475,p/m | incl. g/w/e,Gemeubileerd,01-12-2021,5 uur geleden geplaatst,https://kamernet.nl/huren/kamer-houten/duinmeer/kamer-1988965,"{'Woonkamer': ' Eigen ', 'Keuken': ' Eigen ', 'Badkamer': ' Gedeeld ', 'Toilet': ' Gedeeld ', 'Internet': ' Ja ', 'Energielabel': ' Onbekend ', 'Huisgenoten': '  1 ', 'Geslacht': ' Man ', 'Huisdieren': ' Nee '}",kamer-1988965.html
Julianalaan,in Oosterhout,26 m,,â‚¬ 635,p/m | incl. g/w/e,Gestoffeerd,04-10-2021,4 uur geleden geplaatst,https://kamernet.nl/huren/kamer-oosterhout/julianalaan/kamer-1988955,"{'Woonkamer': ' Eigen ', 'Keuken': ' Gedeeld ', 'Badkamer': ' Eigen ', 'Toilet': ' Eigen ', 'Internet': ' Ja ', 'Energielabel': ' Onbekend ', 'Huisgenoten': '  Onbekend  ', 'Geslacht': ' Onbekend ', 'Huisdieren': ' Nee '}",kamer-1988955.html
Schoolholm,in Groningen,10 m,,â‚¬ 400,p/m | incl. g/w/e,Gemeubileerd,01-10-2021 tot 01-01-2022,4 uur geleden geplaatst,https://kamernet.nl/huren/kamer-groningen/schoolholm/kamer-1988989,"{'Woonkamer': ' Gedeeld ', 'Keuken': ' Gedeeld ', 'Badkamer': ' Gedeeld ', 'Toilet': ' Gedeeld ', 'Internet': ' Ja ', 'Energielabel': ' Onbekend ', 'Huisgenoten': '  Meer dan 8 ', 'Geslacht': ' Man ', 'Huisdieren': ' Ja '}",kamer-1988989.html
Schielaan,in Rotterdam,6 m,,â‚¬ 350,p/m | incl. g/w/e,Gestoffeerd,01-10-2021 tot 15-12-2021,4 uur geleden geplaatst,https://kamernet.nl/huren/kamer-rotterdam/schielaan/kamer-1988365,"{'Woonkamer': ' Gedeeld ', 'Keuken': ' Gedeeld ', 'Badkamer': ' Gedeeld ', 'Toilet': ' Gedeeld ', 'Internet': ' Ja ', 'Energielabel': ' Onbekend ', 'Huisgenoten': '  Onbekend  ', 'Geslacht': ' Onbekend ', 'Huisdieren': ' Nee '}",kamer-1988365.html
's-Gravelandseweg,in Schiedam,15 m,Totale oppervlakte: 81 m 2,â‚¬ 695,p/m | incl. g/w/e,Gestoffeerd,01-10-2021 tot 01-04-2022,4 uur geleden geplaatst,https://kamernet.nl/huren/kamer-schiedam/'s-gravelandseweg/kamer-1988994,"{'Woonkamer': ' Gedeeld ', 'Keuken': ' Gedeeld ', 'Badkamer': ' Gedeeld ', 'Toilet': ' Gedeeld ', 'Internet': ' Ja ', 'Energielabel': ' Onbekend ', 'Huisgenoten': '  1 ', 'Geslacht': ' Man ', 'Huisdieren': ' In overleg '}",kamer-1988994.html
Rijn en Schiekade,in Leiden,14 m,,â‚¬ 290,p/m | incl. g/w/e,Kaal,01-10-2021,4 uur geleden geplaatst,https://kamernet.nl/huren/kamer-leiden/rijn-en-schiekade/kamer-1988977,"{'Woonkamer': ' Gedeeld ', 'Keuken': ' Gedeeld ', 'Badkamer': ' Gedeeld ', 'Toilet': ' Gedeeld ', 'Internet': ' Ja ', 'Energielabel': ' Onbekend ', 'Huisgenoten': '  Meer dan 8 ', 'Geslacht': ' Gemengd ', 'Huisdieren': ' Nee '}",kamer-1988977.html
Nieuwe Uilenburgerstraat,in Amsterdam,33 m,,â‚¬ 1250,p/m | excl. g/w/e,Gemeubileerd,05-11-2021,7 uur geleden geplaatst,https://kamernet.nl/huren/appartement-amsterdam/nieuwe-uilenburgerstraat/appartement-1988847,"{'Woonkamer': ' Onbekend ', 'Keuken': ' Onbekend ', 'Badkamer': ' Onbekend ', 'Toilet': ' Onbekend ', 'Internet': ' Ja ', 'Energielabel': ' Onbekend ', 'Huisdieren': ' Nee '}",appartement-1988847.html
Mijnsherenlaan,in Rotterdam,26 m,,â‚¬ 650,p/m | incl. g/w/e,Gemeubileerd,19-09-2021,5 uur geleden geplaatst,https://kamernet.nl/huren/kamer-rotterdam/mijnsherenlaan/kamer-1988971,"{'Woonkamer': ' Geen ', 'Keuken': ' Gedeeld ', 'Badkamer': ' Gedeeld ', 'Toilet': ' Gedeeld ', 'Internet': ' Ja ', 'Energielabel': ' Onbekend ', 'Huisgenoten': '  4  ', 'Geslacht': ' Onbekend ', 'Huisdieren': ' Nee '}",kamer-1988971.html
Marco Polostraat,in Amsterdam,50 m,Totaal 2 kamers (1 slaapkamer) ,â‚¬ 1400,p/m | excl. g/w/e,Gemeubileerd,01-11-2021 tot 31-10-2022,Gisteren geplaatst,https://kamernet.nl/huren/appartement-amsterdam/marco-polostraat/appartement-1989232,"{'Woonkamer': ' Eigen ', 'Keuken': ' Eigen ', 'Badkamer': ' Eigen ', 'Toilet': ' Eigen ', 'Internet': ' Ja ', 'Energielabel': ' Onbekend ', 'Huisdieren': ' Nee '}",appartement-1989232.html
Zuiderspoorstraat,in Enschede,8 m,,â‚¬ 350,p/m | excl. g/w/e,Gestoffeerd,01-11-2021,Gisteren geplaatst,https://kamernet.nl/huren/kamer-enschede/zuiderspoorstraat/kamer-1989227,"{'Woonkamer': ' Gedeeld ', 'Keuken': ' Gedeeld ', 'Badkamer': ' Gedeeld ', 'Toilet': ' Gedeeld ', 'Internet': ' Ja ', 'Energielabel': ' Onbekend ', 'Huisgenoten': '  1 ', 'Geslacht': ' Vrouw ', 'Huisdieren': ' Nee '}",kamer-1989227.html
Lambertusstraat,in Rotterdam,10 m,Totale oppervlakte: 100 m 2,â‚¬ 394,p/m | incl. g/w/e,Kaal,01-10-2021,Gisteren geplaatst,https://kamernet.nl/huren/kamer-rotterdam/lambertusstraat/kamer-1988612,"{'Woonkamer': ' Gedeeld ', 'Keuken': ' Gedeeld ', 'Badkamer': ' Gedeeld ', 'Toilet': ' Gedeeld ', 'Internet': ' Ja ', 'Energielabel': ' Onbekend ', 'Huisgenoten': '  3 ', 'Geslacht': ' Man ', 'Huisdieren': ' In overleg '}",kamer-1988612.html
Lusthoflaan,in Leiden,60 m,,â‚¬ 1200,p/m | incl. g/w/e,Gestoffeerd,01-10-2021,Gisteren geplaatst,https://kamernet.nl/huren/appartement-leiden/lusthoflaan/appartement-1989178,"{'Woonkamer': ' Geen ', 'Keuken': ' Gedeeld ', 'Badkamer': ' Gedeeld ', 'Toilet': ' Gedeeld ', 'Internet': ' Nee ', 'Energielabel': ' Onbekend ', 'Huisdieren': ' Nee '}",appartement-1989178.html
Brasschaatstraat,in Breda,28 m,Totale oppervlakte: 35 m 2,â‚¬ 400,p/m | incl. g/w/e,Gestoffeerd,01-11-2021,2 dagen geleden geplaatst,https://kamernet.nl/huren/kamer-breda/brasschaatstraat/kamer-1989089,"{'Woonkamer': ' Onbekend ', 'Keuken': ' Gedeeld ', 'Badkamer': ' Gedeeld ', 'Toilet': ' Gedeeld ', 'Internet': ' Ja ', 'Energielabel': ' Onbekend ', 'Huisgenoten': '  3 ', 'Geslacht': ' Vrouw ', 'Huisdieren': ' Nee '}",kamer-1989089.html
Regentesselaan,in Den Haag,28 m,,â‚¬ 565,p/m | incl. g/w/e,Gestoffeerd,01-10-2021,3 uur geleden geplaatst,https://kamernet.nl/huren/kamer-den-haag/regentesselaan/kamer-1989365,"{'Woonkamer': ' Eigen ', 'Keuken': ' Gedeeld ', 'Badkamer': ' Gedeeld ', 'Toilet': ' Gedeeld ', 'Internet': ' Nee ', 'Energielabel': ' E ', 'Huisgenoten': '  4  ', 'Geslacht': ' Vrouw ', 'Huisdieren': ' Nee '}",kamer-1989365.html
Nieuwe Groenmarkt,in Haarlem,35 m,,â‚¬ 800,p/m | excl. g/w/e,Kaal,18-09-2021 tot 01-01-2023,Gisteren geplaatst,https://kamernet.nl/huren/studio-haarlem/nieuwe-groenmarkt/studio-1989175,"{'Woonkamer': ' Eigen ', 'Keuken': ' Eigen ', 'Badkamer': ' Eigen ', 'Toilet': ' Eigen ', 'Internet': ' Onbekend ', 'Energielabel': ' Onbekend ', 'Huisdieren': ' Nee '}",studio-1989175.html
Palembangstraat,in Utrecht,45 m,Totaal 2 kamers (1 slaapkamer) ,â‚¬ 1295,p/m | incl. g/w/e,Gestoffeerd,01-10-2021,2 dagen geleden geplaatst,https://kamernet.nl/huren/appartement-utrecht/palembangstraat/appartement-1989047,"{'Woonkamer': ' Eigen ', 'Keuken': ' Eigen ', 'Badkamer': ' Eigen ', 'Toilet': ' Eigen ', 'Internet': ' Onbekend ', 'Energielabel': ' Onbekend ', 'Huisdieren': ' In overleg '}",appartement-1989047.html
Jacoba van Beierenlaan,in Delft,10 m,,â‚¬ 320,p/m | incl. g/w/e,Kaal,14-10-2021,2 dagen geleden geplaatst,https://kamernet.nl/huren/kamer-delft/jacoba-van-beierenlaan/kamer-1988818,"{'Woonkamer': ' Gedeeld ', 'Keuken': ' Gedeeld ', 'Badkamer': ' Gedeeld ', 'Toilet': ' Gedeeld ', 'Internet': ' Ja ', 'Energielabel': ' Onbekend ', 'Huisgenoten': '  Meer dan 8 ', 'Geslacht': ' Gemengd ', 'Huisdieren': ' Nee '}",kamer-1988818.html
Maxwellstraat,in Amsterdam,15 m,,â‚¬ 675,p/m | incl. g/w/e,Gemeubileerd,01-10-2021 tot 31-12-2021,2 dagen geleden geplaatst,https://kamernet.nl/huren/kamer-amsterdam/maxwellstraat/kamer-1932713,"{'Woonkamer': ' Geen ', 'Keuken': ' Gedeeld ', 'Badkamer': ' Gedeeld ', 'Toilet': ' Gedeeld ', 'Internet': ' Ja ', 'Energielabel': ' Onbekend ', 'Huisgenoten': '  2 ', 'Geslacht': ' Vrouw ', 'Huisdieren': ' Nee '}",kamer-1932713.html
Vismarkt,in Groningen,16 m,,â‚¬ 795,p/m | incl. g/w/e,Gemeubileerd,01-10-2021 tot 31-01-2022,2 dagen geleden geplaatst,https://kamernet.nl/huren/kamer-groningen/vismarkt/kamer-1989062,"{'Woonkamer': ' Gedeeld ', 'Keuken': ' Gedeeld ', 'Badkamer': ' Gedeeld ', 'Toilet': ' Gedeeld ', 'Internet': ' Ja ', 'Energielabel': ' Onbekend ', 'Huisgenoten': '  Meer dan 8 ', 'Geslacht': ' Man ', 'Huisdieren': ' In overleg '}",kamer-1989062.html
Kotmanlaan,in Enschede,69 m,,â‚¬ 400,p/m | incl. g/w/e,Kaal,01-10-2021,2 dagen geleden geplaatst,https://kamernet.nl/huren/anti-kraak-enschede/kotmanlaan/anti-kraak-1989059,"{'Woonkamer': ' Gedeeld ', 'Keuken': ' Gedeeld ', 'Badkamer': ' Gedeeld ', 'Toilet': ' Gedeeld ', 'Internet': ' Ja ', 'Energielabel': ' Onbekend ', 'Huisdieren': ' Nee '}",anti-kraak-1989059.html
Ribbelerbrinkstraat,in Enschede,13 m,,â‚¬ 295,p/m | excl. g/w/e,Gestoffeerd,19-09-2021,3 uur geleden geplaatst,https://kamernet.nl/huren/kamer-enschede/ribbelerbrinkstraat/kamer-1989380,"{'Woonkamer': ' Gedeeld ', 'Keuken': ' Gedeeld ', 'Badkamer': ' Gedeeld ', 'Toilet': ' Gedeeld ', 'Internet': ' Ja ', 'Energielabel': ' Onbekend ', 'Huisgenoten': '  4  ', 'Geslacht': ' Man ', 'Huisdieren': ' Nee '}",kamer-1989380.html
Yokohamadreef,in Utrecht,22 m,,â‚¬ 800,p/m | incl. g/w/e,Kaal,19-09-2021,1 uur geleden geplaatst,https://kamernet.nl/huren/kamer-utrecht/yokohamadreef/kamer-1989362,"{'Woonkamer': ' Onbekend ', 'Keuken': ' Gedeeld ', 'Badkamer': ' Gedeeld ', 'Toilet': ' Gedeeld ', 'Internet': ' Ja ', 'Energielabel': ' Onbekend ', 'Huisgenoten': '  1 ', 'Geslacht': ' Vrouw ', 'Huisdieren': ' Nee '}",kamer-1989362.html
Yokohamadreef,in Utrecht,14 m,,â‚¬ 600,p/m | incl. g/w/e,Kaal,19-09-2021,1 uur geleden geplaatst,https://kamernet.nl/huren/kamer-utrecht/yokohamadreef/kamer-1989361,"{'Woonkamer': ' Geen ', 'Keuken': ' Gedeeld ', 'Badkamer': ' Gedeeld ', 'Toilet': ' Gedeeld ', 'Internet': ' Ja ', 'Energielabel': ' Onbekend ', 'Huisgenoten': '  1 ', 'Geslacht': ' Vrouw ', 'Huisdieren': ' Nee '}",kamer-1989361.html
Zeelandstraat,in Alphen aan den Rijn,8 m,,â‚¬ 300,p/m | incl. g/w/e,Gemeubileerd,25-09-2021 tot 19-12-2021,1 uur geleden geplaatst,https://kamernet.nl/huren/kamer-alphen-aan-den-rijn/zeelandstraat/kamer-1989352,"{'Woonkamer': ' Geen ', 'Keuken': ' Geen ', 'Badkamer': ' Gedeeld ', 'Toilet': ' Gedeeld ', 'Internet': ' Ja ', 'Energielabel': ' Onbekend ', 'Huisgenoten': '  1 ', 'Geslacht': ' Vrouw ', 'Huisdieren': ' Nee '}",kamer-1989352.html
Hertogstraat,in Eindhoven,20 m,,â‚¬ 525,p/m | incl. g/w/e,Gestoffeerd,19-09-2021,1 uur geleden geplaatst,https://kamernet.nl/huren/kamer-eindhoven/hertogstraat/kamer-1989331,"{'Woonkamer': ' Gedeeld ', 'Keuken': ' Gedeeld ', 'Badkamer': ' Gedeeld ', 'Toilet': ' Gedeeld ', 'Internet': ' Ja ', 'Energielabel': ' F ', 'Huisgenoten': '  Meer dan 8 ', 'Geslacht': ' Gemengd ', 'Huisdieren': ' Nee '}",kamer-1989331.html
Peutingerpad,in Eindhoven,16 m,Totale oppervlakte: 40 m 2,â‚¬ 425,p/m | incl. g/w/e,Gestoffeerd,01-10-2021,1 uur geleden geplaatst,https://kamernet.nl/huren/kamer-eindhoven/peutingerpad/kamer-1989349,"{'Woonkamer': ' Eigen ', 'Keuken': ' Gedeeld ', 'Badkamer': ' Gedeeld ', 'Toilet': ' Gedeeld ', 'Internet': ' Ja ', 'Energielabel': ' Onbekend ', 'Huisgenoten': '  2 ', 'Geslacht': ' Man ', 'Huisdieren': ' Nee '}",kamer-1989349.html
Askalonstraat,in Maastricht,48 m,Totaal 1 kamer (1 slaapkamer) ,â‚¬ 650,p/m | incl. g/w/e,Kaal,01-10-2021,1 uur geleden geplaatst,https://kamernet.nl/huren/appartement-maastricht/askalonstraat/appartement-1989262,"{'Woonkamer': ' Eigen ', 'Keuken': ' Eigen ', 'Badkamer': ' Eigen ', 'Toilet': ' Eigen ', 'Internet': ' Ja ', 'Energielabel': ' Onbekend ', 'Huisdieren': ' Nee '}",appartement-1989262.html
Yokohamadreef,in Utrecht,14 m,,â‚¬ 550,p/m | incl. g/w/e,Kaal,19-09-2021,1 uur geleden geplaatst,https://kamernet.nl/huren/kamer-utrecht/yokohamadreef/kamer-1989360,"{'Woonkamer': ' Geen ', 'Keuken': ' Gedeeld ', 'Badkamer': ' Gedeeld ', 'Toilet': ' Gedeeld ', 'Internet': ' Ja ', 'Energielabel': ' Onbekend ', 'Huisgenoten': '  1 ', 'Geslacht': ' Vrouw ', 'Huisdieren': ' Nee '}",kamer-1989360.html
Zuiderkade,in Ede,12 m,,â‚¬ 300,p/m | incl. g/w/e,Gestoffeerd,01-10-2021,1 uur geleden geplaatst,https://kamernet.nl/huren/kamer-ede/zuiderkade/kamer-1989363,"{'Woonkamer': ' Onbekend ', 'Keuken': ' Gedeeld ', 'Badkamer': ' Gedeeld ', 'Toilet': ' Gedeeld ', 'Internet': ' Ja ', 'Energielabel': ' Onbekend ', 'Huisgenoten': '  3 ', 'Geslacht': ' Gemengd ', 'Huisdieren': ' Nee '}",kamer-1989363.html
Stationsstraat,in Maastricht,19 m,,â‚¬ 464,p/m | incl. g/w/e,Kaal,24-09-2021,2 dagen geleden geplaatst,https://kamernet.nl/huren/kamer-maastricht/stationsstraat/kamer-1989116,"{'Woonkamer': ' Onbekend ', 'Keuken': ' Onbekend ', 'Badkamer': ' Onbekend ', 'Toilet': ' Onbekend ', 'Internet': ' Ja ', 'Energielabel': ' Onbekend ', 'Huisgenoten': '  Onbekend  ', 'Geslacht': ' Onbekend ', 'Huisdieren': ' Nee '}",kamer-1989116.html
Haarlemmermeerstraat,in Amsterdam,70 m,Totaal 3 kamers (2 slaapkamers) ,â‚¬ 1700,p/m | incl. g/w/e,Gemeubileerd,04-10-2021 tot 31-10-2021,1 uur geleden geplaatst,https://kamernet.nl/huren/appartement-amsterdam/haarlemmermeerstraat/appartement-1989333,"{'Woonkamer': ' Eigen ', 'Keuken': ' Eigen ', 'Badkamer': ' Eigen ', 'Toilet': ' Eigen ', 'Internet': ' Ja ', 'Energielabel': ' Onbekend ', 'Huisdieren': ' Nee '}",appartement-1989333.html
Stationsstraat,in Maastricht,17 m,,â‚¬ 451,p/m | incl. g/w/e,Kaal,24-09-2021,2 dagen geleden geplaatst,https://kamernet.nl/huren/kamer-maastricht/stationsstraat/kamer-1989119,"{'Woonkamer': ' Onbekend ', 'Keuken': ' Onbekend ', 'Badkamer': ' Onbekend ', 'Toilet': ' Onbekend ', 'Internet': ' Ja ', 'Energielabel': ' Onbekend ', 'Huisgenoten': '  Onbekend  ', 'Geslacht': ' Onbekend ', 'Huisdieren': ' Nee '}",kamer-1989119.html
Stationsstraat,in Maastricht,17 m,,â‚¬ 451,p/m | incl. g/w/e,Kaal,24-09-2021,2 dagen geleden geplaatst,https://kamernet.nl/huren/kamer-maastricht/stationsstraat/kamer-1989117,"{'Woonkamer': ' Onbekend ', 'Keuken': ' Onbekend ', 'Badkamer': ' Onbekend ', 'Toilet': ' Onbekend ', 'Internet': ' Ja ', 'Energielabel': ' Onbekend ', 'Huisgenoten': '  Onbekend  ', 'Geslacht': ' Onbekend ', 'Huisdieren': ' Nee '}",kamer-1989117.html
Stationsstraat,in Maastricht,16 m,,â‚¬ 436,p/m | incl. g/w/e,Kaal,24-09-2021,2 dagen geleden geplaatst,https://kamernet.nl/huren/kamer-maastricht/stationsstraat/kamer-1989118,"{'Woonkamer': ' Onbekend ', 'Keuken': ' Onbekend ', 'Badkamer': ' Onbekend ', 'Toilet': ' Onbekend ', 'Internet': ' Ja ', 'Energielabel': ' Onbekend ', 'Huisgenoten': '  Onbekend  ', 'Geslacht': ' Onbekend ', 'Huisdieren': ' Nee '}",kamer-1989118.html
Trouwlaan,in Tilburg,13 m,,â‚¬ 355,p/m | excl. g/w/e,Onbekend,18-09-2021,2 dagen geleden geplaatst,https://kamernet.nl/huren/kamer-tilburg/trouwlaan/kamer-1989124,"{'Woonkamer': ' Onbekend ', 'Keuken': ' Onbekend ', 'Badkamer': ' Onbekend ', 'Toilet': ' Onbekend ', 'Internet': ' Onbekend ', 'Energielabel': ' Onbekend ', 'Huisgenoten': '  Onbekend  ', 'Geslacht': ' Onbekend ', 'Huisdieren': ' Nee '}",kamer-1989124.html
Borssenburgstraat,in Amsterdam,60 m,Totaal 3 kamers (1 slaapkamer) ,â‚¬ 1400,p/m | incl. g/w/e,Gemeubileerd,18-09-2021,2 dagen geleden geplaatst,https://kamernet.nl/huren/appartement-amsterdam/borssenburgstraat/appartement-1989135,"{'Woonkamer': ' Eigen ', 'Keuken': ' Eigen ', 'Badkamer': ' Eigen ', 'Toilet': ' Eigen ', 'Internet': ' Ja ', 'Energielabel': ' Onbekend ', 'Huisdieren': ' Nee '}",appartement-1989135.html
Bernard van Beeklaan,in Kortenhoef,24 m,Totale oppervlakte: 250 m 2,â‚¬ 385,p/m | incl. g/w/e,Gemeubileerd,03-10-2021 tot 08-07-2022,8 uur geleden geplaatst,https://kamernet.nl/huren/kamer-kortenhoef/bernard-van-beeklaan/kamer-1989305,"{'Woonkamer': ' Geen ', 'Keuken': ' Gedeeld ', 'Badkamer': ' Gedeeld ', 'Toilet': ' Gedeeld ', 'Internet': ' Ja ', 'Energielabel': ' B ', 'Huisgenoten': '  2 ', 'Geslacht': ' Vrouw ', 'Huisdieren': ' Nee '}",kamer-1989305.html
Stationsstraat,in Maastricht,17 m,,â‚¬ 451,p/m | incl. g/w/e,Kaal,24-09-2021,2 dagen geleden geplaatst,https://kamernet.nl/huren/kamer-maastricht/stationsstraat/kamer-1989120,"{'Woonkamer': ' Onbekend ', 'Keuken': ' Onbekend ', 'Badkamer': ' Onbekend ', 'Toilet': ' Onbekend ', 'Internet': ' Ja ', 'Energielabel': ' Onbekend ', 'Huisgenoten': '  Onbekend  ', 'Geslacht': ' Onbekend ', 'Huisdieren': ' Nee '}",kamer-1989120.html
Sloterkade,in Amsterdam,20 m,Totale oppervlakte: 70 m 2,â‚¬ 880,p/m | incl. g/w/e,Gestoffeerd,09-10-2021 tot 08-06-2022,8 uur geleden geplaatst,https://kamernet.nl/huren/kamer-amsterdam/sloterkade/kamer-1989223,"{'Woonkamer': ' Gedeeld ', 'Keuken': ' Gedeeld ', 'Badkamer': ' Eigen ', 'Toilet': ' Eigen ', 'Internet': ' Ja ', 'Energielabel': ' Onbekend ', 'Huisgenoten': '  1 ', 'Geslacht': ' Vrouw ', 'Huisdieren': ' Nee '}",kamer-1989223.html
Stationsstraat,in Maastricht,17 m,,â‚¬ 421,p/m | incl. g/w/e,Kaal,24-09-2021,2 dagen geleden geplaatst,https://kamernet.nl/huren/kamer-maastricht/stationsstraat/kamer-1989121,"{'Woonkamer': ' Onbekend ', 'Keuken': ' Onbekend ', 'Badkamer': ' Onbekend ', 'Toilet': ' Onbekend ', 'Internet': ' Ja ', 'Energielabel': ' Onbekend ', 'Huisgenoten': '  Onbekend  ', 'Geslacht': ' Onbekend ', 'Huisdieren': ' Nee '}",kamer-1989121.html
Wilhelminastraat,in Sittard,17 m,,â‚¬ 270,p/m | excl. g/w/e,Gestoffeerd,01-10-2021,8 uur geleden geplaatst,https://kamernet.nl/huren/kamer-sittard/wilhelminastraat/kamer-1989319,"{'Woonkamer': ' Geen ', 'Keuken': ' Gedeeld ', 'Badkamer': ' Gedeeld ', 'Toilet': ' Gedeeld ', 'Internet': ' Ja ', 'Energielabel': ' Onbekend ', 'Huisgenoten': '  4  ', 'Geslacht': ' Gemengd ', 'Huisdieren': ' Nee '}",kamer-1989319.html
Van Heemskerckstraat,in Groningen,16 m,,â‚¬ 340,p/m | incl. g/w/e,Kaal,08-10-2021 tot 31-08-2022,7 uur geleden geplaatst,https://kamernet.nl/huren/kamer-groningen/van-heemskerckstraat/kamer-1989315,"{'Woonkamer': ' Gedeeld ', 'Keuken': ' Gedeeld ', 'Badkamer': ' Gedeeld ', 'Toilet': ' Gedeeld ', 'Internet': ' Ja ', 'Energielabel': ' Onbekend ', 'Huisgenoten': '  5 ', 'Geslacht': ' Gemengd ', 'Huisdieren': ' In overleg '}",kamer-1989315.html
Graan voor Visch,in Hoofddorp,25 m,,â‚¬ 900,p/m | incl. g/w/e,Gemeubileerd,01-10-2021 tot 15-10-2022,7 uur geleden geplaatst,https://kamernet.nl/huren/kamer-hoofddorp/graan-voor-visch/kamer-1989288,"{'Woonkamer': ' Gedeeld ', 'Keuken': ' Gedeeld ', 'Badkamer': ' Gedeeld ', 'Toilet': ' Gedeeld ', 'Internet': ' Ja ', 'Energielabel': ' C ', 'Huisgenoten': '  1 ', 'Geslacht': ' Vrouw ', 'Huisdieren': ' Nee '}",kamer-1989288.html
Don Boscolaan,in Amstelveen,33 m,,â‚¬ 695,p/m | incl. g/w/e,Gestoffeerd,01-11-2021 tot 01-11-2023,7 uur geleden geplaatst,https://kamernet.nl/huren/studio-amstelveen/don-boscolaan/studio-1989321,"{'Woonkamer': ' Eigen ', 'Keuken': ' Eigen ', 'Badkamer': ' Eigen ', 'Toilet': ' Eigen ', 'Internet': ' Ja ', 'Energielabel': ' Onbekend ', 'Huisdieren': ' Nee '}",studio-1989321.html
Laan van Nieuw-Guinea,in Utrecht,45 m,,â‚¬ 1200,p/m | incl. g/w/e,Gemeubileerd,01-10-2021,7 uur geleden geplaatst,https://kamernet.nl/huren/studio-utrecht/laan-van-nieuw-guinea/studio-1989322,"{'Woonkamer': ' Eigen ', 'Keuken': ' Eigen ', 'Badkamer': ' Eigen ', 'Toilet': ' Eigen ', 'Internet': ' Ja ', 'Energielabel': ' Onbekend ', 'Huisdieren': ' Nee '}",studio-1989322.html
Lange Bogaardstraat,in Haarlem,114 m,Totaal 3 kamers (2 slaapkamers) ,â‚¬ 1595,p/m | excl. g/w/e,Gestoffeerd,19-09-2021,7 uur geleden geplaatst,https://kamernet.nl/huren/appartement-haarlem/lange-bogaardstraat/appartement-1989276,"{'Woonkamer': ' Eigen ', 'Keuken': ' Eigen ', 'Badkamer': ' Eigen ', 'Toilet': ' Eigen ', 'Internet': ' Nee ', 'Energielabel': ' D ', 'Huisdieren': ' Nee '}",appartement-1989276.html
Da Costakade,in Amsterdam,30 m,Totaal 2 kamers (1 slaapkamer) ,â‚¬ 1280,p/m | incl. g/w/e,Gemeubileerd,01-10-2021,7 uur geleden geplaatst,https://kamernet.nl/huren/studio-amsterdam/da-costakade/studio-1989334,"{'Woonkamer': ' Eigen ', 'Keuken': ' Eigen ', 'Badkamer': ' Eigen ', 'Toilet': ' Eigen ', 'Internet': ' Ja ', 'Energielabel': ' Onbekend ', 'Huisdieren': ' Nee '}",studio-1989334.html
Insulindestraat,in Rotterdam,32 m,Totale oppervlakte: 50 m 2,â‚¬ 750,p/m | incl. g/w/e,Gestoffeerd,01-11-2021,6 uur geleden geplaatst,https://kamernet.nl/huren/kamer-rotterdam/insulindestraat/kamer-1989339,"{'Woonkamer': ' Eigen ', 'Keuken': ' Gedeeld ', 'Badkamer': ' Gedeeld ', 'Toilet': ' Gedeeld ', 'Internet': ' Ja ', 'Energielabel': ' Onbekend ', 'Huisgenoten': '  1 ', 'Geslacht': ' Vrouw ', 'Huisdieren': ' Nee '}",kamer-1989339.html
Vredestraat,in Nijmegen,18 m,,â‚¬ 435,p/m | incl. g/w/e,Gestoffeerd,01-10-2021,2 dagen geleden geplaatst,https://kamernet.nl/huren/kamer-nijmegen/vredestraat/kamer-1989092,"{'Woonkamer': ' Onbekend ', 'Keuken': ' Gedeeld ', 'Badkamer': ' Gedeeld ', 'Toilet': ' Gedeeld ', 'Internet': ' Ja ', 'Energielabel': ' Onbekend ', 'Huisgenoten': '  8  ', 'Geslacht': ' Man ', 'Huisdieren': ' Nee '}",kamer-1989092.html
Vogelstraat,in Wagenberg,60 m,,â‚¬ 995,p/m | excl. g/w/e,Gemeubileerd,01-10-2021,2 dagen geleden geplaatst,https://kamernet.nl/huren/appartement-wagenberg/vogelstraat/appartement-1989098,"{'Woonkamer': ' Eigen ', 'Keuken': ' Eigen ', 'Badkamer': ' Eigen ', 'Toilet': ' Eigen ', 'Internet': ' Nee ', 'Energielabel': ' Onbekend ', 'Huisdieren': ' Nee '}",appartement-1989098.html
Meander,in Amstelveen,25 m,,â‚¬ 900,p/m | incl. g/w/e,Gemeubileerd,01-10-2021 tot 31-10-2021,2 dagen geleden geplaatst,https://kamernet.nl/huren/kamer-amstelveen/meander/kamer-1988945,"{'Woonkamer': ' Eigen ', 'Keuken': ' Gedeeld ', 'Badkamer': ' Gedeeld ', 'Toilet': ' Gedeeld ', 'Internet': ' Ja ', 'Energielabel': ' Onbekend ', 'Huisgenoten': '  2 ', 'Geslacht': ' Man ', 'Huisdieren': ' In overleg '}",kamer-1988945.html
Stationsstraat,in Maastricht,17 m,,â‚¬ 451,p/m | incl. g/w/e,Kaal,24-09-2021,2 dagen geleden geplaatst,https://kamernet.nl/huren/kamer-maastricht/stationsstraat/kamer-1989123,"{'Woonkamer': ' Onbekend ', 'Keuken': ' Onbekend ', 'Badkamer': ' Onbekend ', 'Toilet': ' Onbekend ', 'Internet': ' Ja ', 'Energielabel': ' Onbekend ', 'Huisgenoten': '  Onbekend  ', 'Geslacht': ' Onbekend ', 'Huisdieren': ' Nee '}",kamer-1989123.html
Ereprijs,in Nieuwegein,8 m,,â‚¬ 600,p/m | incl. g/w/e,Gemeubileerd,19-09-2021,5 uur geleden geplaatst,https://kamernet.nl/huren/kamer-nieuwegein/ereprijs/kamer-1989354,"{'Woonkamer': ' Eigen ', 'Keuken': ' Gedeeld ', 'Badkamer': ' Gedeeld ', 'Toilet': ' Gedeeld ', 'Internet': ' Ja ', 'Energielabel': ' Onbekend ', 'Huisgenoten': '  3 ', 'Geslacht': ' Onbekend ', 'Huisdieren': ' Nee '}",kamer-1989354.html
Bunder,in Beuningen Gld,15 m,Totale oppervlakte: 10 m 2,â‚¬ 350,p/m | excl. g/w/e,Gemeubileerd,19-09-2021,4 uur geleden geplaatst,https://kamernet.nl/huren/kamer-beuningen-gld/bunder/kamer-1989364,"{'Woonkamer': ' Eigen ', 'Keuken': ' Eigen ', 'Badkamer': ' Gedeeld ', 'Toilet': ' Gedeeld ', 'Internet': ' Ja ', 'Energielabel': ' A ', 'Huisgenoten': '  2 ', 'Geslacht': ' Gemengd ', 'Huisdieren': ' Nee '}",kamer-1989364.html
Detmoldstraat,in Utrecht,7 m,Totale oppervlakte: 50 m 2,â‚¬ 450,p/m | excl. g/w/e,Gemeubileerd,01-10-2021,Gisteren geplaatst,https://kamernet.nl/huren/kamer-utrecht/detmoldstraat/kamer-1989161,"{'Woonkamer': ' Gedeeld ', 'Keuken': ' Gedeeld ', 'Badkamer': ' Gedeeld ', 'Toilet': ' Gedeeld ', 'Internet': ' Onbekend ', 'Energielabel': ' Onbekend ', 'Huisgenoten': '  2 ', 'Geslacht': ' Vrouw ', 'Huisdieren': ' In overleg '}",kamer-1989161.html
Voortsweg,in Enschede,16 m,Totale oppervlakte: 140 m 2,â‚¬ 305,p/m | excl. g/w/e,Gestoffeerd,15-10-2021,4 uur geleden geplaatst,https://kamernet.nl/huren/kamer-enschede/voortsweg/kamer-1989356,"{'Woonkamer': ' Gedeeld ', 'Keuken': ' Gedeeld ', 'Badkamer': ' Gedeeld ', 'Toilet': ' Gedeeld ', 'Internet': ' Ja ', 'Energielabel': ' Onbekend ', 'Huisgenoten': '  3 ', 'Geslacht': ' Man ', 'Huisdieren': ' Nee '}",kamer-1989356.html
Detmoldstraat,in Utrecht,11 m,Totale oppervlakte: 50 m 2,â‚¬ 550,p/m | excl. g/w/e,Gestoffeerd,01-10-2021,Gisteren geplaatst,https://kamernet.nl/huren/kamer-utrecht/detmoldstraat/kamer-1989146,"{'Woonkamer': ' Gedeeld ', 'Keuken': ' Gedeeld ', 'Badkamer': ' Gedeeld ', 'Toilet': ' Gedeeld ', 'Internet': ' Ja ', 'Energielabel': ' Onbekend ', 'Huisgenoten': '  Onbekend  ', 'Geslacht': ' Onbekend ', 'Huisdieren': ' In overleg '}",kamer-1989146.html
Haarlemmerstraat,in Amsterdam,45 m,Totaal 2 kamers (1 slaapkamer) ,â‚¬ 1200,p/m | excl. g/w/e,Gestoffeerd,18-09-2021,Gisteren geplaatst,https://kamernet.nl/huren/appartement-amsterdam/haarlemmerstraat/appartement-1989174,"{'Woonkamer': ' Eigen ', 'Keuken': ' Eigen ', 'Badkamer': ' Eigen ', 'Toilet': ' Eigen ', 'Internet': ' Nee ', 'Energielabel': ' Onbekend ', 'Huisdieren': ' Nee '}",appartement-1989174.html
Zomervlinderberm,in Houten,15 m,Totale oppervlakte: 7 m 2,â‚¬ 400,p/m | incl. g/w/e,Gemeubileerd,14-11-2021 tot 01-08-2022,Gisteren geplaatst,https://kamernet.nl/huren/kamer-houten/zomervlinderberm/kamer-1989134,"{'Woonkamer': ' Geen ', 'Keuken': ' Geen ', 'Badkamer': ' Gedeeld ', 'Toilet': ' Gedeeld ', 'Internet': ' Onbekend ', 'Energielabel': ' Onbekend ', 'Huisgenoten': '  2 ', 'Geslacht': ' Vrouw ', 'Huisdieren': ' Nee '}",kamer-1989134.html
Koppeldijk,in Rotterdam,14 m,Totale oppervlakte: 70 m 2,â‚¬ 500,p/m | incl. g/w/e,Gemeubileerd,18-09-2021,Gisteren geplaatst,https://kamernet.nl/huren/kamer-rotterdam/koppeldijk/kamer-1989165,"{'Woonkamer': ' Gedeeld ', 'Keuken': ' Gedeeld ', 'Badkamer': ' Gedeeld ', 'Toilet': ' Gedeeld ', 'Internet': ' Ja ', 'Energielabel': ' Onbekend ', 'Huisgenoten': '  1 ', 'Geslacht': ' Vrouw ', 'Huisdieren': ' In overleg '}",kamer-1989165.html
Franselaan,in Rotterdam,18 m,Totale oppervlakte: 96 m 2,â‚¬ 550,p/m | excl. g/w/e,Gemeubileerd,20-09-2021 tot 20-09-2023,Gisteren geplaatst,https://kamernet.nl/huren/kamer-rotterdam/franselaan/kamer-1989153,"{'Woonkamer': ' Gedeeld ', 'Keuken': ' Gedeeld ', 'Badkamer': ' Gedeeld ', 'Toilet': ' Gedeeld ', 'Internet': ' Ja ', 'Energielabel': ' C ', 'Huisgenoten': '  Onbekend  ', 'Geslacht': ' Onbekend ', 'Huisdieren': ' Nee '}",kamer-1989153.html
Schiebroeksesingel,in Rotterdam,18 m,Totale oppervlakte: 110 m 2,â‚¬ 550,p/m | incl. g/w/e,Gemeubileerd,18-09-2021,Gisteren geplaatst,https://kamernet.nl/huren/kamer-rotterdam/schiebroeksesingel/kamer-1989164,"{'Woonkamer': ' Gedeeld ', 'Keuken': ' Gedeeld ', 'Badkamer': ' Gedeeld ', 'Toilet': ' Gedeeld ', 'Internet': ' Ja ', 'Energielabel': ' Onbekend ', 'Huisgenoten': '  1 ', 'Geslacht': ' Gemengd ', 'Huisdieren': ' In overleg '}",kamer-1989164.html
Dennenrodepad,in Amsterdam,20 m,,â‚¬ 800,p/m | incl. g/w/e,Kaal,25-03-2020,2 dagen geleden geplaatst,https://kamernet.nl/huren/appartement-amsterdam/dennenrodepad/appartement-1782990,"{'Woonkamer': ' Eigen ', 'Keuken': ' Eigen ', 'Badkamer': ' Eigen ', 'Toilet': ' Eigen ', 'Internet': ' Ja ', 'Energielabel': ' A ', 'Huisdieren': ' Nee '}",appartement-1782990.html
Claes de Vrieselaan,in Rotterdam,23 m,,â‚¬ 710,p/m | incl. g/w/e,Kaal,01-10-2021,Gisteren geplaatst,https://kamernet.nl/huren/kamer-rotterdam/claes-de-vrieselaan/kamer-1989209,"{'Woonkamer': ' Gedeeld ', 'Keuken': ' Gedeeld ', 'Badkamer': ' Gedeeld ', 'Toilet': ' Gedeeld ', 'Internet': ' Ja ', 'Energielabel': ' Onbekend ', 'Huisgenoten': '  7 ', 'Geslacht': ' Man ', 'Huisdieren': ' Nee '}",kamer-1989209.html
Brouwerskade,in Haarlem,50 m,Totaal 2 kamers (1 slaapkamer) ,â‚¬ 1450,p/m | incl. g/w/e,Gestoffeerd,01-10-2021,Gisteren geplaatst,https://kamernet.nl/huren/appartement-haarlem/brouwerskade/appartement-1989201,"{'Woonkamer': ' Eigen ', 'Keuken': ' Eigen ', 'Badkamer': ' Eigen ', 'Toilet': ' Eigen ', 'Internet': ' Ja ', 'Energielabel': ' D ', 'Huisdieren': ' Nee '}",appartement-1989201.html
De Clercqstraat,in Amsterdam,52 m,Totaal 3 kamers (2 slaapkamers) ,â‚¬ 1750,p/m | excl. g/w/e,Gemeubileerd,18-09-2021,Gisteren geplaatst,https://kamernet.nl/huren/appartement-amsterdam/de-clercqstraat/appartement-1989217,"{'Woonkamer': ' Eigen ', 'Keuken': ' Eigen ', 'Badkamer': ' Eigen ', 'Toilet': ' Eigen ', 'Internet': ' Ja ', 'Energielabel': ' Onbekend ', 'Huisdieren': ' Nee '}",appartement-1989217.html
Eikstraat,in Breda,32 m,Totale oppervlakte: 10 m 2,â‚¬ 650,p/m | incl. g/w/e,Gemeubileerd,01-10-2021 tot 01-06-2022,Gisteren geplaatst,https://kamernet.nl/huren/kamer-breda/eikstraat/kamer-1989222,"{'Woonkamer': ' Eigen ', 'Keuken': ' Eigen ', 'Badkamer': ' Gedeeld ', 'Toilet': ' Gedeeld ', 'Internet': ' Ja ', 'Energielabel': ' A ', 'Huisgenoten': '  1 ', 'Geslacht': ' Vrouw ', 'Huisdieren': ' Nee '}",kamer-1989222.html
Julianalaan,in Schiedam,70 m,Totaal 2 kamers (1 slaapkamer) ,â‚¬ 995,p/m | excl. g/w/e,Gestoffeerd,20-09-2021,Gisteren geplaatst,https://kamernet.nl/huren/appartement-schiedam/julianalaan/appartement-1989187,"{'Woonkamer': ' Eigen ', 'Keuken': ' Eigen ', 'Badkamer': ' Eigen ', 'Toilet': ' Eigen ', 'Internet': ' Onbekend ', 'Energielabel': ' Onbekend ', 'Huisdieren': ' In overleg '}",appartement-1989187.html
Stoppendaalstraat,in Nijmegen,10 m,Totale oppervlakte: 96 m 2,â‚¬ 450,p/m | incl. g/w/e,Gestoffeerd,26-09-2021 tot 26-03-2022,2 dagen geleden geplaatst,https://kamernet.nl/huren/kamer-nijmegen/stoppendaalstraat/kamer-1989101,"{'Woonkamer': ' Gedeeld ', 'Keuken': ' Gedeeld ', 'Badkamer': ' Gedeeld ', 'Toilet': ' Gedeeld ', 'Internet': ' Ja ', 'Energielabel': ' Onbekend ', 'Huisgenoten': '  1 ', 'Geslacht': ' Man ', 'Huisdieren': ' In overleg '}",kamer-1989101.html
Stationsstraat,in Maastricht,17 m,,â‚¬ 421,p/m | incl. g/w/e,Kaal,24-09-2021,2 dagen geleden geplaatst,https://kamernet.nl/huren/kamer-maastricht/stationsstraat/kamer-1989122,"{'Woonkamer': ' Onbekend ', 'Keuken': ' Onbekend ', 'Badkamer': ' Onbekend ', 'Toilet': ' Onbekend ', 'Internet': ' Ja ', 'Energielabel': ' Onbekend ', 'Huisgenoten': '  Onbekend  ', 'Geslacht': ' Onbekend ', 'Huisdieren': ' Nee '}",kamer-1989122.html
Amsterdamsestraatweg,in Utrecht,6 m,,â‚¬ 369,p/m | incl. g/w/e,Gestoffeerd,01-10-2021,Gisteren geplaatst,https://kamernet.nl/huren/kamer-utrecht/amsterdamsestraatweg/kamer-1989203,"{'Woonkamer': ' Geen ', 'Keuken': ' Gedeeld ', 'Badkamer': ' Gedeeld ', 'Toilet': ' Gedeeld ', 'Internet': ' Ja ', 'Energielabel': ' Onbekend ', 'Huisgenoten': '  Onbekend  ', 'Geslacht': ' Onbekend ', 'Huisdieren': ' In overleg '}",kamer-1989203.html
Pelikaanstraat,in Hilversum,12 m,Totale oppervlakte: 13 m 2,â‚¬ 300,p/m | excl. g/w/e,Gemeubileerd,09-09-2021,Gisteren geplaatst,https://kamernet.nl/huren/kamer-hilversum/pelikaanstraat/kamer-1987158,"{'Woonkamer': ' Eigen ', 'Keuken': ' Gedeeld ', 'Badkamer': ' Gedeeld ', 'Toilet': ' Gedeeld ', 'Internet': ' Ja ', 'Energielabel': ' Onbekend ', 'Huisgenoten': '  1 ', 'Geslacht': ' Man ', 'Huisdieren': ' Nee '}",kamer-1987158.html
Laan van Meerdervoort,in Den Haag,20 m,,â‚¬ 562,p/m | incl. g/w/e,Gestoffeerd,01-10-2021,Gisteren geplaatst,https://kamernet.nl/huren/kamer-den-haag/laan-van-meerdervoort/kamer-1989224,"{'Woonkamer': ' Gedeeld ', 'Keuken': ' Gedeeld ', 'Badkamer': ' Gedeeld ', 'Toilet': ' Gedeeld ', 'Internet': ' Ja ', 'Energielabel': ' Onbekend ', 'Huisgenoten': '  3 ', 'Geslacht': ' Man ', 'Huisdieren': ' Nee '}",kamer-1989224.html
Beethovenlaan,in Aalsmeer,50 m,Totale oppervlakte: 60 m 2,â‚¬ 800,p/m | incl. g/w/e,Gestoffeerd,01-10-2021,Gisteren geplaatst,https://kamernet.nl/huren/kamer-aalsmeer/beethovenlaan/kamer-1988738,"{'Woonkamer': ' Eigen ', 'Keuken': ' Eigen ', 'Badkamer': ' Gedeeld ', 'Toilet': ' Gedeeld ', 'Internet': ' Ja ', 'Energielabel': ' Onbekend ', 'Huisgenoten': '  1 ', 'Geslacht': ' Man ', 'Huisdieren': ' Nee '}",kamer-1988738.html
Amsterdamseweg,in Amstelveen,22 m,Totale oppervlakte: 40 m 2,â‚¬ 490,p/m | incl. g/w/e,Gemeubileerd,01-11-2021,Gisteren geplaatst,https://kamernet.nl/huren/kamer-amstelveen/amsterdamseweg/kamer-1989189,"{'Woonkamer': ' Eigen ', 'Keuken': ' Eigen ', 'Badkamer': ' Gedeeld ', 'Toilet': ' Gedeeld ', 'Internet': ' Ja ', 'Energielabel': ' Onbekend ', 'Huisgenoten': '  1 ', 'Geslacht': ' Vrouw ', 'Huisdieren': ' Nee '}",kamer-1989189.html
Brussestraat,in Rotterdam,24 m,Totale oppervlakte: 80 m 2,â‚¬ 675,p/m | incl. g/w/e,Gestoffeerd,11-10-2021,2 dagen geleden geplaatst,https://kamernet.nl/huren/kamer-rotterdam/brussestraat/kamer-1989005,"{'Woonkamer': ' Gedeeld ', 'Keuken': ' Gedeeld ', 'Badkamer': ' Gedeeld ', 'Toilet': ' Gedeeld ', 'Internet': ' Ja ', 'Energielabel': ' D ', 'Huisgenoten': '  1 ', 'Geslacht': ' Gemengd ', 'Huisdieren': ' Nee '}",kamer-1989005.html
Zwanenveld,in Nijmegen,30 m,Totale oppervlakte: 12 m 2,â‚¬ 531,p/m | incl. g/w/e,Kaal,18-09-2021,Gisteren geplaatst,https://kamernet.nl/huren/kamer-nijmegen/zwanenveld/kamer-1989199,"{'Woonkamer': ' Eigen ', 'Keuken': ' Eigen ', 'Badkamer': ' Gedeeld ', 'Toilet': ' Gedeeld ', 'Internet': ' Ja ', 'Energielabel': ' Onbekend ', 'Huisgenoten': '  2 ', 'Geslacht': ' Gemengd ', 'Huisdieren': ' Nee '}",kamer-1989199.html
Magneetveld,in Almere,12 m,Totale oppervlakte: 35 m 2,â‚¬ 350,p/m | incl. g/w/e,Gestoffeerd,18-09-2021,Gisteren geplaatst,https://kamernet.nl/huren/kamer-almere/magneetveld/kamer-1989234,"{'Woonkamer': ' Geen ', 'Keuken': ' Gedeeld ', 'Badkamer': ' Gedeeld ', 'Toilet': ' Gedeeld ', 'Internet': ' Ja ', 'Energielabel': ' Onbekend ', 'Huisgenoten': '  2 ', 'Geslacht': ' Gemengd ', 'Huisdieren': ' Nee '}",kamer-1989234.html
Magneetveld,in Almere,55 m,Totaal 2 kamers (1 slaapkamer) ,â‚¬ 650,p/m | excl. g/w/e,Gemeubileerd,18-09-2021,2 dagen geleden geplaatst,https://kamernet.nl/huren/studio-almere/magneetveld/studio-1989071,"{'Woonkamer': ' Eigen ', 'Keuken': ' Eigen ', 'Badkamer': ' Eigen ', 'Toilet': ' Eigen ', 'Internet': ' Ja ', 'Energielabel': ' Onbekend ', 'Huisdieren': ' Nee '}",studio-1989071.html
Riouwstraat,in Amsterdam,12 m,,â‚¬ 495,p/m | incl. g/w/e,Gemeubileerd,17-09-2021 tot 01-02-2022,2 dagen geleden geplaatst,https://kamernet.nl/huren/kamer-amsterdam/riouwstraat/kamer-1989072,"{'Woonkamer': ' Eigen ', 'Keuken': ' Gedeeld ', 'Badkamer': ' Gedeeld ', 'Toilet': ' Gedeeld ', 'Internet': ' Ja ', 'Energielabel': ' Onbekend ', 'Huisgenoten': '  1 ', 'Geslacht': ' Vrouw ', 'Huisdieren': ' Nee '}",kamer-1989072.html
Magneetveld,in Almere,16 m,Totale oppervlakte: 35 m 2,â‚¬ 550,p/m | incl. g/w/e,Gemeubileerd,17-10-2021,2 dagen geleden geplaatst,https://kamernet.nl/huren/kamer-almere/magneetveld/kamer-1989076,"{'Woonkamer': ' Eigen ', 'Keuken': ' Eigen ', 'Badkamer': ' Gedeeld ', 'Toilet': ' Gedeeld ', 'Internet': ' Ja ', 'Energielabel': ' Onbekend ', 'Huisgenoten': '  2 ', 'Geslacht': ' Gemengd ', 'Huisdieren': ' Nee '}",kamer-1989076.html
Rustenburgerstraat,in Amsterdam,27 m,Totale oppervlakte: 40 m 2,â‚¬ 540,p/m | incl. g/w/e,Gemeubileerd,01-10-2021 tot 01-10-2022,2 dagen geleden geplaatst,https://kamernet.nl/huren/kamer-amsterdam/rustenburgerstraat/kamer-1989090,"{'Woonkamer': ' Eigen ', 'Keuken': ' Gedeeld ', 'Badkamer': ' Gedeeld ', 'Toilet': ' Gedeeld ', 'Internet': ' Ja ', 'Energielabel': ' Onbekend ', 'Huisgenoten': '  Onbekend  ', 'Geslacht': ' Onbekend ', 'Huisdieren': ' Nee '}",kamer-1989090.html
Grote Markt,in Breda,46 m,Totaal 1 kamer,â‚¬ 1030,p/m | excl. g/w/e,Gestoffeerd,01-11-2021,2 dagen geleden geplaatst,https://kamernet.nl/huren/appartement-breda/grote-markt/appartement-1989110,"{'Woonkamer': ' Onbekend ', 'Keuken': ' Onbekend ', 'Badkamer': ' Onbekend ', 'Toilet': ' Onbekend ', 'Internet': ' Onbekend ', 'Energielabel': ' Onbekend ', 'Huisdieren': ' In overleg '}",appartement-1989110.html
Achterberghstraat,in Boxtel,20 m,,â‚¬ 355,p/m | incl. g/w/e,Kaal,18-09-2021,2 dagen geleden geplaatst,https://kamernet.nl/huren/kamer-boxtel/achterberghstraat/kamer-1989112,"{'Woonkamer': ' Onbekend ', 'Keuken': ' Onbekend ', 'Badkamer': ' Onbekend ', 'Toilet': ' Onbekend ', 'Internet': ' Onbekend ', 'Energielabel': ' Onbekend ', 'Huisgenoten': '  Onbekend  ', 'Geslacht': ' Onbekend ', 'Huisdieren': ' In overleg '}",kamer-1989112.html
Westvest,in Delft,40 m,,â‚¬ 250,p/m | incl. g/w/e,Kaal,18-09-2021,2 dagen geleden geplaatst,https://kamernet.nl/huren/kamer-delft/westvest/kamer-1989113,"{'Woonkamer': ' Onbekend ', 'Keuken': ' Onbekend ', 'Badkamer': ' Onbekend ', 'Toilet': ' Onbekend ', 'Internet': ' Onbekend ', 'Energielabel': ' Onbekend ', 'Huisgenoten': '  Onbekend  ', 'Geslacht': ' Onbekend ', 'Huisdieren': ' In overleg '}",kamer-1989113.html
Recht Boomssloot,in Amsterdam,55 m,,â‚¬ 1800,p/m | excl. g/w/e,Gemeubileerd,15-10-2021,2 dagen geleden geplaatst,https://kamernet.nl/huren/appartement-amsterdam/recht-boomssloot/appartement-1989127,"{'Woonkamer': ' Onbekend ', 'Keuken': ' Onbekend ', 'Badkamer': ' Onbekend ', 'Toilet': ' Onbekend ', 'Internet': ' Onbekend ', 'Energielabel': ' Onbekend ', 'Huisdieren': ' In overleg '}",appartement-1989127.html
Wilhelminastraat,in Waalwijk,50 m,Totaal 1 kamer,â‚¬ 665,p/m | excl. g/w/e,Gestoffeerd,18-09-2021,2 dagen geleden geplaatst,https://kamernet.nl/huren/appartement-waalwijk/wilhelminastraat/appartement-1989125,"{'Woonkamer': ' Onbekend ', 'Keuken': ' Onbekend ', 'Badkamer': ' Onbekend ', 'Toilet': ' Onbekend ', 'Internet': ' Onbekend ', 'Energielabel': ' Onbekend ', 'Huisdieren': ' In overleg '}",appartement-1989125.html
Vrijheidslaan,in Leiden,15 m,,â‚¬ 350,p/m | incl. g/w/e,Kaal,30-09-2021,2 dagen geleden geplaatst,https://kamernet.nl/huren/kamer-leiden/vrijheidslaan/kamer-1989056,"{'Woonkamer': ' Gedeeld ', 'Keuken': ' Gedeeld ', 'Badkamer': ' Gedeeld ', 'Toilet': ' Gedeeld ', 'Internet': ' Ja ', 'Energielabel': ' Onbekend ', 'Huisgenoten': '  Meer dan 8 ', 'Geslacht': ' Gemengd ', 'Huisdieren': ' In overleg '}",kamer-1989056.html
Orthenseweg,in Den Bosch,50 m,Totaal 1 kamer (1 slaapkamer) ,â‚¬ 875,p/m | excl. g/w/e,Gestoffeerd,01-10-2021,2 dagen geleden geplaatst,https://kamernet.nl/huren/studio-den-bosch/orthenseweg/studio-1989147,"{'Woonkamer': ' Eigen ', 'Keuken': ' Eigen ', 'Badkamer': ' Eigen ', 'Toilet': ' Eigen ', 'Internet': ' Ja ', 'Energielabel': ' Onbekend ', 'Huisdieren': ' Nee '}",studio-1989147.html
Dirklangendwarsstraat,in Delft,30 m,,â‚¬ 550,p/m | incl. g/w/e,Gemeubileerd,01-10-2021,Gisteren geplaatst,https://kamernet.nl/huren/kamer-delft/dirklangendwarsstraat/kamer-1989180,"{'Woonkamer': ' Eigen ', 'Keuken': ' Eigen ', 'Badkamer': ' Eigen ', 'Toilet': ' Eigen ', 'Internet': ' Ja ', 'Energielabel': ' Onbekend ', 'Huisgenoten': '  1 ', 'Geslacht': ' Man ', 'Huisdieren': ' Nee '}",kamer-1989180.html
Lovensestraat,in Tilburg,40 m,Totaal 1 kamer,â‚¬ 750,p/m | excl. g/w/e,Gestoffeerd,01-10-2021,2 dagen geleden geplaatst,https://kamernet.nl/huren/appartement-tilburg/lovensestraat/appartement-1989126,"{'Woonkamer': ' Onbekend ', 'Keuken': ' Onbekend ', 'Badkamer': ' Onbekend ', 'Toilet': ' Onbekend ', 'Internet': ' Onbekend ', 'Energielabel': ' Onbekend ', 'Huisdieren': ' In overleg '}",appartement-1989126.html
Stationsstraat,in Maastricht,17 m,,â‚¬ 436,p/m | incl. g/w/e,Kaal,24-09-2021,2 dagen geleden geplaatst,https://kamernet.nl/huren/kamer-maastricht/stationsstraat/kamer-1989115,"{'Woonkamer': ' Onbekend ', 'Keuken': ' Onbekend ', 'Badkamer': ' Onbekend ', 'Toilet': ' Onbekend ', 'Internet': ' Ja ', 'Energielabel': ' Onbekend ', 'Huisgenoten': '  Onbekend  ', 'Geslacht': ' Onbekend ', 'Huisdieren': ' Nee '}",kamer-1989115.html
Hereweg,in Landgraaf,50 m,Totaal 2 kamers (2 slaapkamers) ,â‚¬ 700,p/m | excl. g/w/e,Gestoffeerd,26-11-2021,13 uur geleden geplaatst,https://kamernet.nl/huren/appartement-landgraaf/hereweg/appartement-1989259,"{'Woonkamer': ' Eigen ', 'Keuken': ' Eigen ', 'Badkamer': ' Eigen ', 'Toilet': ' Eigen ', 'Internet': ' Ja ', 'Energielabel': ' Onbekend ', 'Huisdieren': ' Ja '}",appartement-1989259.html
Staalmeesterslaan,in Amsterdam,22 m,,â‚¬ 750,p/m | incl. g/w/e,Gemeubileerd,01-10-2021 tot 31-07-2022,13 uur geleden geplaatst,https://kamernet.nl/huren/kamer-amsterdam/staalmeesterslaan/kamer-1989260,"{'Woonkamer': ' Eigen ', 'Keuken': ' Gedeeld ', 'Badkamer': ' Gedeeld ', 'Toilet': ' Gedeeld ', 'Internet': ' Ja ', 'Energielabel': ' Onbekend ', 'Huisgenoten': '  2 ', 'Geslacht': ' Gemengd ', 'Huisdieren': ' Nee '}",kamer-1989260.html
Reestraat,in Heerlen,50 m,Totaal 1 kamer (1 slaapkamer) ,â‚¬ 700,p/m | excl. g/w/e,Gestoffeerd,26-11-2021,13 uur geleden geplaatst,https://kamernet.nl/huren/appartement-heerlen/reestraat/appartement-1989272,"{'Woonkamer': ' Eigen ', 'Keuken': ' Eigen ', 'Badkamer': ' Eigen ', 'Toilet': ' Eigen ', 'Internet': ' Ja ', 'Energielabel': ' Onbekend ', 'Huisdieren': ' Ja '}",appartement-1989272.html
Kreeftstraat,in Eindhoven,12 m,,â‚¬ 340,p/m | incl. g/w/e,Gemeubileerd,18-09-2020,13 uur geleden geplaatst,https://kamernet.nl/huren/kamer-eindhoven/kreeftstraat/kamer-1989268,"{'Woonkamer': ' Gedeeld ', 'Keuken': ' Gedeeld ', 'Badkamer': ' Gedeeld ', 'Toilet': ' Gedeeld ', 'Internet': ' Ja ', 'Energielabel': ' Onbekend ', 'Huisgenoten': '  2 ', 'Geslacht': ' Man ', 'Huisdieren': ' Nee '}",kamer-1989268.html
Van Randwijcklaan,in Amersfoort,10 m,Totale oppervlakte: 20 m 2,â‚¬ 385,p/m | incl. g/w/e,Gemeubileerd,20-09-2021 tot 15-08-2022,13 uur geleden geplaatst,https://kamernet.nl/huren/kamer-amersfoort/van-randwijcklaan/kamer-1989273,"{'Woonkamer': ' Geen ', 'Keuken': ' Gedeeld ', 'Badkamer': ' Gedeeld ', 'Toilet': ' Gedeeld ', 'Internet': ' Ja ', 'Energielabel': ' A ', 'Huisgenoten': '  2 ', 'Geslacht': ' Vrouw ', 'Huisdieren': ' Nee '}",kamer-1989273.html
Holendrechtstraat,in Amsterdam,40 m,Totaal 2 kamers (1 slaapkamer) ,â‚¬ 1255,p/m | excl. g/w/e,Gemeubileerd,01-10-2021,13 uur geleden geplaatst,https://kamernet.nl/huren/appartement-amsterdam/holendrechtstraat/appartement-1989266,"{'Woonkamer': ' Eigen ', 'Keuken': ' Eigen ', 'Badkamer': ' Eigen ', 'Toilet': ' Eigen ', 'Internet': ' Ja ', 'Energielabel': ' A ', 'Huisdieren': ' Nee '}",appartement-1989266.html
West Ringdijk,in Moordrecht,20 m,,â‚¬ 370,p/m | incl. g/w/e,Gemeubileerd,18-09-2021,2 dagen geleden geplaatst,https://kamernet.nl/huren/kamer-moordrecht/west-ringdijk/kamer-1989100,"{'Woonkamer': ' Geen ', 'Keuken': ' Eigen ', 'Badkamer': ' Gedeeld ', 'Toilet': ' Gedeeld ', 'Internet': ' Ja ', 'Energielabel': ' Onbekend ', 'Huisgenoten': '  2 ', 'Geslacht': ' Gemengd ', 'Huisdieren': ' Nee '}",kamer-1989100.html
Jan van der Heijdenstraat,in Den Haag,18 m,,â‚¬ 500,p/m | incl. g/w/e,Gemeubileerd,01-10-2021 tot 30-09-2022,8 uur geleden geplaatst,https://kamernet.nl/huren/kamer-den-haag/jan-van-der-heijdenstraat/kamer-1989316,"{'Woonkamer': ' Geen ', 'Keuken': ' Gedeeld ', 'Badkamer': ' Eigen ', 'Toilet': ' Gedeeld ', 'Internet': ' Ja ', 'Energielabel': ' Onbekend ', 'Huisgenoten': '  2 ', 'Geslacht': ' Onbekend ', 'Huisdieren': ' Nee '}",kamer-1989316.html
Prinsengracht,in Amsterdam,18 m,Totale oppervlakte: 94 m 2,â‚¬ 1000,p/m | incl. g/w/e,Gemeubileerd,01-10-2021 tot 31-03-2022,13 uur geleden geplaatst,https://kamernet.nl/huren/kamer-amsterdam/prinsengracht/kamer-1989265,"{'Woonkamer': ' Gedeeld ', 'Keuken': ' Gedeeld ', 'Badkamer': ' Gedeeld ', 'Toilet': ' Gedeeld ', 'Internet': ' Ja ', 'Energielabel': ' Onbekend ', 'Huisgenoten': '  1 ', 'Geslacht': ' Man ', 'Huisdieren': ' Nee '}",kamer-1989265.html
Ertskade,in Amsterdam,10 m,Totale oppervlakte: 75 m 2,â‚¬ 800,p/m | incl. g/w/e,Kaal,01-10-2021,8 uur geleden geplaatst,https://kamernet.nl/huren/kamer-amsterdam/ertskade/kamer-1908585,"{'Woonkamer': ' Gedeeld ', 'Keuken': ' Gedeeld ', 'Badkamer': ' Gedeeld ', 'Toilet': ' Gedeeld ', 'Internet': ' Ja ', 'Energielabel': ' A ', 'Huisgenoten': '  1 ', 'Geslacht': ' Vrouw ', 'Huisdieren': ' Nee '}",kamer-1908585.html
De Fruittuinen,in Hoofddorp,35 m,,â‚¬ 700,p/m | excl. g/w/e,Gemeubileerd,01-11-2021,Gisteren geplaatst,https://kamernet.nl/huren/kamer-hoofddorp/de-fruittuinen/kamer-1989193,"{'Woonkamer': ' Gedeeld ', 'Keuken': ' Gedeeld ', 'Badkamer': ' Gedeeld ', 'Toilet': ' Gedeeld ', 'Internet': ' Ja ', 'Energielabel': ' Onbekend ', 'Huisgenoten': '  3 ', 'Geslacht': ' Onbekend ', 'Huisdieren': ' Nee '}",kamer-1989193.html
St. Jacobslaan,in Nijmegen,18 m,,â‚¬ 375,p/m | incl. g/w/e,Kaal,05-10-2021 tot 30-09-2022,Gisteren geplaatst,https://kamernet.nl/huren/kamer-nijmegen/st.-jacobslaan/kamer-1989241,"{'Woonkamer': ' Geen ', 'Keuken': ' Eigen ', 'Badkamer': ' Gedeeld ', 'Toilet': ' Gedeeld ', 'Internet': ' Ja ', 'Energielabel': ' Onbekend ', 'Huisgenoten': '  3 ', 'Geslacht': ' Vrouw ', 'Huisdieren': ' Nee '}",kamer-1989241.html
Jacoba van Beierenlaan,in Delft,12 m,,â‚¬ 320,p/m | incl. g/w/e,Gestoffeerd,24-09-2021,Gisteren geplaatst,https://kamernet.nl/huren/kamer-delft/jacoba-van-beierenlaan/kamer-1989104,"{'Woonkamer': ' Gedeeld ', 'Keuken': ' Gedeeld ', 'Badkamer': ' Gedeeld ', 'Toilet': ' Gedeeld ', 'Internet': ' Ja ', 'Energielabel': ' Onbekend ', 'Huisgenoten': '  3 ', 'Geslacht': ' Man ', 'Huisdieren': ' Nee '}",kamer-1989104.html
van Peltlaan,in Nijmegen,36 m,Totaal 2 kamers (1 slaapkamer) ,â‚¬ 850,p/m | excl. g/w/e,Kaal,01-11-2021,13 uur geleden geplaatst,https://kamernet.nl/huren/appartement-nijmegen/van-peltlaan/appartement-1989237,"{'Woonkamer': ' Eigen ', 'Keuken': ' Eigen ', 'Badkamer': ' Eigen ', 'Toilet': ' Eigen ', 'Internet': ' Nee ', 'Energielabel': ' C ', 'Huisdieren': ' Nee '}",appartement-1989237.html
Kaiserstraat,in Leiden,14 m,,â‚¬ 319,p/m | incl. g/w/e,Kaal,30-09-2021,Gisteren geplaatst,https://kamernet.nl/huren/kamer-leiden/kaiserstraat/kamer-1989213,"{'Woonkamer': ' Gedeeld ', 'Keuken': ' Gedeeld ', 'Badkamer': ' Gedeeld ', 'Toilet': ' Gedeeld ', 'Internet': ' Ja ', 'Energielabel': ' Onbekend ', 'Huisgenoten': '  Meer dan 8 ', 'Geslacht': ' Gemengd ', 'Huisdieren': ' In overleg '}",kamer-1989213.html
Breestraat,in Koog aan de Zaan,75 m,Totaal 4 kamers (3 slaapkamers) ,â‚¬ 1500,p/m | incl. g/w/e,Gemeubileerd,10-10-2021,13 uur geleden geplaatst,https://kamernet.nl/huren/appartement-koog-aan-de-zaan/breestraat/appartement-1987730,"{'Woonkamer': ' Eigen ', 'Keuken': ' Eigen ', 'Badkamer': ' Eigen ', 'Toilet': ' Eigen ', 'Internet': ' Ja ', 'Energielabel': ' Onbekend ', 'Huisdieren': ' In overleg '}",appartement-1987730.html
Adriaan Mulderstraat,in Utrecht,26 m,Totale oppervlakte: 70 m 2,â‚¬ 700,p/m | incl. g/w/e,Kaal,01-10-2021,13 uur geleden geplaatst,https://kamernet.nl/huren/kamer-utrecht/adriaan-mulderstraat/kamer-1989242,"{'Woonkamer': ' Geen ', 'Keuken': ' Gedeeld ', 'Badkamer': ' Gedeeld ', 'Toilet': ' Gedeeld ', 'Internet': ' Ja ', 'Energielabel': ' Onbekend ', 'Huisgenoten': '  1 ', 'Geslacht': ' Vrouw ', 'Huisdieren': ' In overleg '}",kamer-1989242.html
Franselaan,in Rotterdam,96 m,Totaal 7 kamers (3 slaapkamers) ,â‚¬ 1650,p/m | excl. g/w/e,Gemeubileerd,20-09-2021 tot 20-09-2023,Gisteren geplaatst,https://kamernet.nl/huren/appartement-rotterdam/franselaan/appartement-1989191,"{'Woonkamer': ' Gedeeld ', 'Keuken': ' Gedeeld ', 'Badkamer': ' Gedeeld ', 'Toilet': ' Gedeeld ', 'Internet': ' Ja ', 'Energielabel': ' C ', 'Huisdieren': ' Nee '}",appartement-1989191.html
Simonsstraat,in Delft,16 m,,â‚¬ 310,p/m | incl. g/w/e,Gemeubileerd,20-09-2021,9 uur geleden geplaatst,https://kamernet.nl/huren/kamer-delft/simonsstraat/kamer-1989307,"{'Woonkamer': ' Gedeeld ', 'Keuken': ' Gedeeld ', 'Badkamer': ' Gedeeld ', 'Toilet': ' Gedeeld ', 'Internet': ' Ja ', 'Energielabel': ' Onbekend ', 'Huisgenoten': '  Onbekend  ', 'Geslacht': ' Onbekend ', 'Huisdieren': ' Nee '}",kamer-1989307.html
De Fruittuinen,in Hoofddorp,35 m,,â‚¬ 700,p/m | excl. g/w/e,Gemeubileerd,01-11-2021,Gisteren geplaatst,https://kamernet.nl/huren/kamer-hoofddorp/de-fruittuinen/kamer-1989194,"{'Woonkamer': ' Gedeeld ', 'Keuken': ' Gedeeld ', 'Badkamer': ' Gedeeld ', 'Toilet': ' Gedeeld ', 'Internet': ' Ja ', 'Energielabel': ' Onbekend ', 'Huisgenoten': '  3 ', 'Geslacht': ' Onbekend ', 'Huisdieren': ' Nee '}",kamer-1989194.html
Wandelpad,in Hilversum,15 m,,â‚¬ 695,p/m | incl. g/w/e,Gestoffeerd,01-10-2021 tot 01-10-2022,2 dagen geleden geplaatst,https://kamernet.nl/huren/studio-hilversum/wandelpad/studio-1989143,"{'Woonkamer': ' Eigen ', 'Keuken': ' Eigen ', 'Badkamer': ' Eigen ', 'Toilet': ' Eigen ', 'Internet': ' Ja ', 'Energielabel': ' Onbekend ', 'Huisdieren': ' Nee '}",studio-1989143.html
Erich Salomonstraat,in Amsterdam,90 m,,â‚¬ 1400,p/m | incl. g/w/e,Gemeubileerd,01-10-2021 tot 06-11-2021,1 week geleden geplaatst,https://kamernet.nl/huren/kamer-amsterdam/erich-salomonstraat/kamer-1987781,"{'Woonkamer': ' Gedeeld ', 'Keuken': ' Gedeeld ', 'Badkamer': ' Gedeeld ', 'Toilet': ' Gedeeld ', 'Internet': ' Ja ', 'Energielabel': ' Onbekend ', 'Huisgenoten': '  1 ', 'Geslacht': ' Onbekend ', 'Huisdieren': ' Nee '}",kamer-1987781.html
Bonaventurastraat,in Rotterdam,20 m,Totaal 1 kamer (1 slaapkamer) ,â‚¬ 670,p/m | incl. g/w/e,Gestoffeerd,01-10-2021,4 uur geleden geplaatst,https://kamernet.nl/huren/studio-rotterdam/bonaventurastraat/studio-1989541,"{'Woonkamer': ' Eigen ', 'Keuken': ' Eigen ', 'Badkamer': ' Eigen ', 'Toilet': ' Eigen ', 'Internet': ' Ja ', 'Energielabel': ' Onbekend ', 'Huisdieren': ' Nee '}",studio-1989541.html
Arthur van Schendelplein,in Delft,11 m,Totale oppervlakte: 60 m 2,â‚¬ 380,p/m | incl. g/w/e,Gemeubileerd,01-10-2021,8 uur geleden geplaatst,https://kamernet.nl/huren/kamer-delft/arthur-van-schendelplein/kamer-1989510,"{'Woonkamer': ' Gedeeld ', 'Keuken': ' Gedeeld ', 'Badkamer': ' Gedeeld ', 'Toilet': ' Gedeeld ', 'Internet': ' Onbekend ', 'Energielabel': ' Onbekend ', 'Huisgenoten': '  2 ', 'Geslacht': ' Man ', 'Huisdieren': ' Nee '}",kamer-1989510.html
Willemsweg,in Nijmegen,26 m,Totaal 2 kamers (1 slaapkamer) ,â‚¬ 750,p/m | incl. g/w/e,Gestoffeerd,17-10-2021,12 uur geleden geplaatst,https://kamernet.nl/huren/studio-nijmegen/willemsweg/studio-1989442,"{'Woonkamer': ' Eigen ', 'Keuken': ' Eigen ', 'Badkamer': ' Eigen ', 'Toilet': ' Eigen ', 'Internet': ' Ja ', 'Energielabel': ' D ', 'Huisdieren': ' In overleg '}",studio-1989442.html
Bovenbuurtweg,in Ede,29 m,Totale oppervlakte: 15 m 2,â‚¬ 450,p/m | incl. g/w/e,Gestoffeerd,01-10-2021,15 uur geleden geplaatst,https://kamernet.nl/huren/kamer-ede/bovenbuurtweg/kamer-1989416,"{'Woonkamer': ' Onbekend ', 'Keuken': ' Onbekend ', 'Badkamer': ' Onbekend ', 'Toilet': ' Onbekend ', 'Internet': ' Onbekend ', 'Energielabel': ' Onbekend ', 'Huisgenoten': '  Onbekend  ', 'Geslacht': ' Onbekend ', 'Huisdieren': ' Nee '}",kamer-1989416.html
Mgr. Hoogveldplein,in Utrecht,77 m,,â‚¬ 700,p/m | excl. g/w/e,Gestoffeerd,15-10-2021,14 uur geleden geplaatst,https://kamernet.nl/huren/appartement-utrecht/mgr.-hoogveldplein/appartement-1989373,"{'Woonkamer': ' Gedeeld ', 'Keuken': ' Gedeeld ', 'Badkamer': ' Gedeeld ', 'Toilet': ' Gedeeld ', 'Internet': ' Ja ', 'Energielabel': ' A ', 'Huisdieren': ' In overleg '}",appartement-1989373.html
Ruys de Beerenbroucklaan,in Heerlen,40 m,Totaal 1 kamer (1 slaapkamer) ,â‚¬ 625,p/m | incl. g/w/e,Gestoffeerd,19-09-2021,14 uur geleden geplaatst,https://kamernet.nl/huren/studio-heerlen/ruys-de-beerenbroucklaan/studio-1989372,"{'Woonkamer': ' Eigen ', 'Keuken': ' Eigen ', 'Badkamer': ' Eigen ', 'Toilet': ' Eigen ', 'Internet': ' Ja ', 'Energielabel': ' Onbekend ', 'Huisdieren': ' In overleg '}",studio-1989372.html
Hendrik Hosstraat,in Amsterdam,18 m,,â‚¬ 750,p/m | incl. g/w/e,Gemeubileerd,29-09-2021 tot 15-01-2022,14 uur geleden geplaatst,https://kamernet.nl/huren/kamer-amsterdam/hendrik-hosstraat/kamer-1989377,"{'Woonkamer': ' Gedeeld ', 'Keuken': ' Gedeeld ', 'Badkamer': ' Gedeeld ', 'Toilet': ' Gedeeld ', 'Internet': ' Ja ', 'Energielabel': ' Onbekend ', 'Huisgenoten': '  2 ', 'Geslacht': ' Gemengd ', 'Huisdieren': ' Nee '}",kamer-1989377.html
1e Middellandstraat,in Rotterdam,50 m,Totaal 2 kamers (1 slaapkamer) ,â‚¬ 1200,p/m | incl. g/w/e,Gemeubileerd,19-09-2021,14 uur geleden geplaatst,https://kamernet.nl/huren/studio-rotterdam/1e-middellandstraat/studio-1989382,"{'Woonkamer': ' Eigen ', 'Keuken': ' Eigen ', 'Badkamer': ' Eigen ', 'Toilet': ' Eigen ', 'Internet': ' Ja ', 'Energielabel': ' Onbekend ', 'Huisdieren': ' In overleg '}",studio-1989382.html
Hildebranddreef,in Utrecht,15 m,,â‚¬ 500,p/m | incl. g/w/e,Gestoffeerd,24-08-2021,14 uur geleden geplaatst,https://kamernet.nl/huren/kamer-utrecht/hildebranddreef/kamer-1989387,"{'Woonkamer': ' Geen ', 'Keuken': ' Gedeeld ', 'Badkamer': ' Gedeeld ', 'Toilet': ' Gedeeld ', 'Internet': ' Ja ', 'Energielabel': ' Onbekend ', 'Huisgenoten': '  1 ', 'Geslacht': ' Onbekend ', 'Huisdieren': ' Nee '}",kamer-1989387.html
Korte Vleerstraat,in Den Haag,20 m,Totale oppervlakte: 100 m 2,â‚¬ 350,p/m | incl. g/w/e,Kaal,03-10-2021,14 uur geleden geplaatst,https://kamernet.nl/huren/kamer-den-haag/korte-vleerstraat/kamer-1989386,"{'Woonkamer': ' Gedeeld ', 'Keuken': ' Gedeeld ', 'Badkamer': ' Gedeeld ', 'Toilet': ' Gedeeld ', 'Internet': ' Ja ', 'Energielabel': ' Onbekend ', 'Huisgenoten': '  Meer dan 8 ', 'Geslacht': ' Gemengd ', 'Huisdieren': ' Nee '}",kamer-1989386.html
Rietlandpark,in Amsterdam,8 m,Totale oppervlakte: 70 m 2,â‚¬ 583,p/m | excl. g/w/e,Gemeubileerd,01-10-2021,14 uur geleden geplaatst,https://kamernet.nl/huren/kamer-amsterdam/rietlandpark/kamer-1989271,"{'Woonkamer': ' Gedeeld ', 'Keuken': ' Gedeeld ', 'Badkamer': ' Gedeeld ', 'Toilet': ' Gedeeld ', 'Internet': ' Onbekend ', 'Energielabel': ' Onbekend ', 'Huisgenoten': '  2 ', 'Geslacht': ' Vrouw ', 'Huisdieren': ' In overleg '}",kamer-1989271.html
Korreweg,in Groningen,14 m,,â‚¬ 385,p/m | incl. g/w/e,Kaal,01-10-2021,14 uur geleden geplaatst,https://kamernet.nl/huren/kamer-groningen/korreweg/kamer-1989411,"{'Woonkamer': ' Eigen ', 'Keuken': ' Gedeeld ', 'Badkamer': ' Gedeeld ', 'Toilet': ' Gedeeld ', 'Internet': ' Ja ', 'Energielabel': ' C ', 'Huisgenoten': '  3 ', 'Geslacht': ' Gemengd ', 'Huisdieren': ' Nee '}",kamer-1989411.html
Fitterstraat,in Leiden,8 m,,â‚¬ 445,p/m | incl. g/w/e,Gestoffeerd,17-10-2021,10 uur geleden geplaatst,https://kamernet.nl/huren/kamer-leiden/fitterstraat/kamer-1989452,"{'Woonkamer': ' Gedeeld ', 'Keuken': ' Gedeeld ', 'Badkamer': ' Gedeeld ', 'Toilet': ' Gedeeld ', 'Internet': ' Ja ', 'Energielabel': ' Onbekend ', 'Huisgenoten': '  3 ', 'Geslacht': ' Vrouw ', 'Huisdieren': ' Nee '}",kamer-1989452.html
Turennestraat,in Maastricht,55 m,Totaal 2 kamers,â‚¬ 925,p/m | incl. g/w/e,Kaal,21-09-2021,15 uur geleden geplaatst,https://kamernet.nl/huren/appartement-maastricht/turennestraat/appartement-1989415,"{'Woonkamer': ' Onbekend ', 'Keuken': ' Onbekend ', 'Badkamer': ' Onbekend ', 'Toilet': ' Onbekend ', 'Internet': ' Ja ', 'Energielabel': ' Onbekend ', 'Huisdieren': ' Nee '}",appartement-1989415.html
Ringbaan-Oost,in Tilburg,30 m,Totaal 1 kamer (1 slaapkamer) ,â‚¬ 675,p/m | incl. g/w/e,Kaal,15-10-2021,9 uur geleden geplaatst,https://kamernet.nl/huren/studio-tilburg/ringbaan-oost/studio-1989486,"{'Woonkamer': ' Eigen ', 'Keuken': ' Eigen ', 'Badkamer': ' Eigen ', 'Toilet': ' Eigen ', 'Internet': ' Nee ', 'Energielabel': ' Onbekend ', 'Huisdieren': ' Nee '}",studio-1989486.html
Coehoornsingel,in Groningen,11 m,,â‚¬ 385,p/m | incl. g/w/e,Gestoffeerd,01-10-2021,9 uur geleden geplaatst,https://kamernet.nl/huren/kamer-groningen/coehoornsingel/kamer-1989460,"{'Woonkamer': ' Gedeeld ', 'Keuken': ' Gedeeld ', 'Badkamer': ' Gedeeld ', 'Toilet': ' Gedeeld ', 'Internet': ' Ja ', 'Energielabel': ' Onbekend ', 'Huisgenoten': '  2 ', 'Geslacht': ' Man ', 'Huisdieren': ' Nee '}",kamer-1989460.html
Aegidiusstraat,in Rotterdam,20 m,Totale oppervlakte: 160 m 2,â‚¬ 330,p/m | excl. g/w/e,Gemeubileerd,01-10-2021 tot 01-01-2022,14 uur geleden geplaatst,https://kamernet.nl/huren/kamer-rotterdam/aegidiusstraat/kamer-1989400,"{'Woonkamer': ' Gedeeld ', 'Keuken': ' Gedeeld ', 'Badkamer': ' Gedeeld ', 'Toilet': ' Gedeeld ', 'Internet': ' Ja ', 'Energielabel': ' Onbekend ', 'Huisgenoten': '  4  ', 'Geslacht': ' Man ', 'Huisdieren': ' Ja '}",kamer-1989400.html
Mijnsherenlaan,in Rotterdam,26 m,,â‚¬ 675,p/m | incl. g/w/e,Gemeubileerd,22-09-2021,9 uur geleden geplaatst,https://kamernet.nl/huren/kamer-rotterdam/mijnsherenlaan/kamer-1989478,"{'Woonkamer': ' Geen ', 'Keuken': ' Gedeeld ', 'Badkamer': ' Gedeeld ', 'Toilet': ' Gedeeld ', 'Internet': ' Ja ', 'Energielabel': ' Onbekend ', 'Huisgenoten': '  4  ', 'Geslacht': ' Onbekend ', 'Huisdieren': ' Nee '}",kamer-1989478.html
Telingstraat,in Utrecht,55 m,Totaal 2 kamers (1 slaapkamer) ,â‚¬ 1250,p/m | incl. g/w/e,Gestoffeerd,01-12-2021,9 uur geleden geplaatst,https://kamernet.nl/huren/appartement-utrecht/telingstraat/appartement-1988594,"{'Woonkamer': ' Eigen ', 'Keuken': ' Eigen ', 'Badkamer': ' Eigen ', 'Toilet': ' Eigen ', 'Internet': ' Ja ', 'Energielabel': ' C ', 'Huisdieren': ' Nee '}",appartement-1988594.html
Hondsdrafstraat,in Arnhem,12 m,Totale oppervlakte: 85 m 2,â‚¬ 450,p/m | incl. g/w/e,Gemeubileerd,25-09-2021,9 uur geleden geplaatst,https://kamernet.nl/huren/kamer-arnhem/hondsdrafstraat/kamer-1989492,"{'Woonkamer': ' Gedeeld ', 'Keuken': ' Gedeeld ', 'Badkamer': ' Gedeeld ', 'Toilet': ' Gedeeld ', 'Internet': ' Ja ', 'Energielabel': ' Onbekend ', 'Huisgenoten': '  3 ', 'Geslacht': ' Gemengd ', 'Huisdieren': ' Nee '}",kamer-1989492.html
Campuslaan,in Enschede,13 m,,â‚¬ 275,p/m | incl. g/w/e,Kaal,24-10-2021,9 uur geleden geplaatst,https://kamernet.nl/huren/kamer-enschede/campuslaan/kamer-1989500,"{'Woonkamer': ' Gedeeld ', 'Keuken': ' Gedeeld ', 'Badkamer': ' Gedeeld ', 'Toilet': ' Gedeeld ', 'Internet': ' Ja ', 'Energielabel': ' Onbekend ', 'Huisgenoten': '  Meer dan 8 ', 'Geslacht': ' Gemengd ', 'Huisdieren': ' Nee '}",kamer-1989500.html
Beukenweg,in Onstwedde,25 m,Totale oppervlakte: 45 m 2,â‚¬ 350,p/m | excl. g/w/e,Gemeubileerd,01-10-2021 tot 01-07-2022,9 uur geleden geplaatst,https://kamernet.nl/huren/kamer-onstwedde/beukenweg/kamer-1989504,"{'Woonkamer': ' Eigen ', 'Keuken': ' Gedeeld ', 'Badkamer': ' Gedeeld ', 'Toilet': ' Gedeeld ', 'Internet': ' Ja ', 'Energielabel': ' G ', 'Huisgenoten': '  Onbekend  ', 'Geslacht': ' Onbekend ', 'Huisdieren': ' Nee '}",kamer-1989504.html
Alblasstraat,in Amsterdam,12 m,Totale oppervlakte: 52 m 2,â‚¬ 800,p/m | incl. g/w/e,Gemeubileerd,04-10-2021,9 uur geleden geplaatst,https://kamernet.nl/huren/kamer-amsterdam/alblasstraat/kamer-1988611,"{'Woonkamer': ' Gedeeld ', 'Keuken': ' Gedeeld ', 'Badkamer': ' Gedeeld ', 'Toilet': ' Gedeeld ', 'Internet': ' Ja ', 'Energielabel': ' D ', 'Huisgenoten': '  1 ', 'Geslacht': ' Gemengd ', 'Huisdieren': ' Nee '}",kamer-1988611.html
Lindenlaan,in Huizen,43 m,Totaal 2 kamers (1 slaapkamer) ,â‚¬ 845,p/m | incl. g/w/e,Kaal,20-09-2021,14 uur geleden geplaatst,https://kamernet.nl/huren/appartement-huizen/lindenlaan/appartement-1989421,"{'Woonkamer': ' Eigen ', 'Keuken': ' Eigen ', 'Badkamer': ' Eigen ', 'Toilet': ' Eigen ', 'Internet': ' Nee ', 'Energielabel': ' Onbekend ', 'Huisdieren': ' Nee '}",appartement-1989421.html
Lange Voorhout,in Den Haag,16 m,Totale oppervlakte: 146 m 2,â‚¬ 600,p/m | incl. g/w/e,Kaal,01-10-2021 tot 31-12-2021,14 uur geleden geplaatst,https://kamernet.nl/huren/kamer-den-haag/lange-voorhout/kamer-1989344,"{'Woonkamer': ' Gedeeld ', 'Keuken': ' Gedeeld ', 'Badkamer': ' Gedeeld ', 'Toilet': ' Gedeeld ', 'Internet': ' Ja ', 'Energielabel': ' Onbekend ', 'Huisgenoten': '  Onbekend  ', 'Geslacht': ' Onbekend ', 'Huisdieren': ' Nee '}",kamer-1989344.html
Spittaalstraat,in Zutphen,16 m,,â‚¬ 380,p/m | incl. g/w/e,Gestoffeerd,01-10-2021,14 uur geleden geplaatst,https://kamernet.nl/huren/kamer-zutphen/spittaalstraat/kamer-1989425,"{'Woonkamer': ' Geen ', 'Keuken': ' Gedeeld ', 'Badkamer': ' Gedeeld ', 'Toilet': ' Gedeeld ', 'Internet': ' Ja ', 'Energielabel': ' Onbekend ', 'Huisgenoten': '  4  ', 'Geslacht': ' Gemengd ', 'Huisdieren': ' Nee '}",kamer-1989425.html
Campuslaan,in Enschede,14 m,,â‚¬ 292,p/m | incl. g/w/e,Kaal,26-09-2021,14 uur geleden geplaatst,https://kamernet.nl/huren/kamer-enschede/campuslaan/kamer-1989427,"{'Woonkamer': ' Gedeeld ', 'Keuken': ' Gedeeld ', 'Badkamer': ' Gedeeld ', 'Toilet': ' Gedeeld ', 'Internet': ' Ja ', 'Energielabel': ' Onbekend ', 'Huisgenoten': '  Meer dan 8 ', 'Geslacht': ' Gemengd ', 'Huisdieren': ' Nee '}",kamer-1989427.html
Celebesstraat,in Groningen,18 m,,â‚¬ 425,p/m | incl. g/w/e,Gestoffeerd,01-10-2021,14 uur geleden geplaatst,https://kamernet.nl/huren/kamer-groningen/celebesstraat/kamer-1989353,"{'Woonkamer': ' Geen ', 'Keuken': ' Gedeeld ', 'Badkamer': ' Gedeeld ', 'Toilet': ' Gedeeld ', 'Internet': ' Ja ', 'Energielabel': ' Onbekend ', 'Huisgenoten': '  3 ', 'Geslacht': ' Vrouw ', 'Huisdieren': ' Nee '}",kamer-1989353.html
Geerdinkhof,in Amsterdam,9 m,Totale oppervlakte: 36 m 2,â‚¬ 197,p/m | excl. g/w/e,Gemeubileerd,01-10-2021,13 uur geleden geplaatst,https://kamernet.nl/huren/kamer-amsterdam/geerdinkhof/kamer-1989430,"{'Woonkamer': ' Gedeeld ', 'Keuken': ' Gedeeld ', 'Badkamer': ' Gedeeld ', 'Toilet': ' Gedeeld ', 'Internet': ' Ja ', 'Energielabel': ' A ', 'Huisgenoten': '  1 ', 'Geslacht': ' Man ', 'Huisdieren': ' In overleg '}",kamer-1989430.html
Hermelijnvlinder,in Diemen,10 m,Totale oppervlakte: 80 m 2,â‚¬ 705,p/m | excl. g/w/e,Gestoffeerd,01-11-2021,13 uur geleden geplaatst,https://kamernet.nl/huren/kamer-diemen/hermelijnvlinder/kamer-1989423,"{'Woonkamer': ' Gedeeld ', 'Keuken': ' Gedeeld ', 'Badkamer': ' Gedeeld ', 'Toilet': ' Gedeeld ', 'Internet': ' Ja ', 'Energielabel': ' Onbekend ', 'Huisgenoten': '  1 ', 'Geslacht': ' Gemengd ', 'Huisdieren': ' Nee '}",kamer-1989423.html
Steenheuvelsestraat,in Leuth,29 m,Totale oppervlakte: 12 m 2,â‚¬ 485,p/m | incl. g/w/e,Gestoffeerd,01-10-2021,8 uur geleden geplaatst,https://kamernet.nl/huren/kamer-leuth/steenheuvelsestraat/kamer-1989507,"{'Woonkamer': ' Geen ', 'Keuken': ' Gedeeld ', 'Badkamer': ' Eigen ', 'Toilet': ' Eigen ', 'Internet': ' Ja ', 'Energielabel': ' C ', 'Huisgenoten': '  4  ', 'Geslacht': ' Gemengd ', 'Huisdieren': ' Nee '}",kamer-1989507.html
Etta Palmstraat,in Hoofddorp,30 m,Totale oppervlakte: 55 m 2,â‚¬ 850,p/m | incl. g/w/e,Gemeubileerd,14-10-2021,9 uur geleden geplaatst,https://kamernet.nl/huren/kamer-hoofddorp/etta-palmstraat/kamer-1989106,"{'Woonkamer': ' Gedeeld ', 'Keuken': ' Gedeeld ', 'Badkamer': ' Gedeeld ', 'Toilet': ' Gedeeld ', 'Internet': ' Ja ', 'Energielabel': ' C ', 'Huisgenoten': '  2 ', 'Geslacht': ' Gemengd ', 'Huisdieren': ' Nee '}",kamer-1989106.html
Bercylaan,in Amsterdam,12 m,Totale oppervlakte: 100 m 2,â‚¬ 850,p/m | incl. g/w/e,Gemeubileerd,03-10-2021,13 uur geleden geplaatst,https://kamernet.nl/huren/kamer-amsterdam/bercylaan/kamer-1989428,"{'Woonkamer': ' Gedeeld ', 'Keuken': ' Gedeeld ', 'Badkamer': ' Eigen ', 'Toilet': ' Eigen ', 'Internet': ' Ja ', 'Energielabel': ' A ', 'Huisgenoten': '  2 ', 'Geslacht': ' Gemengd ', 'Huisdieren': ' Nee '}",kamer-1989428.html
Koolstraat,in Groningen,17 m,,â‚¬ 260,p/m | excl. g/w/e,Kaal,01-11-2021,12 uur geleden geplaatst,https://kamernet.nl/huren/kamer-groningen/koolstraat/kamer-1989434,"{'Woonkamer': ' Geen ', 'Keuken': ' Eigen ', 'Badkamer': ' Gedeeld ', 'Toilet': ' Gedeeld ', 'Internet': ' Ja ', 'Energielabel': ' Onbekend ', 'Huisgenoten': '  3 ', 'Geslacht': ' Vrouw ', 'Huisdieren': ' In overleg '}",kamer-1989434.html
Riouwstraat,in Groningen,15 m,,â‚¬ 330,p/m | incl. g/w/e,Kaal,01-11-2021,12 uur geleden geplaatst,https://kamernet.nl/huren/kamer-groningen/riouwstraat/kamer-1989435,"{'Woonkamer': ' Geen ', 'Keuken': ' Gedeeld ', 'Badkamer': ' Gedeeld ', 'Toilet': ' Gedeeld ', 'Internet': ' Ja ', 'Energielabel': ' Onbekend ', 'Huisgenoten': '  Meer dan 8 ', 'Geslacht': ' Gemengd ', 'Huisdieren': ' Nee '}",kamer-1989435.html
Condensatorstraat,in Eindhoven,40 m,Totale oppervlakte: 70 m 2,â‚¬ 750,p/m | excl. g/w/e,Gemeubileerd,08-11-2021 tot 08-03-2022,12 uur geleden geplaatst,https://kamernet.nl/huren/kamer-eindhoven/condensatorstraat/kamer-1989436,"{'Woonkamer': ' Eigen ', 'Keuken': ' Gedeeld ', 'Badkamer': ' Gedeeld ', 'Toilet': ' Gedeeld ', 'Internet': ' Ja ', 'Energielabel': ' Onbekend ', 'Huisgenoten': '  1 ', 'Geslacht': ' Vrouw ', 'Huisdieren': ' Nee '}",kamer-1989436.html
Ruivenstraat,in Delft,14 m,,â‚¬ 425,p/m | incl. g/w/e,Gemeubileerd,01-10-2021 tot 01-03-2022,13 uur geleden geplaatst,https://kamernet.nl/huren/kamer-delft/ruivenstraat/kamer-1989441,"{'Woonkamer': ' Geen ', 'Keuken': ' Eigen ', 'Badkamer': ' Eigen ', 'Toilet': ' Eigen ', 'Internet': ' Ja ', 'Energielabel': ' Onbekend ', 'Huisgenoten': '  5 ', 'Geslacht': ' Man ', 'Huisdieren': ' Nee '}",kamer-1989441.html
Willemsweg,in Nijmegen,34 m,Totaal 2 kamers (1 slaapkamer) ,â‚¬ 750,p/m | incl. g/w/e,Gestoffeerd,17-10-2021,12 uur geleden geplaatst,https://kamernet.nl/huren/studio-nijmegen/willemsweg/studio-1989433,"{'Woonkamer': ' Eigen ', 'Keuken': ' Eigen ', 'Badkamer': ' Eigen ', 'Toilet': ' Eigen ', 'Internet': ' Ja ', 'Energielabel': ' C ', 'Huisdieren': ' Nee '}",studio-1989433.html
Surinameplein,in Amsterdam,10 m,Totale oppervlakte: 35 m 2,â‚¬ 550,p/m | incl. g/w/e,Kaal,01-10-2021,14 uur geleden geplaatst,https://kamernet.nl/huren/kamer-amsterdam/surinameplein/kamer-1989424,"{'Woonkamer': ' Geen ', 'Keuken': ' Gedeeld ', 'Badkamer': ' Gedeeld ', 'Toilet': ' Gedeeld ', 'Internet': ' Ja ', 'Energielabel': ' Onbekend ', 'Huisgenoten': '  3 ', 'Geslacht': ' Gemengd ', 'Huisdieren': ' Nee '}",kamer-1989424.html
Sint-Jacobsplaats,in Rotterdam,8 m,,â‚¬ 390,p/m | incl. g/w/e,Gemeubileerd,01-09-2021 tot 31-12-2021,12 uur geleden geplaatst,https://kamernet.nl/huren/kamer-rotterdam/sint-jacobsplaats/kamer-1984260,"{'Woonkamer': ' Gedeeld ', 'Keuken': ' Gedeeld ', 'Badkamer': ' Gedeeld ', 'Toilet': ' Gedeeld ', 'Internet': ' Ja ', 'Energielabel': ' Onbekend ', 'Huisgenoten': '  3 ', 'Geslacht': ' Man ', 'Huisdieren': ' Nee '}",kamer-1984260.html
Jupiterstraat,in Enschede,12 m,,â‚¬ 545,p/m | incl. g/w/e,Kaal,01-10-2021,4 uur geleden geplaatst,https://kamernet.nl/huren/kamer-enschede/jupiterstraat/kamer-1989546,"{'Woonkamer': ' Gedeeld ', 'Keuken': ' Gedeeld ', 'Badkamer': ' Gedeeld ', 'Toilet': ' Gedeeld ', 'Internet': ' Nee ', 'Energielabel': ' Onbekend ', 'Huisgenoten': '  1 ', 'Geslacht': ' Man ', 'Huisdieren': ' Nee '}",kamer-1989546.html
Jacob van Lennepstraat,in Amsterdam,45 m,Totaal 2 kamers (1 slaapkamer) ,â‚¬ 1450,p/m | incl. g/w/e,Gemeubileerd,01-10-2021 tot 01-04-2022,4 uur geleden geplaatst,https://kamernet.nl/huren/appartement-amsterdam/jacob-van-lennepstraat/appartement-1874224,"{'Woonkamer': ' Eigen ', 'Keuken': ' Eigen ', 'Badkamer': ' Eigen ', 'Toilet': ' Eigen ', 'Internet': ' Ja ', 'Energielabel': ' Onbekend ', 'Huisdieren': ' Nee '}",appartement-1874224.html
Agniesestraat,in Rotterdam,26 m,Totale oppervlakte: 110 m 2,â‚¬ 710,p/m | incl. g/w/e,Gemeubileerd,01-11-2021 tot 19-03-2022,4 uur geleden geplaatst,https://kamernet.nl/huren/kamer-rotterdam/agniesestraat/kamer-1989555,"{'Woonkamer': ' Gedeeld ', 'Keuken': ' Gedeeld ', 'Badkamer': ' Gedeeld ', 'Toilet': ' Gedeeld ', 'Internet': ' Ja ', 'Energielabel': ' Onbekend ', 'Huisgenoten': '  1 ', 'Geslacht': ' Man ', 'Huisdieren': ' Nee '}",kamer-1989555.html
Cornelis Vermuydenstraat,in Amsterdam,100 m,Totaal 4 kamers,â‚¬ 2995,p/m | excl. g/w/e,Gemeubileerd,20-09-2021,12 uur geleden geplaatst,https://kamernet.nl/huren/appartement-amsterdam/cornelis-vermuydenstraat/appartement-1989444,"{'Woonkamer': ' Onbekend ', 'Keuken': ' Onbekend ', 'Badkamer': ' Onbekend ', 'Toilet': ' Onbekend ', 'Internet': ' Onbekend ', 'Energielabel': ' Onbekend ', 'Huisdieren': ' In overleg '}",appartement-1989444.html
Theo Dobbehof,in Soest,22 m,,â‚¬ 500,p/m | incl. g/w/e,Gestoffeerd,01-10-2021 tot 01-10-2022,2 uur geleden geplaatst,https://kamernet.nl/huren/kamer-soest/theo-dobbehof/kamer-1989588,"{'Woonkamer': ' Onbekend ', 'Keuken': ' Gedeeld ', 'Badkamer': ' Gedeeld ', 'Toilet': ' Gedeeld ', 'Internet': ' Ja ', 'Energielabel': ' C ', 'Huisgenoten': '  1 ', 'Geslacht': ' Man ', 'Huisdieren': ' Nee '}",kamer-1989588.html
Sloterweg,in Badhoevedorp,45 m,,â‚¬ 1200,p/m | incl. g/w/e,Gemeubileerd,01-10-2021 tot 31-12-2021,4 uur geleden geplaatst,https://kamernet.nl/huren/studio-badhoevedorp/sloterweg/studio-1989549,"{'Woonkamer': ' Eigen ', 'Keuken': ' Eigen ', 'Badkamer': ' Eigen ', 'Toilet': ' Eigen ', 'Internet': ' Ja ', 'Energielabel': ' Onbekend ', 'Huisdieren': ' Nee '}",studio-1989549.html
Troubadourhof,in Utrecht,16 m,Totale oppervlakte: 65 m 2,â‚¬ 650,p/m | incl. g/w/e,Gemeubileerd,01-10-2021 tot 01-04-2022,8 uur geleden geplaatst,https://kamernet.nl/huren/kamer-utrecht/troubadourhof/kamer-1989513,"{'Woonkamer': ' Gedeeld ', 'Keuken': ' Gedeeld ', 'Badkamer': ' Gedeeld ', 'Toilet': ' Gedeeld ', 'Internet': ' Ja ', 'Energielabel': ' Onbekend ', 'Huisgenoten': '  1 ', 'Geslacht': ' Vrouw ', 'Huisdieren': ' Nee '}",kamer-1989513.html
Noorderstationsstraat,in Groningen,42 m,Totaal 2 kamers (1 slaapkamer) ,â‚¬ 1125,p/m | incl. g/w/e,Gestoffeerd,15-10-2021,8 uur geleden geplaatst,https://kamernet.nl/huren/appartement-groningen/noorderstationsstraat/appartement-1989036,"{'Woonkamer': ' Eigen ', 'Keuken': ' Eigen ', 'Badkamer': ' Eigen ', 'Toilet': ' Eigen ', 'Internet': ' Onbekend ', 'Energielabel': ' Onbekend ', 'Huisdieren': ' Nee '}",appartement-1989036.html
Maxwellstraat,in Amsterdam,15 m,,â‚¬ 675,p/m | incl. g/w/e,Gemeubileerd,17-09-2021 tot 15-11-2021,7 uur geleden geplaatst,https://kamernet.nl/huren/kamer-amsterdam/maxwellstraat/kamer-1989057,"{'Woonkamer': ' Geen ', 'Keuken': ' Gedeeld ', 'Badkamer': ' Gedeeld ', 'Toilet': ' Gedeeld ', 'Internet': ' Ja ', 'Energielabel': ' Onbekend ', 'Huisgenoten': '  2 ', 'Geslacht': ' Vrouw ', 'Huisdieren': ' Nee '}",kamer-1989057.html
Weversland,in Noordwijkerhout,10 m,Totale oppervlakte: 50 m 2,â‚¬ 475,p/m | excl. g/w/e,Gemeubileerd,01-10-2021,3 uur geleden geplaatst,https://kamernet.nl/huren/kamer-noordwijkerhout/weversland/kamer-1958909,"{'Woonkamer': ' Gedeeld ', 'Keuken': ' Gedeeld ', 'Badkamer': ' Gedeeld ', 'Toilet': ' Gedeeld ', 'Internet': ' Ja ', 'Energielabel': ' Onbekend ', 'Huisgenoten': '  2 ', 'Geslacht': ' Gemengd ', 'Huisdieren': ' Nee '}",kamer-1958909.html
Gorontalostraat,in Amsterdam,12 m,Totale oppervlakte: 82 m 2,â‚¬ 650,p/m | incl. g/w/e,Gemeubileerd,20-09-2021,7 uur geleden geplaatst,https://kamernet.nl/huren/kamer-amsterdam/gorontalostraat/kamer-1989535,"{'Woonkamer': ' Gedeeld ', 'Keuken': ' Gedeeld ', 'Badkamer': ' Gedeeld ', 'Toilet': ' Gedeeld ', 'Internet': ' Ja ', 'Energielabel': ' Onbekend ', 'Huisgenoten': '  2 ', 'Geslacht': ' Gemengd ', 'Huisdieren': ' Nee '}",kamer-1989535.html
Langestraat,in Tilburg,20 m,Totale oppervlakte: 25 m 2,â‚¬ 400,p/m | incl. g/w/e,Kaal,20-09-2021,7 uur geleden geplaatst,https://kamernet.nl/huren/kamer-tilburg/langestraat/kamer-1989519,"{'Woonkamer': ' Gedeeld ', 'Keuken': ' Gedeeld ', 'Badkamer': ' Gedeeld ', 'Toilet': ' Gedeeld ', 'Internet': ' Ja ', 'Energielabel': ' Onbekend ', 'Huisgenoten': '  2 ', 'Geslacht': ' Gemengd ', 'Huisdieren': ' Nee '}",kamer-1989519.html
De Heemstraat,in Den Haag,9 m,Totale oppervlakte: 90 m 2,â‚¬ 410,p/m | incl. g/w/e,Gemeubileerd,01-11-2021,1 uur geleden geplaatst,https://kamernet.nl/huren/kamer-den-haag/de-heemstraat/kamer-1989608,"{'Woonkamer': ' Gedeeld ', 'Keuken': ' Gedeeld ', 'Badkamer': ' Gedeeld ', 'Toilet': ' Gedeeld ', 'Internet': ' Ja ', 'Energielabel': ' B ', 'Huisgenoten': '  2 ', 'Geslacht': ' Gemengd ', 'Huisdieren': ' Nee '}",kamer-1989608.html
Balatonmeerlaan,in Amsterdam,20 m,Totale oppervlakte: 12 m 2,â‚¬ 675,p/m | incl. g/w/e,Gemeubileerd,01-11-2021,5 uur geleden geplaatst,https://kamernet.nl/huren/kamer-amsterdam/balatonmeerlaan/kamer-1989550,"{'Woonkamer': ' Eigen ', 'Keuken': ' Eigen ', 'Badkamer': ' Gedeeld ', 'Toilet': ' Gedeeld ', 'Internet': ' Ja ', 'Energielabel': ' Onbekend ', 'Huisgenoten': '  Onbekend  ', 'Geslacht': ' Onbekend ', 'Huisdieren': ' Nee '}",kamer-1989550.html
Vleutenseweg,in Utrecht,55 m,Totaal 2 kamers (1 slaapkamer) ,â‚¬ 1250,p/m | excl. g/w/e,Gestoffeerd,01-12-2021,5 uur geleden geplaatst,https://kamernet.nl/huren/appartement-utrecht/vleutenseweg/appartement-1989558,"{'Woonkamer': ' Eigen ', 'Keuken': ' Eigen ', 'Badkamer': ' Eigen ', 'Toilet': ' Eigen ', 'Internet': ' Ja ', 'Energielabel': ' A ', 'Huisdieren': ' Nee '}",appartement-1989558.html
Insulindestraat,in Rotterdam,18 m,,â‚¬ 475,p/m | excl. g/w/e,Gestoffeerd,30-09-2021,6 uur geleden geplaatst,https://kamernet.nl/huren/kamer-rotterdam/insulindestraat/kamer-1907504,"{'Woonkamer': ' Geen ', 'Keuken': ' Gedeeld ', 'Badkamer': ' Gedeeld ', 'Toilet': ' Gedeeld ', 'Internet': ' Ja ', 'Energielabel': ' Onbekend ', 'Huisgenoten': '  3 ', 'Geslacht': ' Onbekend ', 'Huisdieren': ' Nee '}",kamer-1907504.html
Nieuwstraat,in De Bilt,14 m,Totale oppervlakte: 20 m 2,â‚¬ 320,p/m | incl. g/w/e,Kaal,01-10-2021,4 uur geleden geplaatst,https://kamernet.nl/huren/kamer-de-bilt/nieuwstraat/kamer-1989543,"{'Woonkamer': ' Geen ', 'Keuken': ' Gedeeld ', 'Badkamer': ' Gedeeld ', 'Toilet': ' Gedeeld ', 'Internet': ' Ja ', 'Energielabel': ' Onbekend ', 'Huisgenoten': '  2 ', 'Geslacht': ' Vrouw ', 'Huisdieren': ' Nee '}",kamer-1989543.html
Trouwlaan,in Tilburg,11 m,,â‚¬ 335,p/m | excl. g/w/e,Onbekend,21-09-2021,14 uur geleden geplaatst,https://kamernet.nl/huren/kamer-tilburg/trouwlaan/kamer-1989628,"{'Woonkamer': ' Onbekend ', 'Keuken': ' Onbekend ', 'Badkamer': ' Onbekend ', 'Toilet': ' Onbekend ', 'Internet': ' Onbekend ', 'Energielabel': ' Onbekend ', 'Huisgenoten': '  Onbekend  ', 'Geslacht': ' Onbekend ', 'Huisdieren': ' Nee '}",kamer-1989628.html
Nieuwe Kerkstraat,in Rotterdam,20 m,,â‚¬ 750,p/m | excl. g/w/e,Gemeubileerd,21-09-2021,12 uur geleden geplaatst,https://kamernet.nl/huren/kamer-rotterdam/nieuwe-kerkstraat/kamer-1989625,"{'Woonkamer': ' Onbekend ', 'Keuken': ' Onbekend ', 'Badkamer': ' Onbekend ', 'Toilet': ' Onbekend ', 'Internet': ' Onbekend ', 'Energielabel': ' Onbekend ', 'Huisgenoten': '  Onbekend  ', 'Geslacht': ' Onbekend ', 'Huisdieren': ' In overleg '}",kamer-1989625.html
Abraham Kuyperlaan,in Rotterdam,31 m,Totaal 1 kamer,â‚¬ 850,p/m | excl. g/w/e,Gestoffeerd,21-09-2021,12 uur geleden geplaatst,https://kamernet.nl/huren/appartement-rotterdam/abraham-kuyperlaan/appartement-1989627,"{'Woonkamer': ' Onbekend ', 'Keuken': ' Onbekend ', 'Badkamer': ' Onbekend ', 'Toilet': ' Onbekend ', 'Internet': ' Onbekend ', 'Energielabel': ' Onbekend ', 'Huisdieren': ' In overleg '}",appartement-1989627.html
Flakkeesestraat,in Rotterdam,89 m,Totaal 2 kamers,â‚¬ 895,p/m | excl. g/w/e,Kaal,01-10-2021,12 uur geleden geplaatst,https://kamernet.nl/huren/appartement-rotterdam/flakkeesestraat/appartement-1989626,"{'Woonkamer': ' Onbekend ', 'Keuken': ' Onbekend ', 'Badkamer': ' Onbekend ', 'Toilet': ' Onbekend ', 'Internet': ' Onbekend ', 'Energielabel': ' Onbekend ', 'Huisdieren': ' In overleg '}",appartement-1989626.html
Oosterhamrikkade,in Groningen,9 m,,â‚¬ 310,p/m | excl. g/w/e,Kaal,01-10-2021,7 uur geleden geplaatst,https://kamernet.nl/huren/kamer-groningen/oosterhamrikkade/kamer-1989698,"{'Woonkamer': ' Gedeeld ', 'Keuken': ' Gedeeld ', 'Badkamer': ' Gedeeld ', 'Toilet': ' Gedeeld ', 'Internet': ' Ja ', 'Energielabel': ' Onbekend ', 'Huisgenoten': '  3 ', 'Geslacht': ' Gemengd ', 'Huisdieren': ' Nee '}",kamer-1989698.html
Kompasstraat,in Den Haag,18 m,Totale oppervlakte: 120 m 2,â‚¬ 600,p/m | incl. g/w/e,Gemeubileerd,21-09-2021,7 uur geleden geplaatst,https://kamernet.nl/huren/kamer-den-haag/kompasstraat/kamer-1989713,"{'Woonkamer': ' Geen ', 'Keuken': ' Gedeeld ', 'Badkamer': ' Gedeeld ', 'Toilet': ' Gedeeld ', 'Internet': ' Ja ', 'Energielabel': ' A ', 'Huisgenoten': '  2 ', 'Geslacht': ' Man ', 'Huisdieren': ' Nee '}",kamer-1989713.html
Ebrodreef,in Utrecht,8 m,,â‚¬ 350,p/m | incl. g/w/e,Kaal,01-10-2021,7 uur geleden geplaatst,https://kamernet.nl/huren/kamer-utrecht/ebrodreef/kamer-1989708,"{'Woonkamer': ' Geen ', 'Keuken': ' Gedeeld ', 'Badkamer': ' Gedeeld ', 'Toilet': ' Gedeeld ', 'Internet': ' Ja ', 'Energielabel': ' Onbekend ', 'Huisgenoten': '  6 ', 'Geslacht': ' Gemengd ', 'Huisdieren': ' Nee '}",kamer-1989708.html
Schans,in Breda,16 m,,â‚¬ 456,p/m | incl. g/w/e,Gemeubileerd,21-09-2021,7 uur geleden geplaatst,https://kamernet.nl/huren/kamer-breda/schans/kamer-1989714,"{'Woonkamer': ' Gedeeld ', 'Keuken': ' Gedeeld ', 'Badkamer': ' Gedeeld ', 'Toilet': ' Gedeeld ', 'Internet': ' Ja ', 'Energielabel': ' Onbekend ', 'Huisgenoten': '  2 ', 'Geslacht': ' Gemengd ', 'Huisdieren': ' Nee '}",kamer-1989714.html
Jacoba van Beierenlaan,in Delft,14 m,,â‚¬ 340,p/m | incl. g/w/e,Gemeubileerd,27-09-2021 tot 17-01-2022,8 uur geleden geplaatst,https://kamernet.nl/huren/kamer-delft/jacoba-van-beierenlaan/kamer-1989692,"{'Woonkamer': ' Gedeeld ', 'Keuken': ' Gedeeld ', 'Badkamer': ' Gedeeld ', 'Toilet': ' Gedeeld ', 'Internet': ' Onbekend ', 'Energielabel': ' Onbekend ', 'Huisgenoten': '  Meer dan 8 ', 'Geslacht': ' Gemengd ', 'Huisdieren': ' Nee '}",kamer-1989692.html
Abel Tasmanstraat,in Utrecht,18 m,,â‚¬ 400,p/m | incl. g/w/e,Gestoffeerd,01-10-2021,6 uur geleden geplaatst,https://kamernet.nl/huren/kamer-utrecht/abel-tasmanstraat/kamer-1989719,"{'Woonkamer': ' Geen ', 'Keuken': ' Gedeeld ', 'Badkamer': ' Gedeeld ', 'Toilet': ' Gedeeld ', 'Internet': ' Ja ', 'Energielabel': ' Onbekend ', 'Huisgenoten': '  2 ', 'Geslacht': ' Vrouw ', 'Huisdieren': ' Nee '}",kamer-1989719.html
Haaksbergerstraat,in Enschede,10 m,,â‚¬ 289,p/m | incl. g/w/e,Gestoffeerd,01-10-2021,6 uur geleden geplaatst,https://kamernet.nl/huren/kamer-enschede/haaksbergerstraat/kamer-1989716,"{'Woonkamer': ' Gedeeld ', 'Keuken': ' Gedeeld ', 'Badkamer': ' Gedeeld ', 'Toilet': ' Gedeeld ', 'Internet': ' Ja ', 'Energielabel': ' Onbekend ', 'Huisgenoten': '  5 ', 'Geslacht': ' Gemengd ', 'Huisdieren': ' Nee '}",kamer-1989716.html
Schoolstraat,in Zevenaar,80 m,Totaal 6 kamers (4 slaapkamers) ,â‚¬ 191,p/m | excl. g/w/e,Gestoffeerd,30-09-2021,6 uur geleden geplaatst,https://kamernet.nl/huren/anti-kraak-zevenaar/schoolstraat/anti-kraak-1989723,"{'Woonkamer': ' Eigen ', 'Keuken': ' Eigen ', 'Badkamer': ' Eigen ', 'Toilet': ' Eigen ', 'Internet': ' Nee ', 'Energielabel': ' Onbekend ', 'Huisdieren': ' Nee '}",anti-kraak-1989723.html
Jacoba van Beierenlaan,in Delft,12 m,,â‚¬ 330,p/m | incl. g/w/e,Kaal,08-10-2021,6 uur geleden geplaatst,https://kamernet.nl/huren/kamer-delft/jacoba-van-beierenlaan/kamer-1989722,"{'Woonkamer': ' Gedeeld ', 'Keuken': ' Gedeeld ', 'Badkamer': ' Gedeeld ', 'Toilet': ' Gedeeld ', 'Internet': ' Ja ', 'Energielabel': ' Onbekend ', 'Huisgenoten': '  Meer dan 8 ', 'Geslacht': ' Gemengd ', 'Huisdieren': ' Nee '}",kamer-1989722.html
Marnixstraat,in Leiden,12 m,Totale oppervlakte: 40 m 2,â‚¬ 725,p/m | incl. g/w/e,Kaal,21-09-2021 tot 01-06-2022,2 uur geleden geplaatst,https://kamernet.nl/huren/kamer-leiden/marnixstraat/kamer-1989750,"{'Woonkamer': ' Eigen ', 'Keuken': ' Gedeeld ', 'Badkamer': ' Gedeeld ', 'Toilet': ' Gedeeld ', 'Internet': ' Ja ', 'Energielabel': ' Onbekend ', 'Huisgenoten': '  2 ', 'Geslacht': ' Man ', 'Huisdieren': ' Nee '}",kamer-1989750.html
Looierstraat,in Arnhem,20 m,Totaal 1 kamer (1 slaapkamer) ,â‚¬ 590,p/m | incl. g/w/e,Gemeubileerd,21-09-2021,1 uur geleden geplaatst,https://kamernet.nl/huren/studio-arnhem/looierstraat/studio-1989766,"{'Woonkamer': ' Eigen ', 'Keuken': ' Gedeeld ', 'Badkamer': ' Eigen ', 'Toilet': ' Eigen ', 'Internet': ' Ja ', 'Energielabel': ' Onbekend ', 'Huisdieren': ' Nee '}",studio-1989766.html
Multatuliweg,in Delft,20 m,,â‚¬ 426,p/m | incl. g/w/e,Gestoffeerd,01-11-2021,2 uur geleden geplaatst,https://kamernet.nl/huren/kamer-delft/multatuliweg/kamer-1986670,"{'Woonkamer': ' Gedeeld ', 'Keuken': ' Gedeeld ', 'Badkamer': ' Gedeeld ', 'Toilet': ' Gedeeld ', 'Internet': ' Ja ', 'Energielabel': ' Onbekend ', 'Huisgenoten': '  4  ', 'Geslacht': ' Gemengd ', 'Huisdieren': ' Nee '}",kamer-1986670.html
Noordeinde,in Delft,12 m,,â‚¬ 375,p/m | incl. g/w/e,Gestoffeerd,01-10-2021 tot 31-08-2022,2 uur geleden geplaatst,https://kamernet.nl/huren/kamer-delft/noordeinde/kamer-1989740,"{'Woonkamer': ' Gedeeld ', 'Keuken': ' Gedeeld ', 'Badkamer': ' Gedeeld ', 'Toilet': ' Gedeeld ', 'Internet': ' Ja ', 'Energielabel': ' Onbekend ', 'Huisgenoten': '  Onbekend  ', 'Geslacht': ' Onbekend ', 'Huisdieren': ' Nee '}",kamer-1989740.html
Vluchtladderstraat,in Amsterdam,50 m,Totaal 2 kamers (1 slaapkamer) ,â‚¬ 1450,p/m | excl. g/w/e,Gestoffeerd,01-10-2021,1 uur geleden geplaatst,https://kamernet.nl/huren/appartement-amsterdam/vluchtladderstraat/appartement-1989760,"{'Woonkamer': ' Eigen ', 'Keuken': ' Eigen ', 'Badkamer': ' Eigen ', 'Toilet': ' Eigen ', 'Internet': ' Nee ', 'Energielabel': ' A ', 'Huisdieren': ' Nee '}",appartement-1989760.html
Poortstraat,in Haarlem,70 m,Totaal 3 kamers (2 slaapkamers) ,â‚¬ 1295,p/m | excl. g/w/e,Gestoffeerd,01-11-2021,1 uur geleden geplaatst,https://kamernet.nl/huren/appartement-haarlem/poortstraat/appartement-1989784,"{'Woonkamer': ' Eigen ', 'Keuken': ' Eigen ', 'Badkamer': ' Eigen ', 'Toilet': ' Eigen ', 'Internet': ' Ja ', 'Energielabel': ' Onbekend ', 'Huisdieren': ' Nee '}",appartement-1989784.html
Liviuslaan,in Eindhoven,15 m,,â‚¬ 410,p/m | incl. g/w/e,Gemeubileerd,01-10-2021,1 uur geleden geplaatst,https://kamernet.nl/huren/kamer-eindhoven/liviuslaan/kamer-1989788,"{'Woonkamer': ' Geen ', 'Keuken': ' Gedeeld ', 'Badkamer': ' Gedeeld ', 'Toilet': ' Gedeeld ', 'Internet': ' Ja ', 'Energielabel': ' Onbekend ', 'Huisgenoten': '  5 ', 'Geslacht': ' Gemengd ', 'Huisdieren': ' Nee '}",kamer-1989788.html
Van Tuyll van Serooskerkenplein,in Amsterdam,12 m,,â‚¬ 850,p/m | excl. g/w/e,Gemeubileerd,21-09-2021,1 uur geleden geplaatst,https://kamernet.nl/huren/kamer-amsterdam/van-tuyll-van-serooskerkenplein/kamer-1989759,"{'Woonkamer': ' Gedeeld ', 'Keuken': ' Gedeeld ', 'Badkamer': ' Gedeeld ', 'Toilet': ' Gedeeld ', 'Internet': ' Ja ', 'Energielabel': ' Onbekend ', 'Huisgenoten': '  2 ', 'Geslacht': ' Man ', 'Huisdieren': ' Nee '}",kamer-1989759.html
Waterstraat,in Nijmegen,30 m,,â‚¬ 540,p/m | incl. g/w/e,Kaal,21-09-2021,1 uur geleden geplaatst,https://kamernet.nl/huren/kamer-nijmegen/waterstraat/kamer-1989785,"{'Woonkamer': ' Geen ', 'Keuken': ' Gedeeld ', 'Badkamer': ' Gedeeld ', 'Toilet': ' Gedeeld ', 'Internet': ' Ja ', 'Energielabel': ' Onbekend ', 'Huisgenoten': '  4  ', 'Geslacht': ' Man ', 'Huisdieren': ' Nee '}",kamer-1989785.html
Castorweg,in Hengelo,15 m,,â‚¬ 450,p/m | incl. g/w/e,Gestoffeerd,01-10-2021,8 uur geleden geplaatst,https://kamernet.nl/huren/kamer-hengelo/castorweg/kamer-1989690,"{'Woonkamer': ' Gedeeld ', 'Keuken': ' Gedeeld ', 'Badkamer': ' Gedeeld ', 'Toilet': ' Gedeeld ', 'Internet': ' Ja ', 'Energielabel': ' Onbekend ', 'Huisgenoten': '  2 ', 'Geslacht': ' Onbekend ', 'Huisdieren': ' Nee '}",kamer-1989690.html
Molenstraat,in Putten,68 m,Totaal 2 kamers,â‚¬ 770,p/m | excl. g/w/e,Gestoffeerd,01-10-2021,12 uur geleden geplaatst,https://kamernet.nl/huren/appartement-putten/molenstraat/appartement-1989634,"{'Woonkamer': ' Onbekend ', 'Keuken': ' Onbekend ', 'Badkamer': ' Onbekend ', 'Toilet': ' Onbekend ', 'Internet': ' Onbekend ', 'Energielabel': ' Onbekend ', 'Huisdieren': ' In overleg '}",appartement-1989634.html
Bierumpad,in Arnhem,17 m,Totale oppervlakte: 10 m 2,â‚¬ 385,p/m | incl. g/w/e,Gestoffeerd,25-09-2021,12 uur geleden geplaatst,https://kamernet.nl/huren/kamer-arnhem/bierumpad/kamer-1989624,"{'Woonkamer': ' Eigen ', 'Keuken': ' Eigen ', 'Badkamer': ' Gedeeld ', 'Toilet': ' Gedeeld ', 'Internet': ' Ja ', 'Energielabel': ' Onbekend ', 'Huisgenoten': '  2 ', 'Geslacht': ' Man ', 'Huisdieren': ' In overleg '}",kamer-1989624.html
Neeltje van Zuytbrouckhof,in Leiden,62 m,,â‚¬ 1095,p/m | excl. g/w/e,Gestoffeerd,21-09-2021,12 uur geleden geplaatst,https://kamernet.nl/huren/appartement-leiden/neeltje-van-zuytbrouckhof/appartement-1989633,"{'Woonkamer': ' Onbekend ', 'Keuken': ' Onbekend ', 'Badkamer': ' Onbekend ', 'Toilet': ' Onbekend ', 'Internet': ' Onbekend ', 'Energielabel': ' Onbekend ', 'Huisdieren': ' In overleg '}",appartement-1989633.html
Koningstraat,in Velp,65 m,Totaal 2 kamers,â‚¬ 795,p/m | excl. g/w/e,Gestoffeerd,01-11-2021,12 uur geleden geplaatst,https://kamernet.nl/huren/appartement-velp/koningstraat/appartement-1989631,"{'Woonkamer': ' Onbekend ', 'Keuken': ' Onbekend ', 'Badkamer': ' Onbekend ', 'Toilet': ' Onbekend ', 'Internet': ' Onbekend ', 'Energielabel': ' Onbekend ', 'Huisdieren': ' In overleg '}",appartement-1989631.html
Adrien Mildersstraat,in Rotterdam,15 m,Totale oppervlakte: 103 m 2,â‚¬ 417,p/m | excl. g/w/e,Kaal,01-11-2021,12 uur geleden geplaatst,https://kamernet.nl/huren/kamer-rotterdam/adrien-mildersstraat/kamer-1989645,"{'Woonkamer': ' Gedeeld ', 'Keuken': ' Gedeeld ', 'Badkamer': ' Gedeeld ', 'Toilet': ' Gedeeld ', 'Internet': ' Ja ', 'Energielabel': ' Onbekend ', 'Huisgenoten': '  2 ', 'Geslacht': ' Man ', 'Huisdieren': ' Nee '}",kamer-1989645.html
Driekoningenstraat,in Arnhem,21 m,,â‚¬ 486,p/m | incl. g/w/e,Gestoffeerd,01-10-2021,12 uur geleden geplaatst,https://kamernet.nl/huren/kamer-arnhem/driekoningenstraat/kamer-1989656,"{'Woonkamer': ' Eigen ', 'Keuken': ' Gedeeld ', 'Badkamer': ' Gedeeld ', 'Toilet': ' Gedeeld ', 'Internet': ' Ja ', 'Energielabel': ' Onbekend ', 'Huisgenoten': '  1 ', 'Geslacht': ' Gemengd ', 'Huisdieren': ' Nee '}",kamer-1989656.html
Kompasstraat,in Den Haag,9 m,Totale oppervlakte: 120 m 2,â‚¬ 400,p/m | incl. g/w/e,Gemeubileerd,21-09-2021,6 uur geleden geplaatst,https://kamernet.nl/huren/kamer-den-haag/kompasstraat/kamer-1989732,"{'Woonkamer': ' Geen ', 'Keuken': ' Gedeeld ', 'Badkamer': ' Gedeeld ', 'Toilet': ' Gedeeld ', 'Internet': ' Ja ', 'Energielabel': ' A ', 'Huisgenoten': '  2 ', 'Geslacht': ' Man ', 'Huisdieren': ' Nee '}",kamer-1989732.html
Warmoezierstraat,in Delft,16 m,,â‚¬ 415,p/m | incl. g/w/e,Gestoffeerd,18-10-2021,11 uur geleden geplaatst,https://kamernet.nl/huren/kamer-delft/warmoezierstraat/kamer-1989663,"{'Woonkamer': ' Geen ', 'Keuken': ' Gedeeld ', 'Badkamer': ' Gedeeld ', 'Toilet': ' Gedeeld ', 'Internet': ' Ja ', 'Energielabel': ' Onbekend ', 'Huisgenoten': '  3 ', 'Geslacht': ' Gemengd ', 'Huisdieren': ' Nee '}",kamer-1989663.html
Driekoningenstraat,in Arnhem,25 m,,â‚¬ 497,p/m | incl. g/w/e,Gestoffeerd,01-10-2021,12 uur geleden geplaatst,https://kamernet.nl/huren/kamer-arnhem/driekoningenstraat/kamer-1989643,"{'Woonkamer': ' Eigen ', 'Keuken': ' Gedeeld ', 'Badkamer': ' Gedeeld ', 'Toilet': ' Gedeeld ', 'Internet': ' Ja ', 'Energielabel': ' Onbekend ', 'Huisgenoten': '  1 ', 'Geslacht': ' Gemengd ', 'Huisdieren': ' Nee '}",kamer-1989643.html
Hoendiep,in Groningen,70 m,Totaal 3 kamers (2 slaapkamers) ,â‚¬ 900,p/m | incl. g/w/e,Gestoffeerd,01-10-2021,12 uur geleden geplaatst,https://kamernet.nl/huren/appartement-groningen/hoendiep/appartement-1989654,"{'Woonkamer': ' Eigen ', 'Keuken': ' Eigen ', 'Badkamer': ' Eigen ', 'Toilet': ' Eigen ', 'Internet': ' Ja ', 'Energielabel': ' B ', 'Huisdieren': ' Nee '}",appartement-1989654.html
Krakelingweg,in Zeist,21 m,Totaal 2 kamers (1 slaapkamer) ,â‚¬ 735,p/m | incl. g/w/e,Kaal,01-10-2021,11 uur geleden geplaatst,https://kamernet.nl/huren/studio-zeist/krakelingweg/studio-1989658,"{'Woonkamer': ' Eigen ', 'Keuken': ' Eigen ', 'Badkamer': ' Eigen ', 'Toilet': ' Eigen ', 'Internet': ' Ja ', 'Energielabel': ' Onbekend ', 'Huisdieren': ' Nee '}",studio-1989658.html
Tempeliersstraat,in Haarlem,25 m,,â‚¬ 695,p/m | incl. g/w/e,Gestoffeerd,01-11-2021,9 uur geleden geplaatst,https://kamernet.nl/huren/kamer-haarlem/tempeliersstraat/kamer-1989668,"{'Woonkamer': ' Eigen ', 'Keuken': ' Gedeeld ', 'Badkamer': ' Gedeeld ', 'Toilet': ' Gedeeld ', 'Internet': ' Ja ', 'Energielabel': ' Onbekend ', 'Huisgenoten': '  2 ', 'Geslacht': ' Gemengd ', 'Huisdieren': ' Nee '}",kamer-1989668.html
Willem Lorestraat,in Leeuwarden,16 m,,â‚¬ 400,p/m | incl. g/w/e,Gestoffeerd,01-11-2021,8 uur geleden geplaatst,https://kamernet.nl/huren/kamer-leeuwarden/willem-lorestraat/kamer-1989683,"{'Woonkamer': ' Eigen ', 'Keuken': ' Eigen ', 'Badkamer': ' Gedeeld ', 'Toilet': ' Gedeeld ', 'Internet': ' Ja ', 'Energielabel': ' Onbekend ', 'Huisgenoten': '  Meer dan 8 ', 'Geslacht': ' Gemengd ', 'Huisdieren': ' Nee '}",kamer-1989683.html
Johan de Wittlaan,in Arnhem,35 m,,â‚¬ 445,p/m | incl. g/w/e,Gestoffeerd,01-10-2021,8 uur geleden geplaatst,https://kamernet.nl/huren/kamer-arnhem/johan-de-wittlaan/kamer-1989687,"{'Woonkamer': ' Eigen ', 'Keuken': ' Gedeeld ', 'Badkamer': ' Gedeeld ', 'Toilet': ' Gedeeld ', 'Internet': ' Ja ', 'Energielabel': ' Onbekend ', 'Huisgenoten': '  3 ', 'Geslacht': ' Gemengd ', 'Huisdieren': ' Nee '}",kamer-1989687.html
Hendrik Tollensstraat,in Delft,12 m,Totale oppervlakte: 30 m 2,â‚¬ 340,p/m | incl. g/w/e,Gemeubileerd,10-10-2021 tot 11-12-2021,13 uur geleden geplaatst,https://kamernet.nl/huren/kamer-delft/hendrik-tollensstraat/kamer-1989639,"{'Woonkamer': ' Gedeeld ', 'Keuken': ' Gedeeld ', 'Badkamer': ' Gedeeld ', 'Toilet': ' Gedeeld ', 'Internet': ' Ja ', 'Energielabel': ' Onbekend ', 'Huisgenoten': '  2 ', 'Geslacht': ' Man ', 'Huisdieren': ' Nee '}",kamer-1989639.html
Johan Jongkindstraat,in Amsterdam,89 m,Totaal 3 kamers (2 slaapkamers) ,â‚¬ 1600,p/m | excl. g/w/e,Kaal,01-12-2021,8 uur geleden geplaatst,https://kamernet.nl/huren/appartement-amsterdam/johan-jongkindstraat/appartement-1989673,"{'Woonkamer': ' Eigen ', 'Keuken': ' Eigen ', 'Badkamer': ' Eigen ', 'Toilet': ' Eigen ', 'Internet': ' Nee ', 'Energielabel': ' B ', 'Huisdieren': ' Nee '}",appartement-1989673.html
Doddendaal,in Eindhoven,125 m,Totaal 3 kamers,â‚¬ 1750,p/m | excl. g/w/e,Gemeubileerd,01-10-2021,14 uur geleden geplaatst,https://kamernet.nl/huren/appartement-eindhoven/doddendaal/appartement-1989632,"{'Woonkamer': ' Onbekend ', 'Keuken': ' Onbekend ', 'Badkamer': ' Onbekend ', 'Toilet': ' Onbekend ', 'Internet': ' Onbekend ', 'Energielabel': ' Onbekend ', 'Huisdieren': ' Nee '}",appartement-1989632.html
Marius Bauerstraat,in Amsterdam,50 m,Totaal 2 kamers (1 slaapkamer) ,â‚¬ 1500,p/m | incl. g/w/e,Gemeubileerd,01-10-2021 tot 31-01-2022,12 uur geleden geplaatst,https://kamernet.nl/huren/appartement-amsterdam/marius-bauerstraat/appartement-1989589,"{'Woonkamer': ' Eigen ', 'Keuken': ' Eigen ', 'Badkamer': ' Eigen ', 'Toilet': ' Eigen ', 'Internet': ' Ja ', 'Energielabel': ' A ', 'Huisdieren': ' In overleg '}",appartement-1989589.html
Dorpstraat,in Maastricht,40 m,,â‚¬ 890,p/m | incl. g/w/e,Gemeubileerd,19-09-2021,12 uur geleden geplaatst,https://kamernet.nl/huren/studio-maastricht/dorpstraat/studio-1989595,"{'Woonkamer': ' Eigen ', 'Keuken': ' Eigen ', 'Badkamer': ' Eigen ', 'Toilet': ' Eigen ', 'Internet': ' Ja ', 'Energielabel': ' C ', 'Huisdieren': ' Nee '}",studio-1989595.html
Barnseweg,in Barneveld,16 m,Totale oppervlakte: 80 m 2,â‚¬ 525,p/m | incl. g/w/e,Gemeubileerd,20-09-2021 tot 31-08-2022,12 uur geleden geplaatst,https://kamernet.nl/huren/kamer-barneveld/barnseweg/kamer-1989605,"{'Woonkamer': ' Eigen ', 'Keuken': ' Gedeeld ', 'Badkamer': ' Gedeeld ', 'Toilet': ' Gedeeld ', 'Internet': ' Ja ', 'Energielabel': ' A ', 'Huisgenoten': '  2 ', 'Geslacht': ' Gemengd ', 'Huisdieren': ' Nee '}",kamer-1989605.html
Derde Oosterparkstraat,in Amsterdam,14 m,,â‚¬ 990,p/m | incl. g/w/e,Gemeubileerd,29-09-2021,12 uur geleden geplaatst,https://kamernet.nl/huren/kamer-amsterdam/derde-oosterparkstraat/kamer-1989616,"{'Woonkamer': ' Geen ', 'Keuken': ' Gedeeld ', 'Badkamer': ' Gedeeld ', 'Toilet': ' Gedeeld ', 'Internet': ' Ja ', 'Energielabel': ' Onbekend ', 'Huisgenoten': '  3 ', 'Geslacht': ' Man ', 'Huisdieren': ' Nee '}",kamer-1989616.html
Ruysdaelkade,in Amsterdam,24 m,Totaal 1 kamer (1 slaapkamer) ,â‚¬ 900,p/m | excl. g/w/e,Gemeubileerd,05-10-2021 tot 20-02-2022,12 uur geleden geplaatst,https://kamernet.nl/huren/studio-amsterdam/ruysdaelkade/studio-1989619,"{'Woonkamer': ' Eigen ', 'Keuken': ' Eigen ', 'Badkamer': ' Eigen ', 'Toilet': ' Eigen ', 'Internet': ' Ja ', 'Energielabel': ' Onbekend ', 'Huisdieren': ' Nee '}",studio-1989619.html
Nieuwezijds Voorburgwal,in Amsterdam,23 m,Totaal 2 kamers (1 slaapkamer) ,â‚¬ 1000,p/m | excl. g/w/e,Gemeubileerd,05-10-2021 tot 04-10-2023,12 uur geleden geplaatst,https://kamernet.nl/huren/studio-amsterdam/nieuwezijds-voorburgwal/studio-1989621,"{'Woonkamer': ' Eigen ', 'Keuken': ' Eigen ', 'Badkamer': ' Eigen ', 'Toilet': ' Eigen ', 'Internet': ' Ja ', 'Energielabel': ' Onbekend ', 'Huisdieren': ' Nee '}",studio-1989621.html
Nieuwezijds Voorburgwal,in Amsterdam,21 m,Totaal 1 kamer (1 slaapkamer) ,â‚¬ 915,p/m | excl. g/w/e,Gemeubileerd,05-10-2021 tot 04-10-2023,12 uur geleden geplaatst,https://kamernet.nl/huren/studio-amsterdam/nieuwezijds-voorburgwal/studio-1989622,"{'Woonkamer': ' Eigen ', 'Keuken': ' Eigen ', 'Badkamer': ' Eigen ', 'Toilet': ' Eigen ', 'Internet': ' Ja ', 'Energielabel': ' Onbekend ', 'Huisdieren': ' Nee '}",studio-1989622.html
Hoofdstraat,in Overdinkel,20 m,,â‚¬ 500,p/m | incl. g/w/e,Gestoffeerd,21-09-2021,8 uur geleden geplaatst,https://kamernet.nl/huren/studio-overdinkel/hoofdstraat/studio-1989681,"{'Woonkamer': ' Eigen ', 'Keuken': ' Eigen ', 'Badkamer': ' Eigen ', 'Toilet': ' Eigen ', 'Internet': ' Ja ', 'Energielabel': ' Onbekend ', 'Huisdieren': ' Nee '}",studio-1989681.html
Digna Johannaweg,in Hoogvliet Rotterdam,9 m,,â‚¬ 600,p/m | incl. g/w/e,Gemeubileerd,27-09-2021,12 uur geleden geplaatst,https://kamernet.nl/huren/kamer-hoogvliet-rotterdam/digna-johannaweg/kamer-1989618,"{'Woonkamer': ' Geen ', 'Keuken': ' Gedeeld ', 'Badkamer': ' Gedeeld ', 'Toilet': ' Gedeeld ', 'Internet': ' Ja ', 'Energielabel': ' Onbekend ', 'Huisgenoten': '  2 ', 'Geslacht': ' Gemengd ', 'Huisdieren': ' Nee '}",kamer-1989618.html
Tolstraat,in Amsterdam,38 m,Totaal 2 kamers (1 slaapkamer) ,â‚¬ 1150,p/m | excl. g/w/e,Gemeubileerd,01-10-2021 tot 31-03-2022,9 uur geleden geplaatst,https://kamernet.nl/huren/appartement-amsterdam/tolstraat/appartement-1989684,"{'Woonkamer': ' Eigen ', 'Keuken': ' Eigen ', 'Badkamer': ' Eigen ', 'Toilet': ' Eigen ', 'Internet': ' Ja ', 'Energielabel': ' B ', 'Huisdieren': ' Nee '}",appartement-1989684.html
Schipholweg,in Leiden,25 m,,â‚¬ 625,p/m | incl. g/w/e,Gestoffeerd,01-10-2021 tot 30-06-2023,8 uur geleden geplaatst,https://kamernet.nl/huren/kamer-leiden/schipholweg/kamer-1989675,"{'Woonkamer': ' Eigen ', 'Keuken': ' Gedeeld ', 'Badkamer': ' Gedeeld ', 'Toilet': ' Gedeeld ', 'Internet': ' Ja ', 'Energielabel': ' Onbekend ', 'Huisgenoten': '  Meer dan 8 ', 'Geslacht': ' Gemengd ', 'Huisdieren': ' Nee '}",kamer-1989675.html
Jozef Israelsstraat,in Groningen,24 m,Totale oppervlakte: 70 m 2,â‚¬ 330,p/m | incl. g/w/e,Gestoffeerd,27-10-2021,11 uur geleden geplaatst,https://kamernet.nl/huren/kamer-groningen/jozef-israelsstraat/kamer-1989669,"{'Woonkamer': ' Geen ', 'Keuken': ' Gedeeld ', 'Badkamer': ' Gedeeld ', 'Toilet': ' Gedeeld ', 'Internet': ' Ja ', 'Energielabel': ' Onbekend ', 'Huisgenoten': '  Onbekend  ', 'Geslacht': ' Onbekend ', 'Huisdieren': ' Nee '}",kamer-1989669.html
Van Hasseltlaan,in Delft,18 m,,â‚¬ 330,p/m | incl. g/w/e,Kaal,01-10-2021,10 uur geleden geplaatst,https://kamernet.nl/huren/kamer-delft/van-hasseltlaan/kamer-1989869,"{'Woonkamer': ' Gedeeld ', 'Keuken': ' Gedeeld ', 'Badkamer': ' Eigen ', 'Toilet': ' Eigen ', 'Internet': ' Ja ', 'Energielabel': ' Onbekend ', 'Huisgenoten': '  Meer dan 8 ', 'Geslacht': ' Gemengd ', 'Huisdieren': ' Nee '}",kamer-1989869.html
Haaksbergerstraat,in Enschede,10 m,,â‚¬ 289,p/m | incl. g/w/e,Gestoffeerd,01-10-2021,7 uur geleden geplaatst,https://kamernet.nl/huren/kamer-enschede/haaksbergerstraat/kamer-1989922,"{'Woonkamer': ' Gedeeld ', 'Keuken': ' Gedeeld ', 'Badkamer': ' Gedeeld ', 'Toilet': ' Gedeeld ', 'Internet': ' Ja ', 'Energielabel': ' Onbekend ', 'Huisgenoten': '  5 ', 'Geslacht': ' Gemengd ', 'Huisdieren': ' Nee '}",kamer-1989922.html
Abraham Kuyperlaan,in Rotterdam,21 m,Totale oppervlakte: 20 m 2,â‚¬ 750,p/m | incl. g/w/e,Gemeubileerd,01-10-2021 tot 30-09-2022,12 uur geleden geplaatst,https://kamernet.nl/huren/kamer-rotterdam/abraham-kuyperlaan/kamer-1967207,"{'Woonkamer': ' Eigen ', 'Keuken': ' Gedeeld ', 'Badkamer': ' Gedeeld ', 'Toilet': ' Gedeeld ', 'Internet': ' Ja ', 'Energielabel': ' D ', 'Huisgenoten': '  1 ', 'Geslacht': ' Man ', 'Huisdieren': ' Nee '}",kamer-1967207.html
Van Nijenrodeweg,in Amsterdam,34 m,,â‚¬ 1300,p/m | excl. g/w/e,Gemeubileerd,01-10-2021,10 uur geleden geplaatst,https://kamernet.nl/huren/appartement-amsterdam/van-nijenrodeweg/appartement-1989889,"{'Woonkamer': ' Gedeeld ', 'Keuken': ' Eigen ', 'Badkamer': ' Eigen ', 'Toilet': ' Eigen ', 'Internet': ' Ja ', 'Energielabel': ' Onbekend ', 'Huisdieren': ' Nee '}",appartement-1989889.html
Ginnekenweg,in Breda,40 m,Totaal 1 kamer (1 slaapkamer) ,â‚¬ 670,p/m | incl. g/w/e,Gestoffeerd,01-10-2021,10 uur geleden geplaatst,https://kamernet.nl/huren/studio-breda/ginnekenweg/studio-1989893,"{'Woonkamer': ' Eigen ', 'Keuken': ' Gedeeld ', 'Badkamer': ' Eigen ', 'Toilet': ' Gedeeld ', 'Internet': ' Ja ', 'Energielabel': ' Onbekend ', 'Huisdieren': ' Nee '}",studio-1989893.html
Heemlaan,in Heerhugowaard,22 m,,â‚¬ 775,p/m | incl. g/w/e,Gemeubileerd,01-10-2021,10 uur geleden geplaatst,https://kamernet.nl/huren/kamer-heerhugowaard/heemlaan/kamer-1989894,"{'Woonkamer': ' Gedeeld ', 'Keuken': ' Gedeeld ', 'Badkamer': ' Gedeeld ', 'Toilet': ' Gedeeld ', 'Internet': ' Ja ', 'Energielabel': ' Onbekend ', 'Huisgenoten': '  1 ', 'Geslacht': ' Onbekend ', 'Huisdieren': ' Nee '}",kamer-1989894.html
Volmarijnstraat,in Rotterdam,16 m,Totale oppervlakte: 50 m 2,â‚¬ 500,p/m | incl. g/w/e,Gemeubileerd,01-10-2021 tot 30-09-2022,10 uur geleden geplaatst,https://kamernet.nl/huren/kamer-rotterdam/volmarijnstraat/kamer-1989896,"{'Woonkamer': ' Gedeeld ', 'Keuken': ' Gedeeld ', 'Badkamer': ' Gedeeld ', 'Toilet': ' Gedeeld ', 'Internet': ' Ja ', 'Energielabel': ' Onbekend ', 'Huisgenoten': '  2 ', 'Geslacht': ' Man ', 'Huisdieren': ' Nee '}",kamer-1989896.html
Dr. Benthemstraat,in Enschede,150 m,Totaal 5 kamers (4 slaapkamers) ,â‚¬ 1400,p/m | excl. g/w/e,Gestoffeerd,15-10-2021,9 uur geleden geplaatst,https://kamernet.nl/huren/appartement-enschede/dr.-benthemstraat/appartement-1989522,"{'Woonkamer': ' Eigen ', 'Keuken': ' Eigen ', 'Badkamer': ' Eigen ', 'Toilet': ' Eigen ', 'Internet': ' Onbekend ', 'Energielabel': ' Onbekend ', 'Huisdieren': ' In overleg '}",appartement-1989522.html
Vrolikstraat,in Amsterdam,9 m,,â‚¬ 825,p/m | incl. g/w/e,Gemeubileerd,01-10-2021,9 uur geleden geplaatst,https://kamernet.nl/huren/kamer-amsterdam/vrolikstraat/kamer-1989901,"{'Woonkamer': ' Gedeeld ', 'Keuken': ' Gedeeld ', 'Badkamer': ' Gedeeld ', 'Toilet': ' Gedeeld ', 'Internet': ' Ja ', 'Energielabel': ' Onbekend ', 'Huisgenoten': '  1 ', 'Geslacht': ' Man ', 'Huisdieren': ' Nee '}",kamer-1989901.html
Nijmegenweg,in Almere,13 m,,â‚¬ 450,p/m | incl. g/w/e,Gestoffeerd,01-11-2021,10 uur geleden geplaatst,https://kamernet.nl/huren/kamer-almere/nijmegenweg/kamer-1989887,"{'Woonkamer': ' Gedeeld ', 'Keuken': ' Gedeeld ', 'Badkamer': ' Gedeeld ', 'Toilet': ' Gedeeld ', 'Internet': ' Ja ', 'Energielabel': ' Onbekend ', 'Huisgenoten': '  4  ', 'Geslacht': ' Gemengd ', 'Huisdieren': ' Nee '}",kamer-1989887.html
Kerkstraat,in Assen,15 m,,â‚¬ 375,p/m | incl. g/w/e,Gestoffeerd,24-09-2021,9 uur geleden geplaatst,https://kamernet.nl/huren/kamer-assen/kerkstraat/kamer-1989906,"{'Woonkamer': ' Geen ', 'Keuken': ' Gedeeld ', 'Badkamer': ' Gedeeld ', 'Toilet': ' Gedeeld ', 'Internet': ' Ja ', 'Energielabel': ' Onbekend ', 'Huisgenoten': '  4  ', 'Geslacht': ' Gemengd ', 'Huisdieren': ' Nee '}",kamer-1989906.html
Rijnstraat,in Amsterdam,7 m,,â‚¬ 610,p/m | incl. g/w/e,Gestoffeerd,01-10-2021 tot 01-11-2021,10 uur geleden geplaatst,https://kamernet.nl/huren/kamer-amsterdam/rijnstraat/kamer-1989879,"{'Woonkamer': ' Gedeeld ', 'Keuken': ' Gedeeld ', 'Badkamer': ' Gedeeld ', 'Toilet': ' Gedeeld ', 'Internet': ' Ja ', 'Energielabel': ' Onbekend ', 'Huisgenoten': '  4  ', 'Geslacht': ' Vrouw ', 'Huisdieren': ' Nee '}",kamer-1989879.html
van Hogendorplaan,in Doetinchem,38 m,Totaal 1 kamer (1 slaapkamer) ,â‚¬ 775,p/m | excl. g/w/e,Gestoffeerd,03-10-2021,8 uur geleden geplaatst,https://kamernet.nl/huren/appartement-doetinchem/van-hogendorplaan/appartement-1989917,"{'Woonkamer': ' Eigen ', 'Keuken': ' Eigen ', 'Badkamer': ' Eigen ', 'Toilet': ' Eigen ', 'Internet': ' Nee ', 'Energielabel': ' E ', 'Huisdieren': ' Nee '}",appartement-1989917.html
Rijnstraat,in Oost-Souburg,16 m,Totale oppervlakte: 108 m 2,â‚¬ 475,p/m | incl. g/w/e,Gemeubileerd,22-09-2021,9 uur geleden geplaatst,https://kamernet.nl/huren/kamer-oost-souburg/rijnstraat/kamer-1989912,"{'Woonkamer': ' Gedeeld ', 'Keuken': ' Gedeeld ', 'Badkamer': ' Gedeeld ', 'Toilet': ' Gedeeld ', 'Internet': ' Ja ', 'Energielabel': ' C ', 'Huisgenoten': '  1 ', 'Geslacht': ' Vrouw ', 'Huisdieren': ' Nee '}",kamer-1989912.html
Hogevecht,in Amsterdam,8 m,,â‚¬ 540,p/m | incl. g/w/e,Gemeubileerd,01-11-2021,10 uur geleden geplaatst,https://kamernet.nl/huren/kamer-amsterdam/hogevecht/kamer-1989885,"{'Woonkamer': ' Gedeeld ', 'Keuken': ' Gedeeld ', 'Badkamer': ' Gedeeld ', 'Toilet': ' Gedeeld ', 'Internet': ' Ja ', 'Energielabel': ' Onbekend ', 'Huisgenoten': '  4  ', 'Geslacht': ' Man ', 'Huisdieren': ' Nee '}",kamer-1989885.html
Schoenerstraat,in Tilburg,56 m,Totaal 1 kamer,â‚¬ 1200,p/m | excl. g/w/e,Gestoffeerd,22-09-2021,10 uur geleden geplaatst,https://kamernet.nl/huren/appartement-tilburg/schoenerstraat/appartement-1989827,"{'Woonkamer': ' Onbekend ', 'Keuken': ' Onbekend ', 'Badkamer': ' Onbekend ', 'Toilet': ' Onbekend ', 'Internet': ' Onbekend ', 'Energielabel': ' Onbekend ', 'Huisdieren': ' In overleg '}",appartement-1989827.html
Arent van 's Gravesandestraat,in Tilburg,125 m,Totaal 3 kamers,â‚¬ 1250,p/m | excl. g/w/e,Gestoffeerd,01-10-2021,10 uur geleden geplaatst,https://kamernet.nl/huren/appartement-tilburg/arent-van-'s-gravesandestraat/appartement-1989829,"{'Woonkamer': ' Onbekend ', 'Keuken': ' Onbekend ', 'Badkamer': ' Onbekend ', 'Toilet': ' Onbekend ', 'Internet': ' Onbekend ', 'Energielabel': ' Onbekend ', 'Huisdieren': ' In overleg '}",appartement-1989829.html
Meelstraat,in Tilburg,25 m,,â‚¬ 475,p/m | excl. g/w/e,Gestoffeerd,22-09-2021,10 uur geleden geplaatst,https://kamernet.nl/huren/kamer-tilburg/meelstraat/kamer-1989828,"{'Woonkamer': ' Onbekend ', 'Keuken': ' Onbekend ', 'Badkamer': ' Onbekend ', 'Toilet': ' Onbekend ', 'Internet': ' Onbekend ', 'Energielabel': ' Onbekend ', 'Huisgenoten': '  Onbekend  ', 'Geslacht': ' Onbekend ', 'Huisdieren': ' In overleg '}",kamer-1989828.html
Kleine Dorpsstraat,in Bergen (NH),125 m,,â‚¬ 1895,p/m | excl. g/w/e,Gestoffeerd,15-10-2021,10 uur geleden geplaatst,https://kamernet.nl/huren/appartement-bergen-(nh)/kleine-dorpsstraat/appartement-1989831,"{'Woonkamer': ' Onbekend ', 'Keuken': ' Onbekend ', 'Badkamer': ' Onbekend ', 'Toilet': ' Onbekend ', 'Internet': ' Onbekend ', 'Energielabel': ' Onbekend ', 'Huisdieren': ' In overleg '}",appartement-1989831.html
Marktstraat,in Zevenaar,75 m,,â‚¬ 985,p/m | excl. g/w/e,Gestoffeerd,01-11-2021,10 uur geleden geplaatst,https://kamernet.nl/huren/appartement-zevenaar/marktstraat/appartement-1989832,"{'Woonkamer': ' Onbekend ', 'Keuken': ' Onbekend ', 'Badkamer': ' Onbekend ', 'Toilet': ' Onbekend ', 'Internet': ' Onbekend ', 'Energielabel': ' Onbekend ', 'Huisdieren': ' In overleg '}",appartement-1989832.html
Catharijnesingel,in Utrecht,12 m,,â‚¬ 420,p/m | excl. g/w/e,Kaal,01-10-2021 tot 01-09-2022,12 uur geleden geplaatst,https://kamernet.nl/huren/kamer-utrecht/catharijnesingel/kamer-1989881,"{'Woonkamer': ' Gedeeld ', 'Keuken': ' Gedeeld ', 'Badkamer': ' Gedeeld ', 'Toilet': ' Gedeeld ', 'Internet': ' Ja ', 'Energielabel': ' Onbekend ', 'Huisgenoten': '  Meer dan 8 ', 'Geslacht': ' Vrouw ', 'Huisdieren': ' Nee '}",kamer-1989881.html
Zangvogelweg,in Amersfoort,75 m,Totaal 3 kamers,â‚¬ 1135,p/m | excl. g/w/e,Gestoffeerd,01-11-2021,10 uur geleden geplaatst,https://kamernet.nl/huren/appartement-amersfoort/zangvogelweg/appartement-1989836,"{'Woonkamer': ' Onbekend ', 'Keuken': ' Onbekend ', 'Badkamer': ' Onbekend ', 'Toilet': ' Onbekend ', 'Internet': ' Onbekend ', 'Energielabel': ' Onbekend ', 'Huisdieren': ' In overleg '}",appartement-1989836.html
Horstlindelaan,in Enschede,13 m,Totale oppervlakte: 67 m 2,â‚¬ 400,p/m | excl. g/w/e,Gestoffeerd,22-09-2021,10 uur geleden geplaatst,https://kamernet.nl/huren/kamer-enschede/horstlindelaan/kamer-1989839,"{'Woonkamer': ' Gedeeld ', 'Keuken': ' Gedeeld ', 'Badkamer': ' Gedeeld ', 'Toilet': ' Gedeeld ', 'Internet': ' Ja ', 'Energielabel': ' C ', 'Huisgenoten': '  1 ', 'Geslacht': ' Man ', 'Huisdieren': ' In overleg '}",kamer-1989839.html
Petrus Dondersstraat,in Eindhoven,18 m,,â‚¬ 440,p/m | incl. g/w/e,Gestoffeerd,01-10-2021,10 uur geleden geplaatst,https://kamernet.nl/huren/kamer-eindhoven/petrus-dondersstraat/kamer-1989840,"{'Woonkamer': ' Gedeeld ', 'Keuken': ' Gedeeld ', 'Badkamer': ' Gedeeld ', 'Toilet': ' Gedeeld ', 'Internet': ' Ja ', 'Energielabel': ' Onbekend ', 'Huisgenoten': '  5 ', 'Geslacht': ' Man ', 'Huisdieren': ' Nee '}",kamer-1989840.html
Korvelseweg,in Tilburg,34 m,Totaal 1 kamer,â‚¬ 751,p/m | excl. g/w/e,Gestoffeerd,01-01-2022,10 uur geleden geplaatst,https://kamernet.nl/huren/appartement-tilburg/korvelseweg/appartement-1989826,"{'Woonkamer': ' Onbekend ', 'Keuken': ' Onbekend ', 'Badkamer': ' Onbekend ', 'Toilet': ' Onbekend ', 'Internet': ' Onbekend ', 'Energielabel': ' Onbekend ', 'Huisdieren': ' In overleg '}",appartement-1989826.html
Laakboulevard,in Amersfoort,58 m,Totaal 2 kamers,â‚¬ 1050,p/m | excl. g/w/e,Gestoffeerd,01-11-2021,10 uur geleden geplaatst,https://kamernet.nl/huren/appartement-amersfoort/laakboulevard/appartement-1989835,"{'Woonkamer': ' Onbekend ', 'Keuken': ' Onbekend ', 'Badkamer': ' Onbekend ', 'Toilet': ' Onbekend ', 'Internet': ' Onbekend ', 'Energielabel': ' Onbekend ', 'Huisdieren': ' In overleg '}",appartement-1989835.html
Haarlemmerweg,in Amsterdam,16 m,Totale oppervlakte: 100 m 2,â‚¬ 725,p/m | incl. g/w/e,Gemeubileerd,01-10-2021 tot 29-10-2021,3 uur geleden geplaatst,https://kamernet.nl/huren/kamer-amsterdam/haarlemmerweg/kamer-1989943,"{'Woonkamer': ' Gedeeld ', 'Keuken': ' Gedeeld ', 'Badkamer': ' Gedeeld ', 'Toilet': ' Gedeeld ', 'Internet': ' Ja ', 'Energielabel': ' Onbekend ', 'Huisgenoten': '  2 ', 'Geslacht': ' Man ', 'Huisdieren': ' Nee '}",kamer-1989943.html
Zuiderkerkstraat,in Groningen,40 m,,â‚¬ 620,p/m | excl. g/w/e,Gestoffeerd,22-09-2021,3 uur geleden geplaatst,https://kamernet.nl/huren/appartement-groningen/zuiderkerkstraat/appartement-1989957,"{'Woonkamer': ' Eigen ', 'Keuken': ' Eigen ', 'Badkamer': ' Eigen ', 'Toilet': ' Eigen ', 'Internet': ' Ja ', 'Energielabel': ' Onbekend ', 'Huisdieren': ' Nee '}",appartement-1989957.html
Keizerstraat,in Den Haag,23 m,,â‚¬ 620,p/m | incl. g/w/e,Gestoffeerd,01-10-2021,2 uur geleden geplaatst,https://kamernet.nl/huren/studio-den-haag/keizerstraat/studio-1989966,"{'Woonkamer': ' Eigen ', 'Keuken': ' Eigen ', 'Badkamer': ' Gedeeld ', 'Toilet': ' Gedeeld ', 'Internet': ' Ja ', 'Energielabel': ' Onbekend ', 'Huisdieren': ' Nee '}",studio-1989966.html
Fruinplantsoen,in Utrecht,10 m,,â‚¬ 600,p/m | incl. g/w/e,Gestoffeerd,10-10-2021 tot 31-12-2021,3 uur geleden geplaatst,https://kamernet.nl/huren/kamer-utrecht/fruinplantsoen/kamer-1989961,"{'Woonkamer': ' Gedeeld ', 'Keuken': ' Gedeeld ', 'Badkamer': ' Gedeeld ', 'Toilet': ' Gedeeld ', 'Internet': ' Ja ', 'Energielabel': ' Onbekend ', 'Huisgenoten': '  2 ', 'Geslacht': ' Vrouw ', 'Huisdieren': ' Ja '}",kamer-1989961.html
Hanzestraat,in Arnhem,10 m,,â‚¬ 300,p/m | incl. g/w/e,Kaal,01-09-2021,2 uur geleden geplaatst,https://kamernet.nl/huren/kamer-arnhem/hanzestraat/kamer-1989964,"{'Woonkamer': ' Geen ', 'Keuken': ' Gedeeld ', 'Badkamer': ' Gedeeld ', 'Toilet': ' Gedeeld ', 'Internet': ' Ja ', 'Energielabel': ' Onbekend ', 'Huisgenoten': '  3 ', 'Geslacht': ' Gemengd ', 'Huisdieren': ' Nee '}",kamer-1989964.html
Kantershof,in Amsterdam,11 m,,â‚¬ 575,p/m | incl. g/w/e,Kaal,01-10-2021,10 uur geleden geplaatst,https://kamernet.nl/huren/kamer-amsterdam/kantershof/kamer-1989855,"{'Woonkamer': ' Gedeeld ', 'Keuken': ' Gedeeld ', 'Badkamer': ' Gedeeld ', 'Toilet': ' Gedeeld ', 'Internet': ' Ja ', 'Energielabel': ' Onbekend ', 'Huisgenoten': '  Onbekend  ', 'Geslacht': ' Onbekend ', 'Huisdieren': ' Nee '}",kamer-1989855.html
Burgemeester Hogguerstraat,in Amsterdam,14 m,,â‚¬ 600,p/m | incl. g/w/e,Kaal,01-10-2021,10 uur geleden geplaatst,https://kamernet.nl/huren/kamer-amsterdam/burgemeester-hogguerstraat/kamer-1989857,"{'Woonkamer': ' Gedeeld ', 'Keuken': ' Gedeeld ', 'Badkamer': ' Gedeeld ', 'Toilet': ' Gedeeld ', 'Internet': ' Nee ', 'Energielabel': ' Onbekend ', 'Huisgenoten': '  3 ', 'Geslacht': ' Onbekend ', 'Huisdieren': ' Nee '}",kamer-1989857.html
Nieuwezijds Armsteeg,in Amsterdam,55 m,,â‚¬ 1950,p/m | excl. g/w/e,Gemeubileerd,20-08-2021,10 uur geleden geplaatst,https://kamernet.nl/huren/appartement-amsterdam/nieuwezijds-armsteeg/appartement-1989858,"{'Woonkamer': ' Eigen ', 'Keuken': ' Eigen ', 'Badkamer': ' Eigen ', 'Toilet': ' Eigen ', 'Internet': ' Ja ', 'Energielabel': ' Onbekend ', 'Huisdieren': ' Nee '}",appartement-1989858.html
Eastonstraat,in Amsterdam,8 m,,â‚¬ 525,p/m | incl. g/w/e,Kaal,01-10-2021,10 uur geleden geplaatst,https://kamernet.nl/huren/kamer-amsterdam/eastonstraat/kamer-1989860,"{'Woonkamer': ' Gedeeld ', 'Keuken': ' Gedeeld ', 'Badkamer': ' Gedeeld ', 'Toilet': ' Gedeeld ', 'Internet': ' Nee ', 'Energielabel': ' Onbekend ', 'Huisgenoten': '  Onbekend  ', 'Geslacht': ' Onbekend ', 'Huisdieren': ' Nee '}",kamer-1989860.html
Van Kerckhoffstraat,in Groningen,12 m,,â‚¬ 220,p/m | excl. g/w/e,Kaal,01-11-2021,10 uur geleden geplaatst,https://kamernet.nl/huren/kamer-groningen/van-kerckhoffstraat/kamer-1989866,"{'Woonkamer': ' Geen ', 'Keuken': ' Gedeeld ', 'Badkamer': ' Gedeeld ', 'Toilet': ' Gedeeld ', 'Internet': ' Ja ', 'Energielabel': ' Onbekend ', 'Huisgenoten': '  2 ', 'Geslacht': ' Gemengd ', 'Huisdieren': ' Nee '}",kamer-1989866.html
Joost Bilhamerstraat,in Amsterdam,18 m,,â‚¬ 650,p/m | incl. g/w/e,Kaal,27-09-2021,10 uur geleden geplaatst,https://kamernet.nl/huren/kamer-amsterdam/joost-bilhamerstraat/kamer-1989859,"{'Woonkamer': ' Gedeeld ', 'Keuken': ' Gedeeld ', 'Badkamer': ' Gedeeld ', 'Toilet': ' Gedeeld ', 'Internet': ' Nee ', 'Energielabel': ' Onbekend ', 'Huisgenoten': '  4  ', 'Geslacht': ' Onbekend ', 'Huisdieren': ' Nee '}",kamer-1989859.html
Gooilandseweg,in Bussum,50 m,Totaal 2 kamers,â‚¬ 1200,p/m | excl. g/w/e,Gestoffeerd,22-09-2021,10 uur geleden geplaatst,https://kamernet.nl/huren/appartement-bussum/gooilandseweg/appartement-1989870,"{'Woonkamer': ' Onbekend ', 'Keuken': ' Onbekend ', 'Badkamer': ' Onbekend ', 'Toilet': ' Onbekend ', 'Internet': ' Onbekend ', 'Energielabel': ' Onbekend ', 'Huisdieren': ' Nee '}",appartement-1989870.html
Spinaker,in Amsterdam,75 m,Totaal 3 kamers,â‚¬ 1500,p/m | excl. g/w/e,Gemeubileerd,22-09-2021,10 uur geleden geplaatst,https://kamernet.nl/huren/appartement-amsterdam/spinaker/appartement-1989872,"{'Woonkamer': ' Onbekend ', 'Keuken': ' Onbekend ', 'Badkamer': ' Onbekend ', 'Toilet': ' Onbekend ', 'Internet': ' Onbekend ', 'Energielabel': ' Onbekend ', 'Huisdieren': ' Nee '}",appartement-1989872.html
Amstel,in Amsterdam,8 m,Totale oppervlakte: 177 m 2,â‚¬ 800,p/m | incl. g/w/e,Gemeubileerd,29-09-2021,3 uur geleden geplaatst,https://kamernet.nl/huren/kamer-amsterdam/amstel/kamer-1989936,"{'Woonkamer': ' Gedeeld ', 'Keuken': ' Gedeeld ', 'Badkamer': ' Gedeeld ', 'Toilet': ' Gedeeld ', 'Internet': ' Ja ', 'Energielabel': ' Onbekend ', 'Huisgenoten': '  2 ', 'Geslacht': ' Vrouw ', 'Huisdieren': ' Nee '}",kamer-1989936.html
Gasthuisstraat,in Haarlem,20 m,,â‚¬ 750,p/m | incl. g/w/e,Gestoffeerd,02-10-2021,10 uur geleden geplaatst,https://kamernet.nl/huren/kamer-haarlem/gasthuisstraat/kamer-1989873,"{'Woonkamer': ' Gedeeld ', 'Keuken': ' Gedeeld ', 'Badkamer': ' Gedeeld ', 'Toilet': ' Gedeeld ', 'Internet': ' Nee ', 'Energielabel': ' Onbekend ', 'Huisgenoten': '  1 ', 'Geslacht': ' Vrouw ', 'Huisdieren': ' Nee '}",kamer-1989873.html
Kleiburg,in Amsterdam,75 m,Totaal 3 kamers,â‚¬ 1400,p/m | excl. g/w/e,Gestoffeerd,30-09-2021 tot 30-09-2023,10 uur geleden geplaatst,https://kamernet.nl/huren/appartement-amsterdam/kleiburg/appartement-1989874,"{'Woonkamer': ' Onbekend ', 'Keuken': ' Onbekend ', 'Badkamer': ' Onbekend ', 'Toilet': ' Onbekend ', 'Internet': ' Onbekend ', 'Energielabel': ' Onbekend ', 'Huisdieren': ' Nee '}",appartement-1989874.html
Da Costastraat,in Amsterdam,38 m,Totaal 3 kamers (2 slaapkamers) ,â‚¬ 1250,p/m | incl. g/w/e,Gemeubileerd,23-09-2021,10 uur geleden geplaatst,https://kamernet.nl/huren/appartement-amsterdam/da-costastraat/appartement-1989854,"{'Woonkamer': ' Eigen ', 'Keuken': ' Eigen ', 'Badkamer': ' Eigen ', 'Toilet': ' Eigen ', 'Internet': ' Ja ', 'Energielabel': ' Onbekend ', 'Huisdieren': ' Nee '}",appartement-1989854.html
Sloterkade,in Amsterdam,65 m,Totaal 3 kamers,â‚¬ 1750,p/m | excl. g/w/e,Gestoffeerd,22-09-2021,10 uur geleden geplaatst,https://kamernet.nl/huren/appartement-amsterdam/sloterkade/appartement-1989875,"{'Woonkamer': ' Onbekend ', 'Keuken': ' Onbekend ', 'Badkamer': ' Onbekend ', 'Toilet': ' Onbekend ', 'Internet': ' Onbekend ', 'Energielabel': ' Onbekend ', 'Huisdieren': ' Nee '}",appartement-1989875.html
Boomgaardsstraat,in Rotterdam,75 m,Totaal 2 kamers (1 slaapkamer) ,â‚¬ 1200,p/m | incl. g/w/e,Gestoffeerd,01-11-2021 tot 01-11-2022,16 uur geleden geplaatst,https://kamernet.nl/huren/appartement-rotterdam/boomgaardsstraat/appartement-1989791,"{'Woonkamer': ' Eigen ', 'Keuken': ' Eigen ', 'Badkamer': ' Eigen ', 'Toilet': ' Eigen ', 'Internet': ' Ja ', 'Energielabel': ' A ', 'Huisdieren': ' Nee '}",appartement-1989791.html
Laan op Zuid,in Rotterdam,25 m,Totaal 1 kamer (1 slaapkamer) ,â‚¬ 750,p/m | incl. g/w/e,Gemeubileerd,01-12-2021,10 uur geleden geplaatst,https://kamernet.nl/huren/studio-rotterdam/laan-op-zuid/studio-1989861,"{'Woonkamer': ' Eigen ', 'Keuken': ' Eigen ', 'Badkamer': ' Eigen ', 'Toilet': ' Eigen ', 'Internet': ' Ja ', 'Energielabel': ' Onbekend ', 'Huisdieren': ' Nee '}",studio-1989861.html
Lange Leidsedwarsstraat,in Amsterdam,50 m,Totaal 3 kamers (2 slaapkamers) ,â‚¬ 1600,p/m | incl. g/w/e,Gemeubileerd,27-09-2021 tot 28-02-2022,7 uur geleden geplaatst,https://kamernet.nl/huren/appartement-amsterdam/lange-leidsedwarsstraat/appartement-1989925,"{'Woonkamer': ' Eigen ', 'Keuken': ' Eigen ', 'Badkamer': ' Eigen ', 'Toilet': ' Eigen ', 'Internet': ' Ja ', 'Energielabel': ' Onbekend ', 'Huisdieren': ' Nee '}",appartement-1989925.html
Aldegondestraat,in Amersfoort,15 m,Totale oppervlakte: 12 m 2,â‚¬ 400,p/m | incl. g/w/e,Kaal,01-10-2021,16 uur geleden geplaatst,https://kamernet.nl/huren/kamer-amersfoort/aldegondestraat/kamer-1989810,"{'Woonkamer': ' Geen ', 'Keuken': ' Gedeeld ', 'Badkamer': ' Gedeeld ', 'Toilet': ' Gedeeld ', 'Internet': ' Ja ', 'Energielabel': ' Onbekend ', 'Huisgenoten': '  2 ', 'Geslacht': ' Gemengd ', 'Huisdieren': ' Nee '}",kamer-1989810.html
Het Breed,in Amsterdam,29 m,,â‚¬ 1075,p/m | incl. g/w/e,Gemeubileerd,21-09-2021,16 uur geleden geplaatst,https://kamernet.nl/huren/kamer-amsterdam/het-breed/kamer-1989804,"{'Woonkamer': ' Eigen ', 'Keuken': ' Gedeeld ', 'Badkamer': ' Gedeeld ', 'Toilet': ' Gedeeld ', 'Internet': ' Ja ', 'Energielabel': ' Onbekend ', 'Huisgenoten': '  1 ', 'Geslacht': ' Man ', 'Huisdieren': ' Nee '}",kamer-1989804.html
Spaansehoekstraat,in Tilburg,20 m,,â‚¬ 695,p/m | excl. g/w/e,Onbekend,22-09-2021,15 uur geleden geplaatst,https://kamernet.nl/huren/kamer-tilburg/spaansehoekstraat/kamer-1989824,"{'Woonkamer': ' Onbekend ', 'Keuken': ' Onbekend ', 'Badkamer': ' Onbekend ', 'Toilet': ' Onbekend ', 'Internet': ' Onbekend ', 'Energielabel': ' Onbekend ', 'Huisgenoten': '  Onbekend  ', 'Geslacht': ' Onbekend ', 'Huisdieren': ' Nee '}",kamer-1989824.html
M.J. Granpre Molierestraat,in Almere,10 m,Totale oppervlakte: 20 m 2,â‚¬ 435,p/m | incl. g/w/e,Gestoffeerd,01-10-2021,15 uur geleden geplaatst,https://kamernet.nl/huren/kamer-almere/m.j.-granpre-molierestraat/kamer-1989841,"{'Woonkamer': ' Geen ', 'Keuken': ' Gedeeld ', 'Badkamer': ' Gedeeld ', 'Toilet': ' Gedeeld ', 'Internet': ' Ja ', 'Energielabel': ' Onbekend ', 'Huisgenoten': '  4  ', 'Geslacht': ' Man ', 'Huisdieren': ' Nee '}",kamer-1989841.html
Hofsingel,in Vlaardingen,20 m,,â‚¬ 450,p/m | incl. g/w/e,Gemeubileerd,21-09-2021 tot 30-04-2022,16 uur geleden geplaatst,https://kamernet.nl/huren/kamer-vlaardingen/hofsingel/kamer-1989794,"{'Woonkamer': ' Gedeeld ', 'Keuken': ' Gedeeld ', 'Badkamer': ' Gedeeld ', 'Toilet': ' Gedeeld ', 'Internet': ' Ja ', 'Energielabel': ' Onbekend ', 'Huisgenoten': '  2 ', 'Geslacht': ' Gemengd ', 'Huisdieren': ' Nee '}",kamer-1989794.html
Duifstraat,in Utrecht,16 m,Totale oppervlakte: 10 m 2,â‚¬ 555,p/m | incl. g/w/e,Gestoffeerd,01-11-2021 tot 01-03-2022,20 uur geleden geplaatst,https://kamernet.nl/huren/kamer-utrecht/duifstraat/kamer-1989814,"{'Woonkamer': ' Geen ', 'Keuken': ' Eigen ', 'Badkamer': ' Gedeeld ', 'Toilet': ' Gedeeld ', 'Internet': ' Ja ', 'Energielabel': ' Onbekend ', 'Huisgenoten': '  2 ', 'Geslacht': ' Vrouw ', 'Huisdieren': ' Nee '}",kamer-1989814.html
Zwanebloemlaan,in Amsterdam,20 m,Totale oppervlakte: 30 m 2,â‚¬ 740,p/m | incl. g/w/e,Gemeubileerd,01-11-2021,14 uur geleden geplaatst,https://kamernet.nl/huren/kamer-amsterdam/zwanebloemlaan/kamer-1989844,"{'Woonkamer': ' Eigen ', 'Keuken': ' Gedeeld ', 'Badkamer': ' Gedeeld ', 'Toilet': ' Gedeeld ', 'Internet': ' Ja ', 'Energielabel': ' A ', 'Huisgenoten': '  1 ', 'Geslacht': ' Vrouw ', 'Huisdieren': ' Nee '}",kamer-1989844.html
3e Kekerstraat,in Amsterdam,13 m,,â‚¬ 575,p/m | incl. g/w/e,Kaal,01-10-2021,10 uur geleden geplaatst,https://kamernet.nl/huren/kamer-amsterdam/3e-kekerstraat/kamer-1989856,"{'Woonkamer': ' Gedeeld ', 'Keuken': ' Gedeeld ', 'Badkamer': ' Gedeeld ', 'Toilet': ' Gedeeld ', 'Internet': ' Nee ', 'Energielabel': ' Onbekend ', 'Huisgenoten': '  5 ', 'Geslacht': ' Onbekend ', 'Huisdieren': ' Nee '}",kamer-1989856.html
Eebuurt,in Leeuwarden,21 m,,â‚¬ 395,p/m | incl. g/w/e,Gestoffeerd,01-10-2021,13 uur geleden geplaatst,https://kamernet.nl/huren/kamer-leeuwarden/eebuurt/kamer-1989865,"{'Woonkamer': ' Geen ', 'Keuken': ' Gedeeld ', 'Badkamer': ' Gedeeld ', 'Toilet': ' Gedeeld ', 'Internet': ' Nee ', 'Energielabel': ' Onbekend ', 'Huisgenoten': '  5 ', 'Geslacht': ' Gemengd ', 'Huisdieren': ' Nee '}",kamer-1989865.html
Laan van Turkenburg,in Bodegraven,22 m,,â‚¬ 565,p/m | incl. g/w/e,Gemeubileerd,26-09-2021,7 uur geleden geplaatst,https://kamernet.nl/huren/kamer-bodegraven/laan-van-turkenburg/kamer-1990070,"{'Woonkamer': ' Geen ', 'Keuken': ' Eigen ', 'Badkamer': ' Eigen ', 'Toilet': ' Eigen ', 'Internet': ' Ja ', 'Energielabel': ' B ', 'Huisgenoten': '  2 ', 'Geslacht': ' Gemengd ', 'Huisdieren': ' Nee '}",kamer-1990070.html
Aprilstraat,in Almere,18 m,,â‚¬ 469,p/m | incl. g/w/e,Gestoffeerd,01-10-2021,14 uur geleden geplaatst,https://kamernet.nl/huren/kamer-almere/aprilstraat/kamer-1989995,"{'Woonkamer': ' Geen ', 'Keuken': ' Gedeeld ', 'Badkamer': ' Gedeeld ', 'Toilet': ' Gedeeld ', 'Internet': ' Ja ', 'Energielabel': ' Onbekend ', 'Huisgenoten': '  3 ', 'Geslacht': ' Gemengd ', 'Huisdieren': ' Nee '}",kamer-1989995.html
De Bitterstraat,in Arnhem,105 m,Totaal 4 kamers,â‚¬ 895,p/m | excl. g/w/e,Gestoffeerd,01-11-2021,14 uur geleden geplaatst,https://kamernet.nl/huren/appartement-arnhem/de-bitterstraat/appartement-1989999,"{'Woonkamer': ' Onbekend ', 'Keuken': ' Onbekend ', 'Badkamer': ' Onbekend ', 'Toilet': ' Onbekend ', 'Internet': ' Onbekend ', 'Energielabel': ' Onbekend ', 'Huisdieren': ' In overleg '}",appartement-1989999.html
Heerestraat,in Leeuwarden,80 m,Totaal 3 kamers (2 slaapkamers) ,â‚¬ 752,p/m | excl. g/w/e,Gestoffeerd,01-11-2021,2 dagen geleden geplaatst,https://kamernet.nl/huren/appartement-leeuwarden/heerestraat/appartement-1989799,"{'Woonkamer': ' Eigen ', 'Keuken': ' Eigen ', 'Badkamer': ' Eigen ', 'Toilet': ' Eigen ', 'Internet': ' Ja ', 'Energielabel': ' Onbekend ', 'Huisdieren': ' Nee '}",appartement-1989799.html
Van Speijkstraat,in Den Haag,50 m,,â‚¬ 725,p/m | incl. g/w/e,Gestoffeerd,12-10-2021,16 uur geleden geplaatst,https://kamernet.nl/huren/kamer-den-haag/van-speijkstraat/kamer-1989994,"{'Woonkamer': ' Eigen ', 'Keuken': ' Eigen ', 'Badkamer': ' Gedeeld ', 'Toilet': ' Gedeeld ', 'Internet': ' Ja ', 'Energielabel': ' Onbekend ', 'Huisgenoten': '  Onbekend  ', 'Geslacht': ' Onbekend ', 'Huisdieren': ' Nee '}",kamer-1989994.html
Frans Snijderslaan,in Eindhoven,200 m,Totaal 8 kamers (4 slaapkamers) ,â‚¬ 1600,p/m | excl. g/w/e,Gemeubileerd,01-11-2021,14 uur geleden geplaatst,https://kamernet.nl/huren/appartement-eindhoven/frans-snijderslaan/appartement-1989969,"{'Woonkamer': ' Eigen ', 'Keuken': ' Eigen ', 'Badkamer': ' Eigen ', 'Toilet': ' Eigen ', 'Internet': ' Nee ', 'Energielabel': ' C ', 'Huisdieren': ' Nee '}",appartement-1989969.html
Speelveld,in Etten-Leur,12 m,,â‚¬ 345,p/m | incl. g/w/e,Gestoffeerd,01-11-2021,14 uur geleden geplaatst,https://kamernet.nl/huren/kamer-etten-leur/speelveld/kamer-1989985,"{'Woonkamer': ' Geen ', 'Keuken': ' Gedeeld ', 'Badkamer': ' Gedeeld ', 'Toilet': ' Gedeeld ', 'Internet': ' Ja ', 'Energielabel': ' Onbekend ', 'Huisgenoten': '  5 ', 'Geslacht': ' Gemengd ', 'Huisdieren': ' Nee '}",kamer-1989985.html
Leenderweg,in Eindhoven,45 m,Totaal 1 kamer,â‚¬ 775,p/m | excl. g/w/e,Gemeubileerd,01-10-2021,15 uur geleden geplaatst,https://kamernet.nl/huren/appartement-eindhoven/leenderweg/appartement-1990001,"{'Woonkamer': ' Onbekend ', 'Keuken': ' Onbekend ', 'Badkamer': ' Onbekend ', 'Toilet': ' Onbekend ', 'Internet': ' Onbekend ', 'Energielabel': ' Onbekend ', 'Huisdieren': ' Nee '}",appartement-1990001.html
Bestevaerstraat,in Amsterdam,13 m,,â‚¬ 735,p/m | excl. g/w/e,Gemeubileerd,01-10-2021,5 uur geleden geplaatst,https://kamernet.nl/huren/kamer-amsterdam/bestevaerstraat/kamer-1990095,"{'Woonkamer': ' Gedeeld ', 'Keuken': ' Gedeeld ', 'Badkamer': ' Gedeeld ', 'Toilet': ' Gedeeld ', 'Internet': ' Nee ', 'Energielabel': ' Onbekend ', 'Huisgenoten': '  3 ', 'Geslacht': ' Man ', 'Huisdieren': ' Nee '}",kamer-1990095.html
Mijnsherenlaan,in Rotterdam,14 m,Totale oppervlakte: 110 m 2,â‚¬ 665,p/m | incl. g/w/e,Gestoffeerd,30-09-2021,4 uur geleden geplaatst,https://kamernet.nl/huren/kamer-rotterdam/mijnsherenlaan/kamer-1990102,"{'Woonkamer': ' Geen ', 'Keuken': ' Gedeeld ', 'Badkamer': ' Gedeeld ', 'Toilet': ' Gedeeld ', 'Internet': ' Ja ', 'Energielabel': ' Onbekend ', 'Huisgenoten': '  2 ', 'Geslacht': ' Man ', 'Huisdieren': ' Nee '}",kamer-1990102.html
KNSM-laan,in Amsterdam,20 m,Totale oppervlakte: 100 m 2,â‚¬ 450,p/m | incl. g/w/e,Gemeubileerd,01-10-2021 tot 01-10-2022,14 uur geleden geplaatst,https://kamernet.nl/huren/kamer-amsterdam/knsm-laan/kamer-1989992,"{'Woonkamer': ' Eigen ', 'Keuken': ' Gedeeld ', 'Badkamer': ' Gedeeld ', 'Toilet': ' Gedeeld ', 'Internet': ' Ja ', 'Energielabel': ' Onbekend ', 'Huisgenoten': '  2 ', 'Geslacht': ' Gemengd ', 'Huisdieren': ' In overleg '}",kamer-1989992.html
Vechtstraat,in Amsterdam,12 m,,â‚¬ 500,p/m | incl. g/w/e,Gestoffeerd,01-10-2021,4 uur geleden geplaatst,https://kamernet.nl/huren/kamer-amsterdam/vechtstraat/kamer-1990128,"{'Woonkamer': ' Eigen ', 'Keuken': ' Eigen ', 'Badkamer': ' Gedeeld ', 'Toilet': ' Gedeeld ', 'Internet': ' Ja ', 'Energielabel': ' Onbekend ', 'Huisgenoten': '  Onbekend  ', 'Geslacht': ' Onbekend ', 'Huisdieren': ' Nee '}",kamer-1990128.html
Von Zesenstraat,in Amsterdam,13 m,Totale oppervlakte: 45 m 2,â‚¬ 700,p/m | excl. g/w/e,Gemeubileerd,01-10-2021 tot 30-09-2023,4 uur geleden geplaatst,https://kamernet.nl/huren/kamer-amsterdam/von-zesenstraat/kamer-1990109,"{'Woonkamer': ' Geen ', 'Keuken': ' Gedeeld ', 'Badkamer': ' Gedeeld ', 'Toilet': ' Gedeeld ', 'Internet': ' Ja ', 'Energielabel': ' B ', 'Huisgenoten': '  1 ', 'Geslacht': ' Man ', 'Huisdieren': ' Nee '}",kamer-1990109.html
Werner Helmichstraat,in Utrecht,7 m,Totale oppervlakte: 40 m 2,â‚¬ 350,p/m | incl. g/w/e,Kaal,01-10-2021,3 uur geleden geplaatst,https://kamernet.nl/huren/kamer-utrecht/werner-helmichstraat/kamer-1990139,"{'Woonkamer': ' Geen ', 'Keuken': ' Gedeeld ', 'Badkamer': ' Gedeeld ', 'Toilet': ' Gedeeld ', 'Internet': ' Ja ', 'Energielabel': ' Onbekend ', 'Huisgenoten': '  4  ', 'Geslacht': ' Vrouw ', 'Huisdieren': ' Nee '}",kamer-1990139.html
Mathenesserlaan,in Rotterdam,14 m,Totale oppervlakte: 66 m 2,â‚¬ 895,p/m | incl. g/w/e,Gemeubileerd,24-09-2021 tot 31-08-2022,14 uur geleden geplaatst,https://kamernet.nl/huren/kamer-rotterdam/mathenesserlaan/kamer-1989986,"{'Woonkamer': ' Gedeeld ', 'Keuken': ' Gedeeld ', 'Badkamer': ' Gedeeld ', 'Toilet': ' Gedeeld ', 'Internet': ' Ja ', 'Energielabel': ' Onbekend ', 'Huisgenoten': '  1 ', 'Geslacht': ' Man ', 'Huisdieren': ' Nee '}",kamer-1989986.html
Tolstraat,in Amsterdam,20 m,,â‚¬ 690,p/m | incl. g/w/e,Gemeubileerd,01-11-2021,14 uur geleden geplaatst,https://kamernet.nl/huren/studio-amsterdam/tolstraat/studio-1990028,"{'Woonkamer': ' Eigen ', 'Keuken': ' Eigen ', 'Badkamer': ' Eigen ', 'Toilet': ' Eigen ', 'Internet': ' Nee ', 'Energielabel': ' G ', 'Huisdieren': ' Nee '}",studio-1990028.html
Heerestraat,in Leeuwarden,80 m,Totaal 3 kamers (2 slaapkamers) ,â‚¬ 752,p/m | excl. g/w/e,Gestoffeerd,01-11-2021,14 uur geleden geplaatst,https://kamernet.nl/huren/appartement-leeuwarden/heerestraat/appartement-1989919,"{'Woonkamer': ' Eigen ', 'Keuken': ' Eigen ', 'Badkamer': ' Eigen ', 'Toilet': ' Eigen ', 'Internet': ' Ja ', 'Energielabel': ' Onbekend ', 'Huisdieren': ' Nee '}",appartement-1989919.html
Metaallaan,in Groningen,90 m,,â‚¬ 930,p/m | excl. g/w/e,Gestoffeerd,01-11-2021,13 uur geleden geplaatst,https://kamernet.nl/huren/appartement-groningen/metaallaan/appartement-1990036,"{'Woonkamer': ' Eigen ', 'Keuken': ' Eigen ', 'Badkamer': ' Eigen ', 'Toilet': ' Eigen ', 'Internet': ' Onbekend ', 'Energielabel': ' Onbekend ', 'Huisdieren': ' In overleg '}",appartement-1990036.html
Heymanslaan,in Groningen,19 m,,â‚¬ 335,p/m | incl. g/w/e,Gestoffeerd,15-10-2021,13 uur geleden geplaatst,https://kamernet.nl/huren/kamer-groningen/heymanslaan/kamer-1990037,"{'Woonkamer': ' Eigen ', 'Keuken': ' Gedeeld ', 'Badkamer': ' Gedeeld ', 'Toilet': ' Gedeeld ', 'Internet': ' Ja ', 'Energielabel': ' Onbekend ', 'Huisgenoten': '  3 ', 'Geslacht': ' Vrouw ', 'Huisdieren': ' Nee '}",kamer-1990037.html
Heymanslaan,in Groningen,17 m,,â‚¬ 320,p/m | incl. g/w/e,Gestoffeerd,15-10-2021,12 uur geleden geplaatst,https://kamernet.nl/huren/kamer-groningen/heymanslaan/kamer-1990042,"{'Woonkamer': ' Eigen ', 'Keuken': ' Gedeeld ', 'Badkamer': ' Gedeeld ', 'Toilet': ' Gedeeld ', 'Internet': ' Ja ', 'Energielabel': ' Onbekend ', 'Huisgenoten': '  3 ', 'Geslacht': ' Vrouw ', 'Huisdieren': ' Nee '}",kamer-1990042.html
Johan Wagenaarstraat,in Amersfoort,9 m,Totale oppervlakte: 15 m 2,â‚¬ 275,p/m | incl. g/w/e,Gestoffeerd,01-11-2021,12 uur geleden geplaatst,https://kamernet.nl/huren/kamer-amersfoort/johan-wagenaarstraat/kamer-1990044,"{'Woonkamer': ' Geen ', 'Keuken': ' Gedeeld ', 'Badkamer': ' Gedeeld ', 'Toilet': ' Gedeeld ', 'Internet': ' Ja ', 'Energielabel': ' B ', 'Huisgenoten': '  3 ', 'Geslacht': ' Gemengd ', 'Huisdieren': ' Nee '}",kamer-1990044.html
Koninginnelaan,in Groningen,24 m,Totaal 1 kamer,â‚¬ 775,p/m | excl. g/w/e,Gestoffeerd,30-09-2021 tot 27-02-2022,12 uur geleden geplaatst,https://kamernet.nl/huren/appartement-groningen/koninginnelaan/appartement-1990039,"{'Woonkamer': ' Onbekend ', 'Keuken': ' Onbekend ', 'Badkamer': ' Onbekend ', 'Toilet': ' Onbekend ', 'Internet': ' Onbekend ', 'Energielabel': ' Onbekend ', 'Huisdieren': ' In overleg '}",appartement-1990039.html
Ferdinand Bolstraat,in Leeuwarden,100 m,,â‚¬ 500,p/m | incl. g/w/e,Gemeubileerd,01-10-2021,14 uur geleden geplaatst,https://kamernet.nl/huren/kamer-leeuwarden/ferdinand-bolstraat/kamer-1990002,"{'Woonkamer': ' Onbekend ', 'Keuken': ' Onbekend ', 'Badkamer': ' Onbekend ', 'Toilet': ' Onbekend ', 'Internet': ' Onbekend ', 'Energielabel': ' Onbekend ', 'Huisgenoten': '  Onbekend  ', 'Geslacht': ' Onbekend ', 'Huisdieren': ' In overleg '}",kamer-1990002.html
Het Vijvertje,in Alkmaar,45 m,,â‚¬ 875,p/m | excl. g/w/e,Gestoffeerd,01-11-2021,14 uur geleden geplaatst,https://kamernet.nl/huren/appartement-alkmaar/het-vijvertje/appartement-1990003,"{'Woonkamer': ' Onbekend ', 'Keuken': ' Onbekend ', 'Badkamer': ' Onbekend ', 'Toilet': ' Onbekend ', 'Internet': ' Onbekend ', 'Energielabel': ' Onbekend ', 'Huisdieren': ' In overleg '}",appartement-1990003.html
Het Vijvertje,in Alkmaar,67 m,,â‚¬ 975,p/m | excl. g/w/e,Gestoffeerd,01-11-2021,14 uur geleden geplaatst,https://kamernet.nl/huren/appartement-alkmaar/het-vijvertje/appartement-1990004,"{'Woonkamer': ' Onbekend ', 'Keuken': ' Onbekend ', 'Badkamer': ' Onbekend ', 'Toilet': ' Onbekend ', 'Internet': ' Onbekend ', 'Energielabel': ' Onbekend ', 'Huisdieren': ' In overleg '}",appartement-1990004.html
Heinsiuslaan,in Amersfoort,21 m,Totaal 2 kamers (1 slaapkamer) ,â‚¬ 450,p/m | incl. g/w/e,Gemeubileerd,23-09-2021 tot 23-06-2022,14 uur geleden geplaatst,https://kamernet.nl/huren/studio-amersfoort/heinsiuslaan/studio-1990031,"{'Woonkamer': ' Eigen ', 'Keuken': ' Eigen ', 'Badkamer': ' Eigen ', 'Toilet': ' Eigen ', 'Internet': ' Ja ', 'Energielabel': ' Onbekend ', 'Huisdieren': ' Nee '}",studio-1990031.html
Mijnsherenlaan,in Rotterdam,26 m,,â‚¬ 675,p/m | incl. g/w/e,Gemeubileerd,26-09-2021,14 uur geleden geplaatst,https://kamernet.nl/huren/kamer-rotterdam/mijnsherenlaan/kamer-1990005,"{'Woonkamer': ' Geen ', 'Keuken': ' Gedeeld ', 'Badkamer': ' Gedeeld ', 'Toilet': ' Gedeeld ', 'Internet': ' Ja ', 'Energielabel': ' Onbekend ', 'Huisgenoten': '  4  ', 'Geslacht': ' Onbekend ', 'Huisdieren': ' Nee '}",kamer-1990005.html
Johan Wagenaarstraat,in Amersfoort,14 m,Totale oppervlakte: 20 m 2,â‚¬ 405,p/m | incl. g/w/e,Gestoffeerd,01-11-2021,12 uur geleden geplaatst,https://kamernet.nl/huren/kamer-amersfoort/johan-wagenaarstraat/kamer-1990052,"{'Woonkamer': ' Geen ', 'Keuken': ' Gedeeld ', 'Badkamer': ' Gedeeld ', 'Toilet': ' Gedeeld ', 'Internet': ' Ja ', 'Energielabel': ' B ', 'Huisgenoten': '  3 ', 'Geslacht': ' Gemengd ', 'Huisdieren': ' Nee '}",kamer-1990052.html
Hortensiastraat,in Alphen aan den Rijn,80 m,,â‚¬ 1295,p/m | excl. g/w/e,Gestoffeerd,23-09-2021,14 uur geleden geplaatst,https://kamernet.nl/huren/appartement-alphen-aan-den-rijn/hortensiastraat/appartement-1990010,"{'Woonkamer': ' Onbekend ', 'Keuken': ' Onbekend ', 'Badkamer': ' Onbekend ', 'Toilet': ' Onbekend ', 'Internet': ' Onbekend ', 'Energielabel': ' Onbekend ', 'Huisdieren': ' In overleg '}",appartement-1990010.html
Erich Salomonstraat,in Amsterdam,90 m,,â‚¬ 1400,p/m | incl. g/w/e,Gemeubileerd,01-10-2021 tot 06-11-2021,14 uur geleden geplaatst,https://kamernet.nl/huren/kamer-amsterdam/erich-salomonstraat/kamer-1990021,"{'Woonkamer': ' Gedeeld ', 'Keuken': ' Gedeeld ', 'Badkamer': ' Gedeeld ', 'Toilet': ' Gedeeld ', 'Internet': ' Ja ', 'Energielabel': ' Onbekend ', 'Huisgenoten': '  1 ', 'Geslacht': ' Man ', 'Huisdieren': ' Nee '}",kamer-1990021.html
Van Heemskerckstraat,in Amsterdam,60 m,,â‚¬ 1400,p/m | excl. g/w/e,Gestoffeerd,23-09-2021,14 uur geleden geplaatst,https://kamernet.nl/huren/appartement-amsterdam/van-heemskerckstraat/appartement-1990006,"{'Woonkamer': ' Onbekend ', 'Keuken': ' Onbekend ', 'Badkamer': ' Onbekend ', 'Toilet': ' Onbekend ', 'Internet': ' Onbekend ', 'Energielabel': ' Onbekend ', 'Huisdieren': ' In overleg '}",appartement-1990006.html
Jan Ligthartplein,in Zeist,10 m,,â‚¬ 450,p/m | incl. g/w/e,Gestoffeerd,01-10-2021,7 uur geleden geplaatst,https://kamernet.nl/huren/kamer-zeist/jan-ligthartplein/kamer-1990069,"{'Woonkamer': ' Geen ', 'Keuken': ' Gedeeld ', 'Badkamer': ' Gedeeld ', 'Toilet': ' Gedeeld ', 'Internet': ' Ja ', 'Energielabel': ' Onbekend ', 'Huisgenoten': '  6 ', 'Geslacht': ' Gemengd ', 'Huisdieren': ' Nee '}",kamer-1990069.html
Jan Ligthartplein,in Zeist,18 m,,â‚¬ 550,p/m | incl. g/w/e,Gestoffeerd,01-10-2021,7 uur geleden geplaatst,https://kamernet.nl/huren/kamer-zeist/jan-ligthartplein/kamer-1990072,"{'Woonkamer': ' Geen ', 'Keuken': ' Gedeeld ', 'Badkamer': ' Gedeeld ', 'Toilet': ' Gedeeld ', 'Internet': ' Ja ', 'Energielabel': ' Onbekend ', 'Huisgenoten': '  6 ', 'Geslacht': ' Gemengd ', 'Huisdieren': ' Nee '}",kamer-1990072.html
Balkstraat,in Utrecht,25 m,,â‚¬ 675,p/m | incl. g/w/e,Gestoffeerd,01-10-2021,7 uur geleden geplaatst,https://kamernet.nl/huren/kamer-utrecht/balkstraat/kamer-1990073,"{'Woonkamer': ' Geen ', 'Keuken': ' Gedeeld ', 'Badkamer': ' Gedeeld ', 'Toilet': ' Gedeeld ', 'Internet': ' Ja ', 'Energielabel': ' Onbekend ', 'Huisgenoten': '  4  ', 'Geslacht': ' Gemengd ', 'Huisdieren': ' Nee '}",kamer-1990073.html
Dr. Benthemstraat,in Enschede,98 m,Totaal 4 kamers (3 slaapkamers) ,â‚¬ 1225,p/m | excl. g/w/e,Gestoffeerd,01-11-2021,7 uur geleden geplaatst,https://kamernet.nl/huren/appartement-enschede/dr.-benthemstraat/appartement-1990075,"{'Woonkamer': ' Eigen ', 'Keuken': ' Eigen ', 'Badkamer': ' Eigen ', 'Toilet': ' Eigen ', 'Internet': ' Onbekend ', 'Energielabel': ' Onbekend ', 'Huisdieren': ' Nee '}",appartement-1990075.html
Noorderstationsstraat,in Groningen,62 m,Totaal 3 kamers (2 slaapkamers) ,â‚¬ 1195,p/m | incl. g/w/e,Gestoffeerd,15-10-2021,7 uur geleden geplaatst,https://kamernet.nl/huren/appartement-groningen/noorderstationsstraat/appartement-1990081,"{'Woonkamer': ' Eigen ', 'Keuken': ' Eigen ', 'Badkamer': ' Eigen ', 'Toilet': ' Eigen ', 'Internet': ' Onbekend ', 'Energielabel': ' Onbekend ', 'Huisdieren': ' In overleg '}",appartement-1990081.html
Julianaplantsoen,in Diemen,20 m,Totaal 1 kamer (1 slaapkamer) ,â‚¬ 800,p/m | incl. g/w/e,Gestoffeerd,27-09-2021,7 uur geleden geplaatst,https://kamernet.nl/huren/studio-diemen/julianaplantsoen/studio-1990060,"{'Woonkamer': ' Eigen ', 'Keuken': ' Eigen ', 'Badkamer': ' Eigen ', 'Toilet': ' Eigen ', 'Internet': ' Ja ', 'Energielabel': ' Onbekend ', 'Huisdieren': ' Nee '}",studio-1990060.html
Deurningerstraat,in Enschede,16 m,,â‚¬ 400,p/m | incl. g/w/e,Gemeubileerd,25-09-2021,7 uur geleden geplaatst,https://kamernet.nl/huren/kamer-enschede/deurningerstraat/kamer-1990088,"{'Woonkamer': ' Gedeeld ', 'Keuken': ' Gedeeld ', 'Badkamer': ' Gedeeld ', 'Toilet': ' Gedeeld ', 'Internet': ' Ja ', 'Energielabel': ' Onbekend ', 'Huisgenoten': '  1 ', 'Geslacht': ' Man ', 'Huisdieren': ' Nee '}",kamer-1990088.html
Teteringsedijk,in Breda,23 m,,â‚¬ 695,p/m | incl. g/w/e,Gestoffeerd,01-11-2021,7 uur geleden geplaatst,https://kamernet.nl/huren/appartement-breda/teteringsedijk/appartement-1990093,"{'Woonkamer': ' Geen ', 'Keuken': ' Eigen ', 'Badkamer': ' Eigen ', 'Toilet': ' Eigen ', 'Internet': ' Nee ', 'Energielabel': ' Onbekend ', 'Huisdieren': ' Nee '}",appartement-1990093.html
Herfstpark,in Nieuw-Vennep,29 m,Totaal 1 kamer (1 slaapkamer) ,â‚¬ 825,p/m | incl. g/w/e,Gemeubileerd,01-10-2021 tot 30-09-2022,6 uur geleden geplaatst,https://kamernet.nl/huren/studio-nieuw-vennep/herfstpark/studio-1990105,"{'Woonkamer': ' Eigen ', 'Keuken': ' Eigen ', 'Badkamer': ' Eigen ', 'Toilet': ' Eigen ', 'Internet': ' Ja ', 'Energielabel': ' Onbekend ', 'Huisdieren': ' Nee '}",studio-1990105.html
Huygensstraat,in Hilversum,40 m,Totaal 2 kamers,â‚¬ 825,p/m | excl. g/w/e,Gestoffeerd,23-09-2021,12 uur geleden geplaatst,https://kamernet.nl/huren/appartement-hilversum/huygensstraat/appartement-1990040,"{'Woonkamer': ' Onbekend ', 'Keuken': ' Onbekend ', 'Badkamer': ' Onbekend ', 'Toilet': ' Onbekend ', 'Internet': ' Onbekend ', 'Energielabel': ' Onbekend ', 'Huisdieren': ' In overleg '}",appartement-1990040.html
Laan van Nieuw-Oost-Indie,in Den Haag,60 m,Totaal 2 kamers (1 slaapkamer) ,â‚¬ 945,p/m | excl. g/w/e,Gestoffeerd,01-12-2021,7 uur geleden geplaatst,https://kamernet.nl/huren/appartement-den-haag/laan-van-nieuw-oost-indie/appartement-1990063,"{'Woonkamer': ' Eigen ', 'Keuken': ' Eigen ', 'Badkamer': ' Eigen ', 'Toilet': ' Eigen ', 'Internet': ' Ja ', 'Energielabel': ' B ', 'Huisdieren': ' Nee '}",appartement-1990063.html
Singel,in Schiedam,14 m,,â‚¬ 600,p/m | incl. g/w/e,Gestoffeerd,23-09-2021,11 uur geleden geplaatst,https://kamernet.nl/huren/kamer-schiedam/singel/kamer-1990055,"{'Woonkamer': ' Gedeeld ', 'Keuken': ' Gedeeld ', 'Badkamer': ' Gedeeld ', 'Toilet': ' Gedeeld ', 'Internet': ' Ja ', 'Energielabel': ' Onbekend ', 'Huisgenoten': '  1 ', 'Geslacht': ' Man ', 'Huisdieren': ' Nee '}",kamer-1990055.html
Wagenweg,in Haarlem,50 m,Totaal 2 kamers (1 slaapkamer) ,â‚¬ 975,p/m | excl. g/w/e,Gestoffeerd,01-10-2021,11 uur geleden geplaatst,https://kamernet.nl/huren/appartement-haarlem/wagenweg/appartement-1990061,"{'Woonkamer': ' Eigen ', 'Keuken': ' Eigen ', 'Badkamer': ' Eigen ', 'Toilet': ' Eigen ', 'Internet': ' Onbekend ', 'Energielabel': ' Onbekend ', 'Huisdieren': ' In overleg '}",appartement-1990061.html
Noordeinde,in Delft,12 m,,â‚¬ 375,p/m | incl. g/w/e,Gestoffeerd,01-10-2021 tot 31-08-2022,1 uur geleden geplaatst,https://kamernet.nl/huren/kamer-delft/noordeinde/kamer-1990157,"{'Woonkamer': ' Gedeeld ', 'Keuken': ' Gedeeld ', 'Badkamer': ' Gedeeld ', 'Toilet': ' Gedeeld ', 'Internet': ' Ja ', 'Energielabel': ' Onbekend ', 'Huisgenoten': '  Onbekend  ', 'Geslacht': ' Onbekend ', 'Huisdieren': ' Nee '}",kamer-1990157.html
Wijenburglaan,in Arnhem,20 m,Totale oppervlakte: 40 m 2,â‚¬ 475,p/m | incl. g/w/e,Kaal,30-09-2021,9 uur geleden geplaatst,https://kamernet.nl/huren/kamer-arnhem/wijenburglaan/kamer-1990085,"{'Woonkamer': ' Geen ', 'Keuken': ' Gedeeld ', 'Badkamer': ' Gedeeld ', 'Toilet': ' Gedeeld ', 'Internet': ' Ja ', 'Energielabel': ' Onbekend ', 'Huisgenoten': '  3 ', 'Geslacht': ' Gemengd ', 'Huisdieren': ' Nee '}",kamer-1990085.html
Andries Copierstraat,in Amsterdam,25 m,,â‚¬ 850,p/m | incl. g/w/e,Gemeubileerd,27-09-2021 tot 31-08-2022,8 uur geleden geplaatst,https://kamernet.nl/huren/studio-amsterdam/andries-copierstraat/studio-1990094,"{'Woonkamer': ' Eigen ', 'Keuken': ' Eigen ', 'Badkamer': ' Eigen ', 'Toilet': ' Eigen ', 'Internet': ' Ja ', 'Energielabel': ' Onbekend ', 'Huisdieren': ' Nee '}",studio-1990094.html
Florijn,in Zaandam,12 m,Totale oppervlakte: 70 m 2,â‚¬ 550,p/m | incl. g/w/e,Kaal,03-10-2021,11 uur geleden geplaatst,https://kamernet.nl/huren/kamer-zaandam/florijn/kamer-1990045,"{'Woonkamer': ' Gedeeld ', 'Keuken': ' Gedeeld ', 'Badkamer': ' Gedeeld ', 'Toilet': ' Gedeeld ', 'Internet': ' Ja ', 'Energielabel': ' Onbekend ', 'Huisgenoten': '  1 ', 'Geslacht': ' Man ', 'Huisdieren': ' Nee '}",kamer-1990045.html
Ertskade,in Amsterdam,10 m,Totale oppervlakte: 75 m 2,â‚¬ 800,p/m | incl. g/w/e,Kaal,29-09-2021,11 uur geleden geplaatst,https://kamernet.nl/huren/kamer-amsterdam/ertskade/kamer-1990053,"{'Woonkamer': ' Gedeeld ', 'Keuken': ' Gedeeld ', 'Badkamer': ' Gedeeld ', 'Toilet': ' Gedeeld ', 'Internet': ' Ja ', 'Energielabel': ' A ', 'Huisgenoten': '  1 ', 'Geslacht': ' Vrouw ', 'Huisdieren': ' Nee '}",kamer-1990053.html
Wagenweg,in Haarlem,35 m,Totaal 1 kamer (1 slaapkamer) ,â‚¬ 760,p/m | excl. g/w/e,Gestoffeerd,01-10-2021,7 uur geleden geplaatst,https://kamernet.nl/huren/studio-haarlem/wagenweg/studio-1990062,"{'Woonkamer': ' Eigen ', 'Keuken': ' Eigen ', 'Badkamer': ' Eigen ', 'Toilet': ' Eigen ', 'Internet': ' Onbekend ', 'Energielabel': ' Onbekend ', 'Huisdieren': ' In overleg '}",studio-1990062.html
Abraham Tuschinskistraat,in Rotterdam,97 m,Totaal 3 kamers (1 slaapkamer) ,â‚¬ 1500,p/m | incl. g/w/e,Gemeubileerd,01-10-2021 tot 01-01-2022,7 uur geleden geplaatst,https://kamernet.nl/huren/appartement-rotterdam/abraham-tuschinskistraat/appartement-1990064,"{'Woonkamer': ' Eigen ', 'Keuken': ' Eigen ', 'Badkamer': ' Eigen ', 'Toilet': ' Eigen ', 'Internet': ' Ja ', 'Energielabel': ' A ', 'Huisdieren': ' In overleg '}",appartement-1990064.html
Vrouwjuttenland,in Delft,17 m,Totale oppervlakte: 35 m 2,â‚¬ 420,p/m | excl. g/w/e,Gemeubileerd,23-09-2021 tot 31-01-2022,7 uur geleden geplaatst,https://kamernet.nl/huren/kamer-delft/vrouwjuttenland/kamer-1990097,"{'Woonkamer': ' Gedeeld ', 'Keuken': ' Gedeeld ', 'Badkamer': ' Gedeeld ', 'Toilet': ' Gedeeld ', 'Internet': ' Ja ', 'Energielabel': ' Onbekend ', 'Huisgenoten': '  3 ', 'Geslacht': ' Man ', 'Huisdieren': ' Nee '}",kamer-1990097.html
Stadionweg,in Amsterdam,9 m,,â‚¬ 750,p/m | incl. g/w/e,Gemeubileerd,01-10-2021 tot 01-04-2022,4 uur geleden geplaatst,https://kamernet.nl/huren/kamer-amsterdam/stadionweg/kamer-1990111,"{'Woonkamer': ' Geen ', 'Keuken': ' Gedeeld ', 'Badkamer': ' Gedeeld ', 'Toilet': ' Gedeeld ', 'Internet': ' Ja ', 'Energielabel': ' Onbekend ', 'Huisgenoten': '  1 ', 'Geslacht': ' Vrouw ', 'Huisdieren': ' Nee '}",kamer-1990111.html
Zwaanshals,in Rotterdam,110 m,Totaal 3 kamers (2 slaapkamers) ,â‚¬ 1190,p/m | excl. g/w/e,Gestoffeerd,01-10-2021,11 uur geleden geplaatst,https://kamernet.nl/huren/appartement-rotterdam/zwaanshals/appartement-1990058,"{'Woonkamer': ' Eigen ', 'Keuken': ' Eigen ', 'Badkamer': ' Eigen ', 'Toilet': ' Eigen ', 'Internet': ' Ja ', 'Energielabel': ' Onbekend ', 'Huisdieren': ' In overleg '}",appartement-1990058.html
Dahliastraat,in Rotterdam,13 m,,â‚¬ 550,p/m | incl. g/w/e,Gemeubileerd,01-11-2021,14 uur geleden geplaatst,https://kamernet.nl/huren/kamer-rotterdam/dahliastraat/kamer-1989968,"{'Woonkamer': ' Gedeeld ', 'Keuken': ' Gedeeld ', 'Badkamer': ' Gedeeld ', 'Toilet': ' Gedeeld ', 'Internet': ' Ja ', 'Energielabel': ' Onbekend ', 'Huisgenoten': '  2 ', 'Geslacht': ' Vrouw ', 'Huisdieren': ' Nee '}",kamer-1989968.html
Luzacstraat,in Rotterdam,24 m,Totale oppervlakte: 30 m 2,â‚¬ 700,p/m | incl. g/w/e,Gestoffeerd,01-10-2021 tot 01-10-2022,23 uur geleden geplaatst,https://kamernet.nl/huren/kamer-rotterdam/luzacstraat/kamer-1990289,"{'Woonkamer': ' Gedeeld ', 'Keuken': ' Gedeeld ', 'Badkamer': ' Gedeeld ', 'Toilet': ' Gedeeld ', 'Internet': ' Ja ', 'Energielabel': ' Onbekend ', 'Huisgenoten': '  1 ', 'Geslacht': ' Vrouw ', 'Huisdieren': ' Nee '}",kamer-1990289.html
Domselaerstraat,in Amsterdam,8 m,,â‚¬ 350,p/m | incl. g/w/e,Gemeubileerd,30-09-2021,Gisteren geplaatst,https://kamernet.nl/huren/kamer-amsterdam/domselaerstraat/kamer-1990339,"{'Woonkamer': ' Gedeeld ', 'Keuken': ' Gedeeld ', 'Badkamer': ' Gedeeld ', 'Toilet': ' Gedeeld ', 'Internet': ' Ja ', 'Energielabel': ' Onbekend ', 'Huisgenoten': '  2 ', 'Geslacht': ' Gemengd ', 'Huisdieren': ' Nee '}",kamer-1990339.html
Domselaerstraat,in Amsterdam,14 m,,â‚¬ 750,p/m | incl. g/w/e,Gemeubileerd,30-09-2021,Gisteren geplaatst,https://kamernet.nl/huren/kamer-amsterdam/domselaerstraat/kamer-1990337,"{'Woonkamer': ' Gedeeld ', 'Keuken': ' Gedeeld ', 'Badkamer': ' Gedeeld ', 'Toilet': ' Gedeeld ', 'Internet': ' Ja ', 'Energielabel': ' Onbekend ', 'Huisgenoten': '  1 ', 'Geslacht': ' Man ', 'Huisdieren': ' Nee '}",kamer-1990337.html
Domselaerstraat,in Amsterdam,10 m,,â‚¬ 650,p/m | incl. g/w/e,Gemeubileerd,30-09-2021,Gisteren geplaatst,https://kamernet.nl/huren/kamer-amsterdam/domselaerstraat/kamer-1990336,"{'Woonkamer': ' Gedeeld ', 'Keuken': ' Gedeeld ', 'Badkamer': ' Gedeeld ', 'Toilet': ' Gedeeld ', 'Internet': ' Ja ', 'Energielabel': ' Onbekend ', 'Huisgenoten': '  Onbekend  ', 'Geslacht': ' Onbekend ', 'Huisdieren': ' Nee '}",kamer-1990336.html
Langestraat,in Hilversum,20 m,,â‚¬ 550,p/m | incl. g/w/e,Gestoffeerd,01-11-2021,2 dagen geleden geplaatst,https://kamernet.nl/huren/kamer-hilversum/langestraat/kamer-1990319,"{'Woonkamer': ' Geen ', 'Keuken': ' Gedeeld ', 'Badkamer': ' Gedeeld ', 'Toilet': ' Gedeeld ', 'Internet': ' Ja ', 'Energielabel': ' Onbekend ', 'Huisgenoten': '  2 ', 'Geslacht': ' Man ', 'Huisdieren': ' Nee '}",kamer-1990319.html
Haagweg,in Breda,12 m,,â‚¬ 350,p/m | incl. g/w/e,Kaal,01-11-2021,2 dagen geleden geplaatst,https://kamernet.nl/huren/kamer-breda/haagweg/kamer-1990321,"{'Woonkamer': ' Geen ', 'Keuken': ' Gedeeld ', 'Badkamer': ' Gedeeld ', 'Toilet': ' Gedeeld ', 'Internet': ' Ja ', 'Energielabel': ' Onbekend ', 'Huisgenoten': '  4  ', 'Geslacht': ' Man ', 'Huisdieren': ' Nee '}",kamer-1990321.html
Lutmastraat,in Amsterdam,18 m,,â‚¬ 850,p/m | incl. g/w/e,Kaal,04-10-2021 tot 31-12-2022,2 dagen geleden geplaatst,https://kamernet.nl/huren/kamer-amsterdam/lutmastraat/kamer-1990329,"{'Woonkamer': ' Eigen ', 'Keuken': ' Gedeeld ', 'Badkamer': ' Gedeeld ', 'Toilet': ' Gedeeld ', 'Internet': ' Nee ', 'Energielabel': ' Onbekend ', 'Huisgenoten': '  1 ', 'Geslacht': ' Man ', 'Huisdieren': ' Nee '}",kamer-1990329.html
Pluympot,in Delft,14 m,,â‚¬ 400,p/m | excl. g/w/e,Kaal,03-10-2021,2 dagen geleden geplaatst,https://kamernet.nl/huren/kamer-delft/pluympot/kamer-1990340,"{'Woonkamer': ' Gedeeld ', 'Keuken': ' Gedeeld ', 'Badkamer': ' Gedeeld ', 'Toilet': ' Gedeeld ', 'Internet': ' Nee ', 'Energielabel': ' Onbekend ', 'Huisgenoten': '  2 ', 'Geslacht': ' Man ', 'Huisdieren': ' Nee '}",kamer-1990340.html
Torenvalklaan,in Den Haag,48 m,Totale oppervlakte: 100 m 2,â‚¬ 1050,p/m | incl. g/w/e,Gemeubileerd,01-10-2021,2 dagen geleden geplaatst,https://kamernet.nl/huren/kamer-den-haag/torenvalklaan/kamer-1990350,"{'Woonkamer': ' Gedeeld ', 'Keuken': ' Gedeeld ', 'Badkamer': ' Gedeeld ', 'Toilet': ' Gedeeld ', 'Internet': ' Ja ', 'Energielabel': ' Onbekend ', 'Huisgenoten': '  2 ', 'Geslacht': ' Man ', 'Huisdieren': ' Nee '}",kamer-1990350.html
Vriendenlaan,in Rotterdam,42 m,Totaal 4 kamers,â‚¬ 1395,p/m | excl. g/w/e,Gemeubileerd,01-10-2022,Gisteren geplaatst,https://kamernet.nl/huren/appartement-rotterdam/vriendenlaan/appartement-1990369,"{'Woonkamer': ' Eigen ', 'Keuken': ' Eigen ', 'Badkamer': ' Eigen ', 'Toilet': ' Eigen ', 'Internet': ' Onbekend ', 'Energielabel': ' Onbekend ', 'Huisdieren': ' Nee '}",appartement-1990369.html
Herculesstraat,in IJmuiden,12 m,Totale oppervlakte: 32 m 2,â‚¬ 400,p/m | incl. g/w/e,Gemeubileerd,25-09-2021,Gisteren geplaatst,https://kamernet.nl/huren/kamer-ijmuiden/herculesstraat/kamer-1990370,"{'Woonkamer': ' Geen ', 'Keuken': ' Gedeeld ', 'Badkamer': ' Gedeeld ', 'Toilet': ' Gedeeld ', 'Internet': ' Ja ', 'Energielabel': ' Onbekend ', 'Huisgenoten': '  1 ', 'Geslacht': ' Man ', 'Huisdieren': ' In overleg '}",kamer-1990370.html
Gerard Doustraat,in Amsterdam,100 m,Totaal 2 kamers (1 slaapkamer) ,â‚¬ 1100,p/m | incl. g/w/e,Gemeubileerd,01-10-2021 tot 31-12-2021,Gisteren geplaatst,https://kamernet.nl/huren/appartement-amsterdam/gerard-doustraat/appartement-1990342,"{'Woonkamer': ' Eigen ', 'Keuken': ' Eigen ', 'Badkamer': ' Eigen ', 'Toilet': ' Eigen ', 'Internet': ' Onbekend ', 'Energielabel': ' Onbekend ', 'Huisdieren': ' In overleg '}",appartement-1990342.html
Grote Visserijstraat,in Rotterdam,17 m,,â‚¬ 550,p/m | incl. g/w/e,Gestoffeerd,01-10-2021,2 dagen geleden geplaatst,https://kamernet.nl/huren/appartement-rotterdam/grote-visserijstraat/appartement-1990173,"{'Woonkamer': ' Eigen ', 'Keuken': ' Eigen ', 'Badkamer': ' Eigen ', 'Toilet': ' Eigen ', 'Internet': ' Ja ', 'Energielabel': ' Onbekend ', 'Huisdieren': ' Nee '}",appartement-1990173.html
Stroeslaan,in Hilversum,12 m,,â‚¬ 375,p/m | incl. g/w/e,Gestoffeerd,01-10-2021 tot 01-10-2022,Gisteren geplaatst,https://kamernet.nl/huren/kamer-hilversum/stroeslaan/kamer-1990371,"{'Woonkamer': ' Gedeeld ', 'Keuken': ' Gedeeld ', 'Badkamer': ' Gedeeld ', 'Toilet': ' Gedeeld ', 'Internet': ' Ja ', 'Energielabel': ' Onbekend ', 'Huisgenoten': '  7 ', 'Geslacht': ' Gemengd ', 'Huisdieren': ' Nee '}",kamer-1990371.html
Moergestelseweg,in Oisterwijk,85 m,Totaal 2 kamers,â‚¬ 115,p/m | excl. g/w/e,Kaal,24-09-2021,2 dagen geleden geplaatst,https://kamernet.nl/huren/appartement-oisterwijk/moergestelseweg/appartement-1990181,"{'Woonkamer': ' Onbekend ', 'Keuken': ' Onbekend ', 'Badkamer': ' Onbekend ', 'Toilet': ' Onbekend ', 'Internet': ' Onbekend ', 'Energielabel': ' Onbekend ', 'Huisdieren': ' Nee '}",appartement-1990181.html
Predikantslaantje,in Oegstgeest,60 m,,â‚¬ 1195,p/m | excl. g/w/e,Gemeubileerd,24-09-2021,2 dagen geleden geplaatst,https://kamernet.nl/huren/appartement-oegstgeest/predikantslaantje/appartement-1990184,"{'Woonkamer': ' Onbekend ', 'Keuken': ' Onbekend ', 'Badkamer': ' Onbekend ', 'Toilet': ' Onbekend ', 'Internet': ' Onbekend ', 'Energielabel': ' Onbekend ', 'Huisdieren': ' Nee '}",appartement-1990184.html
Urkgracht,in Amersfoort,92 m,Totaal 4 kamers,â‚¬ 1250,p/m | excl. g/w/e,Gestoffeerd,01-11-2021,2 dagen geleden geplaatst,https://kamernet.nl/huren/appartement-amersfoort/urkgracht/appartement-1990186,"{'Woonkamer': ' Onbekend ', 'Keuken': ' Onbekend ', 'Badkamer': ' Onbekend ', 'Toilet': ' Onbekend ', 'Internet': ' Onbekend ', 'Energielabel': ' Onbekend ', 'Huisdieren': ' Nee '}",appartement-1990186.html
Schuitendiep,in Groningen,15 m,,â‚¬ 380,p/m | incl. g/w/e,Gestoffeerd,25-09-2021 tot 26-01-2022,Gisteren geplaatst,https://kamernet.nl/huren/kamer-groningen/schuitendiep/kamer-1990348,"{'Woonkamer': ' Geen ', 'Keuken': ' Gedeeld ', 'Badkamer': ' Gedeeld ', 'Toilet': ' Gedeeld ', 'Internet': ' Nee ', 'Energielabel': ' Onbekend ', 'Huisgenoten': '  2 ', 'Geslacht': ' Onbekend ', 'Huisdieren': ' Nee '}",kamer-1990348.html
Dennekruid,in Rotterdam,15 m,Totale oppervlakte: 85 m 2,â‚¬ 575,p/m | incl. g/w/e,Gemeubileerd,24-09-2021,2 dagen geleden geplaatst,https://kamernet.nl/huren/kamer-rotterdam/dennekruid/kamer-1990197,"{'Woonkamer': ' Gedeeld ', 'Keuken': ' Gedeeld ', 'Badkamer': ' Gedeeld ', 'Toilet': ' Gedeeld ', 'Internet': ' Ja ', 'Energielabel': ' Onbekend ', 'Huisgenoten': '  4  ', 'Geslacht': ' Gemengd ', 'Huisdieren': ' Nee '}",kamer-1990197.html
Kortwoudepad,in Amsterdam,14 m,Totale oppervlakte: 85 m 2,â‚¬ 600,p/m | incl. g/w/e,Gemeubileerd,01-10-2021 tot 30-05-2022,2 dagen geleden geplaatst,https://kamernet.nl/huren/kamer-amsterdam/kortwoudepad/kamer-1990218,"{'Woonkamer': ' Gedeeld ', 'Keuken': ' Gedeeld ', 'Badkamer': ' Gedeeld ', 'Toilet': ' Gedeeld ', 'Internet': ' Ja ', 'Energielabel': ' Onbekend ', 'Huisgenoten': '  1 ', 'Geslacht': ' Man ', 'Huisdieren': ' Nee '}",kamer-1990218.html
Dr. Benthemstraat,in Enschede,150 m,Totaal 5 kamers (4 slaapkamers) ,â‚¬ 1400,p/m | excl. g/w/e,Gestoffeerd,15-10-2021,2 dagen geleden geplaatst,https://kamernet.nl/huren/appartement-enschede/dr.-benthemstraat/appartement-1990217,"{'Woonkamer': ' Eigen ', 'Keuken': ' Eigen ', 'Badkamer': ' Eigen ', 'Toilet': ' Eigen ', 'Internet': ' Onbekend ', 'Energielabel': ' Onbekend ', 'Huisdieren': ' Nee '}",appartement-1990217.html
Detmoldstraat,in Utrecht,67 m,Totaal 3 kamers (2 slaapkamers) ,â‚¬ 1275,p/m | excl. g/w/e,Gestoffeerd,09-10-2021,Gisteren geplaatst,https://kamernet.nl/huren/appartement-utrecht/detmoldstraat/appartement-1990364,"{'Woonkamer': ' Eigen ', 'Keuken': ' Eigen ', 'Badkamer': ' Eigen ', 'Toilet': ' Eigen ', 'Internet': ' Ja ', 'Energielabel': ' B ', 'Huisdieren': ' Nee '}",appartement-1990364.html
Pieter de Hoochstraat,in Rotterdam,10 m,,â‚¬ 399,p/m | incl. g/w/e,Gemeubileerd,24-09-2021,2 dagen geleden geplaatst,https://kamernet.nl/huren/kamer-rotterdam/pieter-de-hoochstraat/kamer-1990215,"{'Woonkamer': ' Gedeeld ', 'Keuken': ' Gedeeld ', 'Badkamer': ' Gedeeld ', 'Toilet': ' Gedeeld ', 'Internet': ' Ja ', 'Energielabel': ' Onbekend ', 'Huisgenoten': '  3 ', 'Geslacht': ' Gemengd ', 'Huisdieren': ' Nee '}",kamer-1990215.html
Seringenstraat,in Rotterdam,20 m,,â‚¬ 520,p/m | incl. g/w/e,Gestoffeerd,07-06-2021,Gisteren geplaatst,https://kamernet.nl/huren/kamer-rotterdam/seringenstraat/kamer-1990334,"{'Woonkamer': ' Gedeeld ', 'Keuken': ' Gedeeld ', 'Badkamer': ' Gedeeld ', 'Toilet': ' Gedeeld ', 'Internet': ' Ja ', 'Energielabel': ' Onbekend ', 'Huisgenoten': '  5 ', 'Geslacht': ' Gemengd ', 'Huisdieren': ' Nee '}",kamer-1990334.html
Plutolaan,in Groningen,77 m,Totaal 3 kamers (2 slaapkamers) ,â‚¬ 450,p/m | excl. g/w/e,Gemeubileerd,01-10-2021 tot 01-10-2023,Gisteren geplaatst,https://kamernet.nl/huren/appartement-groningen/plutolaan/appartement-1989574,"{'Woonkamer': ' Gedeeld ', 'Keuken': ' Gedeeld ', 'Badkamer': ' Gedeeld ', 'Toilet': ' Gedeeld ', 'Internet': ' Ja ', 'Energielabel': ' Onbekend ', 'Huisdieren': ' Nee '}",appartement-1989574.html
Leeuwendalersweg,in Amsterdam,7 m,,â‚¬ 800,p/m | incl. g/w/e,Gemeubileerd,25-11-2021 tot 26-03-2022,Gisteren geplaatst,https://kamernet.nl/huren/kamer-amsterdam/leeuwendalersweg/kamer-1990354,"{'Woonkamer': ' Gedeeld ', 'Keuken': ' Gedeeld ', 'Badkamer': ' Gedeeld ', 'Toilet': ' Gedeeld ', 'Internet': ' Ja ', 'Energielabel': ' Onbekend ', 'Huisgenoten': '  1 ', 'Geslacht': ' Man ', 'Huisdieren': ' In overleg '}",kamer-1990354.html
Sleewijkstraat,in Amsterdam,11 m,,â‚¬ 640,p/m | incl. g/w/e,Gemeubileerd,01-10-2021,Gisteren geplaatst,https://kamernet.nl/huren/kamer-amsterdam/sleewijkstraat/kamer-1990376,"{'Woonkamer': ' Gedeeld ', 'Keuken': ' Gedeeld ', 'Badkamer': ' Gedeeld ', 'Toilet': ' Gedeeld ', 'Internet': ' Ja ', 'Energielabel': ' Onbekend ', 'Huisgenoten': '  2 ', 'Geslacht': ' Vrouw ', 'Huisdieren': ' Nee '}",kamer-1990376.html
Schouwburgring,in Tilburg,26 m,,â‚¬ 704,p/m | excl. g/w/e,Gestoffeerd,01-12-2021,Gisteren geplaatst,https://kamernet.nl/huren/studio-tilburg/schouwburgring/studio-1990365,"{'Woonkamer': ' Onbekend ', 'Keuken': ' Onbekend ', 'Badkamer': ' Onbekend ', 'Toilet': ' Onbekend ', 'Internet': ' Onbekend ', 'Energielabel': ' Onbekend ', 'Huisdieren': ' In overleg '}",studio-1990365.html
de la Sablonierekade,in Kampen,19 m,,â‚¬ 420,p/m | incl. g/w/e,Kaal,24-09-2021,2 dagen geleden geplaatst,https://kamernet.nl/huren/kamer-kampen/de-la-sablonierekade/kamer-1990180,"{'Woonkamer': ' Geen ', 'Keuken': ' Eigen ', 'Badkamer': ' Gedeeld ', 'Toilet': ' Gedeeld ', 'Internet': ' Ja ', 'Energielabel': ' Onbekend ', 'Huisgenoten': '  4  ', 'Geslacht': ' Gemengd ', 'Huisdieren': ' Nee '}",kamer-1990180.html
Maliesingel,in Utrecht,25 m,Totale oppervlakte: 55 m 2,â‚¬ 610,p/m | incl. g/w/e,Kaal,01-10-2021,2 dagen geleden geplaatst,https://kamernet.nl/huren/kamer-utrecht/maliesingel/kamer-1990144,"{'Woonkamer': ' Geen ', 'Keuken': ' Gedeeld ', 'Badkamer': ' Gedeeld ', 'Toilet': ' Gedeeld ', 'Internet': ' Ja ', 'Energielabel': ' Onbekend ', 'Huisgenoten': '  8  ', 'Geslacht': ' Vrouw ', 'Huisdieren': ' Nee '}",kamer-1990144.html
Tondenpad,in Amsterdam,17 m,,â‚¬ 350,p/m | incl. g/w/e,Gestoffeerd,23-09-2021,2 dagen geleden geplaatst,https://kamernet.nl/huren/kamer-amsterdam/tondenpad/kamer-1990155,"{'Woonkamer': ' Eigen ', 'Keuken': ' Onbekend ', 'Badkamer': ' Gedeeld ', 'Toilet': ' Gedeeld ', 'Internet': ' Ja ', 'Energielabel': ' Onbekend ', 'Huisgenoten': '  2 ', 'Geslacht': ' Gemengd ', 'Huisdieren': ' Nee '}",kamer-1990155.html
Generaal Foulkesweg,in Wageningen,20 m,,â‚¬ 405,p/m | incl. g/w/e,Gestoffeerd,16-11-2021 tot 31-12-2022,2 dagen geleden geplaatst,https://kamernet.nl/huren/kamer-wageningen/generaal-foulkesweg/kamer-1990153,"{'Woonkamer': ' Eigen ', 'Keuken': ' Gedeeld ', 'Badkamer': ' Gedeeld ', 'Toilet': ' Gedeeld ', 'Internet': ' Ja ', 'Energielabel': ' Onbekend ', 'Huisgenoten': '  Meer dan 8 ', 'Geslacht': ' Gemengd ', 'Huisdieren': ' Nee '}",kamer-1990153.html
Generaal Foulkesweg,in Wageningen,26 m,,â‚¬ 495,p/m | incl. g/w/e,Gestoffeerd,01-11-2021 tot 31-12-2022,2 dagen geleden geplaatst,https://kamernet.nl/huren/kamer-wageningen/generaal-foulkesweg/kamer-1990145,"{'Woonkamer': ' Eigen ', 'Keuken': ' Gedeeld ', 'Badkamer': ' Gedeeld ', 'Toilet': ' Gedeeld ', 'Internet': ' Ja ', 'Energielabel': ' Onbekend ', 'Huisgenoten': '  Meer dan 8 ', 'Geslacht': ' Gemengd ', 'Huisdieren': ' Nee '}",kamer-1990145.html
Beverwijkerstraatweg,in Castricum,60 m,Totaal 2 kamers,â‚¬ 800,p/m | excl. g/w/e,Gestoffeerd,24-09-2021,2 dagen geleden geplaatst,https://kamernet.nl/huren/appartement-castricum/beverwijkerstraatweg/appartement-1990225,"{'Woonkamer': ' Onbekend ', 'Keuken': ' Onbekend ', 'Badkamer': ' Onbekend ', 'Toilet': ' Onbekend ', 'Internet': ' Onbekend ', 'Energielabel': ' Onbekend ', 'Huisdieren': ' Nee '}",appartement-1990225.html
Wolvenlaan,in Hilversum,62 m,Totaal 3 kamers,â‚¬ 1250,p/m | excl. g/w/e,Gestoffeerd,24-09-2021,2 dagen geleden geplaatst,https://kamernet.nl/huren/appartement-hilversum/wolvenlaan/appartement-1990226,"{'Woonkamer': ' Onbekend ', 'Keuken': ' Onbekend ', 'Badkamer': ' Onbekend ', 'Toilet': ' Onbekend ', 'Internet': ' Onbekend ', 'Energielabel': ' Onbekend ', 'Huisdieren': ' Nee '}",appartement-1990226.html
Rosendaalsestraat,in Arnhem,19 m,Totaal 1 kamer,â‚¬ 600,p/m | incl. g/w/e,Gestoffeerd,24-09-2021,2 dagen geleden geplaatst,https://kamernet.nl/huren/appartement-arnhem/rosendaalsestraat/appartement-1990230,"{'Woonkamer': ' Onbekend ', 'Keuken': ' Onbekend ', 'Badkamer': ' Onbekend ', 'Toilet': ' Onbekend ', 'Internet': ' Onbekend ', 'Energielabel': ' Onbekend ', 'Huisdieren': ' Nee '}",appartement-1990230.html
Rosendaalsestraat,in Arnhem,15 m,Totaal 1 kamer,â‚¬ 575,p/m | incl. g/w/e,Gestoffeerd,24-09-2021,2 dagen geleden geplaatst,https://kamernet.nl/huren/appartement-arnhem/rosendaalsestraat/appartement-1990231,"{'Woonkamer': ' Onbekend ', 'Keuken': ' Onbekend ', 'Badkamer': ' Onbekend ', 'Toilet': ' Onbekend ', 'Internet': ' Onbekend ', 'Energielabel': ' Onbekend ', 'Huisdieren': ' Nee '}",appartement-1990231.html
Ereprijs,in Nieuwegein,8 m,,â‚¬ 600,p/m | incl. g/w/e,Gemeubileerd,19-09-2021,2 dagen geleden geplaatst,https://kamernet.nl/huren/kamer-nieuwegein/ereprijs/kamer-1990171,"{'Woonkamer': ' Eigen ', 'Keuken': ' Gedeeld ', 'Badkamer': ' Gedeeld ', 'Toilet': ' Gedeeld ', 'Internet': ' Ja ', 'Energielabel': ' Onbekend ', 'Huisgenoten': '  3 ', 'Geslacht': ' Onbekend ', 'Huisdieren': ' Nee '}",kamer-1990171.html
Regentesseplein,in Den Haag,15 m,,â‚¬ 375,p/m | incl. g/w/e,Gestoffeerd,01-10-2021,21 uur geleden geplaatst,https://kamernet.nl/huren/kamer-den-haag/regentesseplein/kamer-1990452,"{'Woonkamer': ' Geen ', 'Keuken': ' Gedeeld ', 'Badkamer': ' Gedeeld ', 'Toilet': ' Gedeeld ', 'Internet': ' Ja ', 'Energielabel': ' Onbekend ', 'Huisgenoten': '  6 ', 'Geslacht': ' Gemengd ', 'Huisdieren': ' Nee '}",kamer-1990452.html
Borssenburgplein,in Amsterdam,32 m,Totaal 1 kamer (1 slaapkamer) ,â‚¬ 950,p/m | excl. g/w/e,Gemeubileerd,02-10-2021 tot 01-10-2022,20 uur geleden geplaatst,https://kamernet.nl/huren/studio-amsterdam/borssenburgplein/studio-1990462,"{'Woonkamer': ' Eigen ', 'Keuken': ' Eigen ', 'Badkamer': ' Eigen ', 'Toilet': ' Eigen ', 'Internet': ' Ja ', 'Energielabel': ' Onbekend ', 'Huisdieren': ' Nee '}",studio-1990462.html
Buitenhof,in Uithoorn,90 m,,â‚¬ 1170,p/m | excl. g/w/e,Kaal,26-09-2021 tot 01-04-2027,6 uur geleden geplaatst,https://kamernet.nl/huren/appartement-uithoorn/buitenhof/appartement-1990505,"{'Woonkamer': ' Eigen ', 'Keuken': ' Eigen ', 'Badkamer': ' Eigen ', 'Toilet': ' Eigen ', 'Internet': ' Ja ', 'Energielabel': ' Onbekend ', 'Huisdieren': ' Ja '}",appartement-1990505.html
Van Oldenbarneveldtstraat,in Arnhem,13 m,Totaal 1 kamer,â‚¬ 425,p/m | incl. g/w/e,Gemeubileerd,24-09-2021,2 dagen geleden geplaatst,https://kamernet.nl/huren/appartement-arnhem/van-oldenbarneveldtstraat/appartement-1990232,"{'Woonkamer': ' Onbekend ', 'Keuken': ' Onbekend ', 'Badkamer': ' Onbekend ', 'Toilet': ' Onbekend ', 'Internet': ' Onbekend ', 'Energielabel': ' Onbekend ', 'Huisdieren': ' Nee '}",appartement-1990232.html
Amsterdamsestraatweg,in Utrecht,20 m,,â‚¬ 519,p/m | incl. g/w/e,Gestoffeerd,16-10-2021,4 uur geleden geplaatst,https://kamernet.nl/huren/kamer-utrecht/amsterdamsestraatweg/kamer-1990512,"{'Woonkamer': ' Eigen ', 'Keuken': ' Eigen ', 'Badkamer': ' Gedeeld ', 'Toilet': ' Gedeeld ', 'Internet': ' Ja ', 'Energielabel': ' Onbekend ', 'Huisgenoten': '  3 ', 'Geslacht': ' Vrouw ', 'Huisdieren': ' Nee '}",kamer-1990512.html
Bedumerweg,in Groningen,30 m,Totaal 2 kamers (1 slaapkamer) ,â‚¬ 630,p/m | excl. g/w/e,Gestoffeerd,01-11-2021 tot 01-11-2023,3 uur geleden geplaatst,https://kamernet.nl/huren/appartement-groningen/bedumerweg/appartement-1990515,"{'Woonkamer': ' Eigen ', 'Keuken': ' Eigen ', 'Badkamer': ' Eigen ', 'Toilet': ' Eigen ', 'Internet': ' Ja ', 'Energielabel': ' B ', 'Huisdieren': ' Nee '}",appartement-1990515.html
Secretaris Waberstraat,in Maastricht,12 m,Totale oppervlakte: 100 m 2,â‚¬ 425,p/m | incl. g/w/e,Gemeubileerd,01-10-2021,2 uur geleden geplaatst,https://kamernet.nl/huren/kamer-maastricht/secretaris-waberstraat/kamer-1990543,"{'Woonkamer': ' Geen ', 'Keuken': ' Gedeeld ', 'Badkamer': ' Gedeeld ', 'Toilet': ' Gedeeld ', 'Internet': ' Ja ', 'Energielabel': ' Onbekend ', 'Huisgenoten': '  3 ', 'Geslacht': ' Vrouw ', 'Huisdieren': ' Nee '}",kamer-1990543.html
Kwekerijweg,in Nijmegen,60 m,Totaal 2 kamers (1 slaapkamer) ,â‚¬ 1050,p/m | incl. g/w/e,Gemeubileerd,01-10-2021,1 uur geleden geplaatst,https://kamernet.nl/huren/appartement-nijmegen/kwekerijweg/appartement-1990542,"{'Woonkamer': ' Eigen ', 'Keuken': ' Eigen ', 'Badkamer': ' Eigen ', 'Toilet': ' Eigen ', 'Internet': ' Ja ', 'Energielabel': ' A ', 'Huisdieren': ' Nee '}",appartement-1990542.html
Yokohamadreef,in Utrecht,40 m,,â‚¬ 1300,p/m | incl. g/w/e,Gestoffeerd,25-09-2021,Gisteren geplaatst,https://kamernet.nl/huren/studio-utrecht/yokohamadreef/studio-1990398,"{'Woonkamer': ' Geen ', 'Keuken': ' Eigen ', 'Badkamer': ' Eigen ', 'Toilet': ' Eigen ', 'Internet': ' Ja ', 'Energielabel': ' Onbekend ', 'Huisdieren': ' Nee '}",studio-1990398.html
Nachtwachtlaan,in Amsterdam,31 m,Totaal 1 kamer (1 slaapkamer) ,â‚¬ 1100,p/m | incl. g/w/e,Gemeubileerd,01-10-2021 tot 01-04-2022,Gisteren geplaatst,https://kamernet.nl/huren/studio-amsterdam/nachtwachtlaan/studio-1948655,"{'Woonkamer': ' Eigen ', 'Keuken': ' Eigen ', 'Badkamer': ' Eigen ', 'Toilet': ' Eigen ', 'Internet': ' Ja ', 'Energielabel': ' C ', 'Huisdieren': ' Nee '}",studio-1948655.html
Larixlaan,in Ede,35 m,,â‚¬ 850,p/m | incl. g/w/e,Gemeubileerd,24-10-2021 tot 01-03-2022,5 uur geleden geplaatst,https://kamernet.nl/huren/studio-ede/larixlaan/studio-1893530,"{'Woonkamer': ' Eigen ', 'Keuken': ' Eigen ', 'Badkamer': ' Eigen ', 'Toilet': ' Eigen ', 'Internet': ' Ja ', 'Energielabel': ' B ', 'Huisdieren': ' Nee '}",studio-1893530.html
Comeniuslaan,in Zeist,16 m,,â‚¬ 550,p/m | incl. g/w/e,Gemeubileerd,25-09-2021,23 uur geleden geplaatst,https://kamernet.nl/huren/appartement-zeist/comeniuslaan/appartement-1990438,"{'Woonkamer': ' Eigen ', 'Keuken': ' Eigen ', 'Badkamer': ' Gedeeld ', 'Toilet': ' Gedeeld ', 'Internet': ' Ja ', 'Energielabel': ' Onbekend ', 'Huisdieren': ' Nee '}",appartement-1990438.html
Da Costastraat,in Rotterdam,16 m,Totale oppervlakte: 70 m 2,â‚¬ 550,p/m | incl. g/w/e,Gestoffeerd,01-11-2021,23 uur geleden geplaatst,https://kamernet.nl/huren/kamer-rotterdam/da-costastraat/kamer-1990394,"{'Woonkamer': ' Gedeeld ', 'Keuken': ' Gedeeld ', 'Badkamer': ' Gedeeld ', 'Toilet': ' Gedeeld ', 'Internet': ' Ja ', 'Energielabel': ' Onbekend ', 'Huisgenoten': '  1 ', 'Geslacht': ' Vrouw ', 'Huisdieren': ' In overleg '}",kamer-1990394.html
Liendenhof,in Amsterdam,10 m,Totale oppervlakte: 100 m 2,â‚¬ 550,p/m | incl. g/w/e,Gemeubileerd,24-09-2021,2 dagen geleden geplaatst,https://kamernet.nl/huren/kamer-amsterdam/liendenhof/kamer-1990236,"{'Woonkamer': ' Gedeeld ', 'Keuken': ' Gedeeld ', 'Badkamer': ' Gedeeld ', 'Toilet': ' Gedeeld ', 'Internet': ' Ja ', 'Energielabel': ' C ', 'Huisgenoten': '  1 ', 'Geslacht': ' Vrouw ', 'Huisdieren': ' Nee '}",kamer-1990236.html
Charlotte Brontestraat,in Amsterdam,14 m,,â‚¬ 600,p/m | incl. g/w/e,Gemeubileerd,25-10-2021 tot 25-10-2022,23 uur geleden geplaatst,https://kamernet.nl/huren/kamer-amsterdam/charlotte-brontestraat/kamer-1990425,"{'Woonkamer': ' Geen ', 'Keuken': ' Gedeeld ', 'Badkamer': ' Gedeeld ', 'Toilet': ' Gedeeld ', 'Internet': ' Ja ', 'Energielabel': ' Onbekend ', 'Huisgenoten': '  2 ', 'Geslacht': ' Gemengd ', 'Huisdieren': ' Nee '}",kamer-1990425.html
Eerste Atjehstraat,in Amsterdam,15 m,Totale oppervlakte: 62 m 2,â‚¬ 599,p/m | incl. g/w/e,Gestoffeerd,01-11-2021,23 uur geleden geplaatst,https://kamernet.nl/huren/kamer-amsterdam/eerste-atjehstraat/kamer-1990411,"{'Woonkamer': ' Gedeeld ', 'Keuken': ' Gedeeld ', 'Badkamer': ' Gedeeld ', 'Toilet': ' Gedeeld ', 'Internet': ' Ja ', 'Energielabel': ' Onbekend ', 'Huisgenoten': '  3 ', 'Geslacht': ' Gemengd ', 'Huisdieren': ' Nee '}",kamer-1990411.html
Remmerdenplein,in Amsterdam,17 m,,â‚¬ 499,p/m | incl. g/w/e,Gemeubileerd,01-10-2021 tot 31-03-2022,23 uur geleden geplaatst,https://kamernet.nl/huren/kamer-amsterdam/remmerdenplein/kamer-1990439,"{'Woonkamer': ' Gedeeld ', 'Keuken': ' Gedeeld ', 'Badkamer': ' Gedeeld ', 'Toilet': ' Gedeeld ', 'Internet': ' Ja ', 'Energielabel': ' Onbekend ', 'Huisgenoten': '  2 ', 'Geslacht': ' Man ', 'Huisdieren': ' Nee '}",kamer-1990439.html
Eerste Constantijn Huygensstraat,in Amsterdam,10 m,,â‚¬ 875,p/m | incl. g/w/e,Gemeubileerd,01-09-2021,23 uur geleden geplaatst,https://kamernet.nl/huren/kamer-amsterdam/eerste-constantijn-huygensstraat/kamer-1990393,"{'Woonkamer': ' Gedeeld ', 'Keuken': ' Gedeeld ', 'Badkamer': ' Gedeeld ', 'Toilet': ' Gedeeld ', 'Internet': ' Ja ', 'Energielabel': ' Onbekend ', 'Huisgenoten': '  2 ', 'Geslacht': ' Vrouw ', 'Huisdieren': ' Nee '}",kamer-1990393.html
Eerste Constantijn Huygensstraat,in Amsterdam,10 m,,â‚¬ 875,p/m | incl. g/w/e,Gemeubileerd,27-09-2021,23 uur geleden geplaatst,https://kamernet.nl/huren/kamer-amsterdam/eerste-constantijn-huygensstraat/kamer-1990390,"{'Woonkamer': ' Gedeeld ', 'Keuken': ' Gedeeld ', 'Badkamer': ' Gedeeld ', 'Toilet': ' Gedeeld ', 'Internet': ' Ja ', 'Energielabel': ' Onbekend ', 'Huisgenoten': '  2 ', 'Geslacht': ' Vrouw ', 'Huisdieren': ' Nee '}",kamer-1990390.html
Steynlaan,in Zeist,16 m,,â‚¬ 599,p/m | excl. g/w/e,Gemeubileerd,25-09-2021 tot 01-09-2022,23 uur geleden geplaatst,https://kamernet.nl/huren/kamer-zeist/steynlaan/kamer-1990431,"{'Woonkamer': ' Gedeeld ', 'Keuken': ' Gedeeld ', 'Badkamer': ' Gedeeld ', 'Toilet': ' Gedeeld ', 'Internet': ' Ja ', 'Energielabel': ' Onbekend ', 'Huisgenoten': '  2 ', 'Geslacht': ' Vrouw ', 'Huisdieren': ' Nee '}",kamer-1990431.html
Jan Gijzenkade,in Haarlem,24 m,,â‚¬ 650,p/m | incl. g/w/e,Gemeubileerd,16-11-2021,23 uur geleden geplaatst,https://kamernet.nl/huren/kamer-haarlem/jan-gijzenkade/kamer-1990399,"{'Woonkamer': ' Geen ', 'Keuken': ' Gedeeld ', 'Badkamer': ' Gedeeld ', 'Toilet': ' Gedeeld ', 'Internet': ' Ja ', 'Energielabel': ' Onbekend ', 'Huisgenoten': '  Geen ', 'Geslacht': ' Onbekend ', 'Huisdieren': ' Nee '}",kamer-1990399.html
Rozenburgerplein,in Schiedam,10 m,,â‚¬ 450,p/m | incl. g/w/e,Gemeubileerd,26-09-2021,23 uur geleden geplaatst,https://kamernet.nl/huren/kamer-schiedam/rozenburgerplein/kamer-1990415,"{'Woonkamer': ' Gedeeld ', 'Keuken': ' Gedeeld ', 'Badkamer': ' Gedeeld ', 'Toilet': ' Gedeeld ', 'Internet': ' Onbekend ', 'Energielabel': ' Onbekend ', 'Huisgenoten': '  1 ', 'Geslacht': ' Man ', 'Huisdieren': ' In overleg '}",kamer-1990415.html
Prof. Telderslaan,in Delft,12 m,,â‚¬ 400,p/m | incl. g/w/e,Kaal,25-09-2021,23 uur geleden geplaatst,https://kamernet.nl/huren/kamer-delft/prof.-telderslaan/kamer-1990408,"{'Woonkamer': ' Geen ', 'Keuken': ' Gedeeld ', 'Badkamer': ' Gedeeld ', 'Toilet': ' Gedeeld ', 'Internet': ' Ja ', 'Energielabel': ' Onbekend ', 'Huisgenoten': '  1 ', 'Geslacht': ' Man ', 'Huisdieren': ' Nee '}",kamer-1990408.html
Vlamenburg,in Den Haag,74 m,Totaal 3 kamers,â‚¬ 1295,p/m | excl. g/w/e,Gemeubileerd,25-09-2021,23 uur geleden geplaatst,https://kamernet.nl/huren/appartement-den-haag/vlamenburg/appartement-1990385,"{'Woonkamer': ' Onbekend ', 'Keuken': ' Onbekend ', 'Badkamer': ' Onbekend ', 'Toilet': ' Onbekend ', 'Internet': ' Onbekend ', 'Energielabel': ' Onbekend ', 'Huisdieren': ' In overleg '}",appartement-1990385.html
Eerste Atjehstraat,in Amsterdam,20 m,Totale oppervlakte: 62 m 2,â‚¬ 625,p/m | incl. g/w/e,Gestoffeerd,01-11-2021,23 uur geleden geplaatst,https://kamernet.nl/huren/kamer-amsterdam/eerste-atjehstraat/kamer-1990409,"{'Woonkamer': ' Gedeeld ', 'Keuken': ' Gedeeld ', 'Badkamer': ' Gedeeld ', 'Toilet': ' Gedeeld ', 'Internet': ' Ja ', 'Energielabel': ' Onbekend ', 'Huisgenoten': '  3 ', 'Geslacht': ' Gemengd ', 'Huisdieren': ' Nee '}",kamer-1990409.html
Marius Meijboomstraat,in Amsterdam,82 m,Totaal 3 kamers,â‚¬ 1580,p/m | excl. g/w/e,Gemeubileerd,25-09-2021,22 uur geleden geplaatst,https://kamernet.nl/huren/appartement-amsterdam/marius-meijboomstraat/appartement-1990380,"{'Woonkamer': ' Onbekend ', 'Keuken': ' Onbekend ', 'Badkamer': ' Onbekend ', 'Toilet': ' Onbekend ', 'Internet': ' Onbekend ', 'Energielabel': ' Onbekend ', 'Huisdieren': ' In overleg '}",appartement-1990380.html
Cornelis Vermuydenstraat,in Amsterdam,10 m,,â‚¬ 250,p/m | excl. g/w/e,Gestoffeerd,25-09-2021,22 uur geleden geplaatst,https://kamernet.nl/huren/appartement-amsterdam/cornelis-vermuydenstraat/appartement-1990379,"{'Woonkamer': ' Onbekend ', 'Keuken': ' Onbekend ', 'Badkamer': ' Onbekend ', 'Toilet': ' Onbekend ', 'Internet': ' Onbekend ', 'Energielabel': ' Onbekend ', 'Huisdieren': ' In overleg '}",appartement-1990379.html
Burgemeester Van Haarenlaan,in Schiedam,55 m,Totaal 3 kamers,â‚¬ 895,p/m | excl. g/w/e,Gestoffeerd,25-09-2021,22 uur geleden geplaatst,https://kamernet.nl/huren/appartement-schiedam/burgemeester-van-haarenlaan/appartement-1990377,"{'Woonkamer': ' Onbekend ', 'Keuken': ' Onbekend ', 'Badkamer': ' Onbekend ', 'Toilet': ' Onbekend ', 'Internet': ' Onbekend ', 'Energielabel': ' Onbekend ', 'Huisdieren': ' In overleg '}",appartement-1990377.html
Boelesteinlaan,in Utrecht,12 m,Totale oppervlakte: 65 m 2,â‚¬ 580,p/m | incl. g/w/e,Gemeubileerd,28-09-2021 tot 31-12-2021,22 uur geleden geplaatst,https://kamernet.nl/huren/kamer-utrecht/boelesteinlaan/kamer-1990440,"{'Woonkamer': ' Gedeeld ', 'Keuken': ' Gedeeld ', 'Badkamer': ' Gedeeld ', 'Toilet': ' Gedeeld ', 'Internet': ' Ja ', 'Energielabel': ' A ', 'Huisgenoten': '  1 ', 'Geslacht': ' Vrouw ', 'Huisdieren': ' Nee '}",kamer-1990440.html
Langeweydt,in Medemblik,25 m,Totale oppervlakte: 200 m 2,â‚¬ 400,p/m | incl. g/w/e,Gemeubileerd,25-09-2021,22 uur geleden geplaatst,https://kamernet.nl/huren/kamer-medemblik/langeweydt/kamer-1990442,"{'Woonkamer': ' Gedeeld ', 'Keuken': ' Gedeeld ', 'Badkamer': ' Gedeeld ', 'Toilet': ' Gedeeld ', 'Internet': ' Ja ', 'Energielabel': ' Onbekend ', 'Huisgenoten': '  1 ', 'Geslacht': ' Gemengd ', 'Huisdieren': ' In overleg '}",kamer-1990442.html
Broekstraat,in Velp,12 m,,â‚¬ 306,p/m | incl. g/w/e,Gemeubileerd,24-09-2021 tot 18-11-2021,2 dagen geleden geplaatst,https://kamernet.nl/huren/anti-kraak-velp/broekstraat/anti-kraak-1990274,"{'Woonkamer': ' Gedeeld ', 'Keuken': ' Gedeeld ', 'Badkamer': ' Gedeeld ', 'Toilet': ' Gedeeld ', 'Internet': ' Ja ', 'Energielabel': ' Onbekend ', 'Huisdieren': ' Nee '}",anti-kraak-1990274.html
Pieter Calandlaan,in Amsterdam,82 m,Totaal 3 kamers,â‚¬ 1600,p/m | excl. g/w/e,Gestoffeerd,25-09-2021,22 uur geleden geplaatst,https://kamernet.nl/huren/appartement-amsterdam/pieter-calandlaan/appartement-1990382,"{'Woonkamer': ' Onbekend ', 'Keuken': ' Onbekend ', 'Badkamer': ' Onbekend ', 'Toilet': ' Onbekend ', 'Internet': ' Onbekend ', 'Energielabel': ' Onbekend ', 'Huisdieren': ' In overleg '}",appartement-1990382.html
Masayalaan,in Nijmegen,11 m,,â‚¬ 340,p/m | incl. g/w/e,Gestoffeerd,16-10-2021,2 dagen geleden geplaatst,https://kamernet.nl/huren/kamer-nijmegen/masayalaan/kamer-1990290,"{'Woonkamer': ' Geen ', 'Keuken': ' Gedeeld ', 'Badkamer': ' Gedeeld ', 'Toilet': ' Gedeeld ', 'Internet': ' Ja ', 'Energielabel': ' Onbekend ', 'Huisgenoten': '  3 ', 'Geslacht': ' Gemengd ', 'Huisdieren': ' Nee '}",kamer-1990290.html
Voortsweg,in Enschede,16 m,Totale oppervlakte: 180 m 2,â‚¬ 305,p/m | excl. g/w/e,Gestoffeerd,16-10-2021,2 dagen geleden geplaatst,https://kamernet.nl/huren/kamer-enschede/voortsweg/kamer-1990283,"{'Woonkamer': ' Gedeeld ', 'Keuken': ' Gedeeld ', 'Badkamer': ' Gedeeld ', 'Toilet': ' Gedeeld ', 'Internet': ' Ja ', 'Energielabel': ' Onbekend ', 'Huisgenoten': '  3 ', 'Geslacht': ' Man ', 'Huisdieren': ' Nee '}",kamer-1990283.html
Nijeveldsingel,in Utrecht,10 m,,â‚¬ 475,p/m | incl. g/w/e,Kaal,24-10-2021,2 dagen geleden geplaatst,https://kamernet.nl/huren/kamer-utrecht/nijeveldsingel/kamer-1990292,"{'Woonkamer': ' Gedeeld ', 'Keuken': ' Gedeeld ', 'Badkamer': ' Gedeeld ', 'Toilet': ' Gedeeld ', 'Internet': ' Ja ', 'Energielabel': ' A ', 'Huisgenoten': '  1 ', 'Geslacht': ' Man ', 'Huisdieren': ' Nee '}",kamer-1990292.html
Dolingadreef,in Amsterdam,60 m,Totaal 2 kamers (1 slaapkamer) ,â‚¬ 1350,p/m | excl. g/w/e,Gestoffeerd,22-10-2021 tot 14-10-2023,2 dagen geleden geplaatst,https://kamernet.nl/huren/appartement-amsterdam/dolingadreef/appartement-1990286,"{'Woonkamer': ' Eigen ', 'Keuken': ' Eigen ', 'Badkamer': ' Eigen ', 'Toilet': ' Eigen ', 'Internet': ' Nee ', 'Energielabel': ' A ', 'Huisdieren': ' Nee '}",appartement-1990286.html
IJsclubstraat,in Rotterdam,22 m,,â‚¬ 575,p/m | incl. g/w/e,Gestoffeerd,10-10-2021,10 uur geleden geplaatst,https://kamernet.nl/huren/kamer-rotterdam/ijsclubstraat/kamer-1990500,"{'Woonkamer': ' Geen ', 'Keuken': ' Gedeeld ', 'Badkamer': ' Gedeeld ', 'Toilet': ' Gedeeld ', 'Internet': ' Ja ', 'Energielabel': ' Onbekend ', 'Huisgenoten': '  1 ', 'Geslacht': ' Vrouw ', 'Huisdieren': ' Nee '}",kamer-1990500.html
Jan Olphert Vaillantlaan,in Amsterdam,18 m,,â‚¬ 580,p/m | incl. g/w/e,Gemeubileerd,01-10-2021,Gisteren geplaatst,https://kamernet.nl/huren/kamer-amsterdam/jan-olphert-vaillantlaan/kamer-1990603,"{'Woonkamer': ' Geen ', 'Keuken': ' Gedeeld ', 'Badkamer': ' Gedeeld ', 'Toilet': ' Gedeeld ', 'Internet': ' Ja ', 'Energielabel': ' Onbekend ', 'Huisgenoten': '  1 ', 'Geslacht': ' Onbekend ', 'Huisdieren': ' Nee '}",kamer-1990603.html
Van Hogendorpplein,in Amsterdam,70 m,Totaal 3 kamers (2 slaapkamers) ,â‚¬ 950,p/m | incl. g/w/e,Gemeubileerd,02-11-2021 tot 02-03-2022,3 dagen geleden geplaatst,https://kamernet.nl/huren/appartement-amsterdam/van-hogendorpplein/appartement-1990198,"{'Woonkamer': ' Eigen ', 'Keuken': ' Eigen ', 'Badkamer': ' Eigen ', 'Toilet': ' Eigen ', 'Internet': ' Ja ', 'Energielabel': ' Onbekend ', 'Huisdieren': ' Nee '}",appartement-1990198.html
Theo Dobbehof,in Soest,22 m,,â‚¬ 500,p/m | incl. g/w/e,Gestoffeerd,01-10-2021 tot 01-10-2022,23 uur geleden geplaatst,https://kamernet.nl/huren/kamer-soest/theo-dobbehof/kamer-1990607,"{'Woonkamer': ' Onbekend ', 'Keuken': ' Gedeeld ', 'Badkamer': ' Gedeeld ', 'Toilet': ' Gedeeld ', 'Internet': ' Ja ', 'Energielabel': ' C ', 'Huisgenoten': '  1 ', 'Geslacht': ' Man ', 'Huisdieren': ' Nee '}",kamer-1990607.html
Kantershof,in Amsterdam,14 m,,â‚¬ 700,p/m | incl. g/w/e,Gemeubileerd,27-09-2021,10 uur geleden geplaatst,https://kamernet.nl/huren/kamer-amsterdam/kantershof/kamer-1990460,"{'Woonkamer': ' Geen ', 'Keuken': ' Gedeeld ', 'Badkamer': ' Gedeeld ', 'Toilet': ' Gedeeld ', 'Internet': ' Ja ', 'Energielabel': ' A ', 'Huisgenoten': '  2 ', 'Geslacht': ' Gemengd ', 'Huisdieren': ' Nee '}",kamer-1990460.html
Westerbinnensingel,in Groningen,15 m,,â‚¬ 320,p/m | incl. g/w/e,Kaal,25-09-2021,10 uur geleden geplaatst,https://kamernet.nl/huren/kamer-groningen/westerbinnensingel/kamer-1990477,"{'Woonkamer': ' Onbekend ', 'Keuken': ' Onbekend ', 'Badkamer': ' Onbekend ', 'Toilet': ' Onbekend ', 'Internet': ' Onbekend ', 'Energielabel': ' Onbekend ', 'Huisgenoten': '  6 ', 'Geslacht': ' Man ', 'Huisdieren': ' Nee '}",kamer-1990477.html
Kruisplein,in Rotterdam,90 m,,â‚¬ 1850,p/m | excl. g/w/e,Gemeubileerd,26-09-2021,10 uur geleden geplaatst,https://kamernet.nl/huren/appartement-rotterdam/kruisplein/appartement-1990485,"{'Woonkamer': ' Eigen ', 'Keuken': ' Eigen ', 'Badkamer': ' Eigen ', 'Toilet': ' Eigen ', 'Internet': ' Nee ', 'Energielabel': ' Onbekend ', 'Huisdieren': ' Nee '}",appartement-1990485.html
Magneetveld,in Almere,55 m,,â‚¬ 850,p/m | incl. g/w/e,Gemeubileerd,24-09-2021,2 dagen geleden geplaatst,https://kamernet.nl/huren/kamer-almere/magneetveld/kamer-1990317,"{'Woonkamer': ' Eigen ', 'Keuken': ' Eigen ', 'Badkamer': ' Eigen ', 'Toilet': ' Eigen ', 'Internet': ' Ja ', 'Energielabel': ' Onbekend ', 'Huisgenoten': '  Onbekend  ', 'Geslacht': ' Onbekend ', 'Huisdieren': ' Nee '}",kamer-1990317.html
Willem Alexanderstraat,in Drunen,20 m,Totaal 3 kamers (1 slaapkamer) ,â‚¬ 275,p/m | incl. g/w/e,Gemeubileerd,25-09-2021,10 uur geleden geplaatst,https://kamernet.nl/huren/appartement-drunen/willem-alexanderstraat/appartement-1990445,"{'Woonkamer': ' Gedeeld ', 'Keuken': ' Gedeeld ', 'Badkamer': ' Gedeeld ', 'Toilet': ' Gedeeld ', 'Internet': ' Ja ', 'Energielabel': ' Onbekend ', 'Huisdieren': ' Nee '}",appartement-1990445.html
Leeghwaterstraat,in Hilversum,40 m,Totaal 3 kamers (1 slaapkamer) ,â‚¬ 950,p/m | incl. g/w/e,Gestoffeerd,01-10-2021,5 uur geleden geplaatst,https://kamernet.nl/huren/appartement-hilversum/leeghwaterstraat/appartement-1990713,"{'Woonkamer': ' Eigen ', 'Keuken': ' Eigen ', 'Badkamer': ' Eigen ', 'Toilet': ' Eigen ', 'Internet': ' Nee ', 'Energielabel': ' B ', 'Huisdieren': ' Nee '}",appartement-1990713.html
Plutolaan,in Groningen,77 m,,â‚¬ 500,p/m | excl. g/w/e,Gemeubileerd,01-10-2021 tot 01-10-2023,2 dagen geleden geplaatst,https://kamernet.nl/huren/kamer-groningen/plutolaan/kamer-1989574,"{'Woonkamer': ' Gedeeld ', 'Keuken': ' Gedeeld ', 'Badkamer': ' Gedeeld ', 'Toilet': ' Gedeeld ', 'Internet': ' Ja ', 'Energielabel': ' Onbekend ', 'Huisgenoten': '  1 ', 'Geslacht': ' Man ', 'Huisdieren': ' Nee '}",kamer-1989574.html
Distelstraat,in Nijmegen,8 m,,â‚¬ 345,p/m | incl. g/w/e,Gemeubileerd,01-11-2021,5 uur geleden geplaatst,https://kamernet.nl/huren/kamer-nijmegen/distelstraat/kamer-1990714,"{'Woonkamer': ' Geen ', 'Keuken': ' Gedeeld ', 'Badkamer': ' Gedeeld ', 'Toilet': ' Gedeeld ', 'Internet': ' Ja ', 'Energielabel': ' B ', 'Huisgenoten': '  1 ', 'Geslacht': ' Vrouw ', 'Huisdieren': ' Nee '}",kamer-1990714.html
Van Hasseltlaan,in Delft,25 m,Totaal 1 kamer (1 slaapkamer) ,â‚¬ 500,p/m | incl. g/w/e,Gemeubileerd,05-10-2021 tot 06-09-2022,5 uur geleden geplaatst,https://kamernet.nl/huren/studio-delft/van-hasseltlaan/studio-1990716,"{'Woonkamer': ' Eigen ', 'Keuken': ' Eigen ', 'Badkamer': ' Eigen ', 'Toilet': ' Eigen ', 'Internet': ' Ja ', 'Energielabel': ' Onbekend ', 'Huisdieren': ' Nee '}",studio-1990716.html
Parkstraat,in Den Haag,39 m,Totaal 1 kamer (1 slaapkamer) ,â‚¬ 1295,p/m | incl. g/w/e,Gemeubileerd,01-10-2021,5 uur geleden geplaatst,https://kamernet.nl/huren/appartement-den-haag/parkstraat/appartement-1990718,"{'Woonkamer': ' Eigen ', 'Keuken': ' Eigen ', 'Badkamer': ' Eigen ', 'Toilet': ' Eigen ', 'Internet': ' Ja ', 'Energielabel': ' Onbekend ', 'Huisdieren': ' Nee '}",appartement-1990718.html
Leverkruidweg,in Zaandam,12 m,Totale oppervlakte: 70 m 2,â‚¬ 790,p/m | incl. g/w/e,Gestoffeerd,27-09-2021,5 uur geleden geplaatst,https://kamernet.nl/huren/kamer-zaandam/leverkruidweg/kamer-1990722,"{'Woonkamer': ' Geen ', 'Keuken': ' Gedeeld ', 'Badkamer': ' Gedeeld ', 'Toilet': ' Gedeeld ', 'Internet': ' Ja ', 'Energielabel': ' A ', 'Huisgenoten': '  1 ', 'Geslacht': ' Vrouw ', 'Huisdieren': ' Nee '}",kamer-1990722.html
Tussendek,in Amsterdam,13 m,,â‚¬ 667,p/m | excl. g/w/e,Gemeubileerd,11-10-2021,5 uur geleden geplaatst,https://kamernet.nl/huren/kamer-amsterdam/tussendek/kamer-1990719,"{'Woonkamer': ' Gedeeld ', 'Keuken': ' Gedeeld ', 'Badkamer': ' Gedeeld ', 'Toilet': ' Gedeeld ', 'Internet': ' Onbekend ', 'Energielabel': ' Onbekend ', 'Huisgenoten': '  2 ', 'Geslacht': ' Gemengd ', 'Huisdieren': ' In overleg '}",kamer-1990719.html
Gansstraat,in Utrecht,16 m,Totale oppervlakte: 100 m 2,â‚¬ 625,p/m | incl. g/w/e,Gestoffeerd,01-10-2021 tot 01-05-2022,23 uur geleden geplaatst,https://kamernet.nl/huren/kamer-utrecht/gansstraat/kamer-1990612,"{'Woonkamer': ' Gedeeld ', 'Keuken': ' Gedeeld ', 'Badkamer': ' Gedeeld ', 'Toilet': ' Gedeeld ', 'Internet': ' Ja ', 'Energielabel': ' Onbekend ', 'Huisgenoten': '  1 ', 'Geslacht': ' Man ', 'Huisdieren': ' Nee '}",kamer-1990612.html
Haagweg,in Breda,70 m,,â‚¬ 680,p/m | excl. g/w/e,Gemeubileerd,01-11-2021,Gisteren geplaatst,https://kamernet.nl/huren/studio-breda/haagweg/studio-1990562,"{'Woonkamer': ' Eigen ', 'Keuken': ' Eigen ', 'Badkamer': ' Eigen ', 'Toilet': ' Eigen ', 'Internet': ' Nee ', 'Energielabel': ' Onbekend ', 'Huisdieren': ' Nee '}",studio-1990562.html
Spoorwegstraat,in Arnhem,45 m,Totaal 1 kamer (1 slaapkamer) ,â‚¬ 699,p/m | incl. g/w/e,Gestoffeerd,01-11-2021,9 uur geleden geplaatst,https://kamernet.nl/huren/appartement-arnhem/spoorwegstraat/appartement-1990588,"{'Woonkamer': ' Eigen ', 'Keuken': ' Eigen ', 'Badkamer': ' Eigen ', 'Toilet': ' Eigen ', 'Internet': ' Ja ', 'Energielabel': ' Onbekend ', 'Huisdieren': ' Nee '}",appartement-1990588.html
Van Heusdestraat,in Rotterdam,15 m,Totaal 1 kamer (1 slaapkamer) ,â‚¬ 825,p/m | incl. g/w/e,Gemeubileerd,01-10-2021 tot 31-08-2022,9 uur geleden geplaatst,https://kamernet.nl/huren/studio-rotterdam/van-heusdestraat/studio-1990610,"{'Woonkamer': ' Eigen ', 'Keuken': ' Eigen ', 'Badkamer': ' Eigen ', 'Toilet': ' Eigen ', 'Internet': ' Ja ', 'Energielabel': ' Onbekend ', 'Huisdieren': ' Nee '}",studio-1990610.html
Louis Couperuslaan,in Delft,12 m,,â‚¬ 355,p/m | incl. g/w/e,Gestoffeerd,24-10-2021,Gisteren geplaatst,https://kamernet.nl/huren/kamer-delft/louis-couperuslaan/kamer-1990563,"{'Woonkamer': ' Gedeeld ', 'Keuken': ' Gedeeld ', 'Badkamer': ' Gedeeld ', 'Toilet': ' Gedeeld ', 'Internet': ' Nee ', 'Energielabel': ' Onbekend ', 'Huisgenoten': '  2 ', 'Geslacht': ' Vrouw ', 'Huisdieren': ' Nee '}",kamer-1990563.html
De Heurne,in Enschede,25 m,Totaal 1 kamer (1 slaapkamer) ,â‚¬ 725,p/m | incl. g/w/e,Gemeubileerd,01-10-2021 tot 30-09-2022,9 uur geleden geplaatst,https://kamernet.nl/huren/studio-enschede/de-heurne/studio-1990658,"{'Woonkamer': ' Eigen ', 'Keuken': ' Eigen ', 'Badkamer': ' Eigen ', 'Toilet': ' Eigen ', 'Internet': ' Ja ', 'Energielabel': ' Onbekend ', 'Huisdieren': ' Nee '}",studio-1990658.html
Graanhoeve,in Arnhem,18 m,Totale oppervlakte: 40 m 2,â‚¬ 495,p/m | incl. g/w/e,Gemeubileerd,26-09-2021,10 uur geleden geplaatst,https://kamernet.nl/huren/kamer-arnhem/graanhoeve/kamer-1990506,"{'Woonkamer': ' Gedeeld ', 'Keuken': ' Gedeeld ', 'Badkamer': ' Gedeeld ', 'Toilet': ' Gedeeld ', 'Internet': ' Ja ', 'Energielabel': ' A ', 'Huisgenoten': '  1 ', 'Geslacht': ' Man ', 'Huisdieren': ' Nee '}",kamer-1990506.html
Tweede Wittenburgerdwarsstraat,in Amsterdam,12 m,,â‚¬ 800,p/m | incl. g/w/e,Gemeubileerd,01-10-2021 tot 31-10-2021,10 uur geleden geplaatst,https://kamernet.nl/huren/kamer-amsterdam/tweede-wittenburgerdwarsstraat/kamer-1990518,"{'Woonkamer': ' Gedeeld ', 'Keuken': ' Gedeeld ', 'Badkamer': ' Gedeeld ', 'Toilet': ' Gedeeld ', 'Internet': ' Ja ', 'Energielabel': ' Onbekend ', 'Huisgenoten': '  1 ', 'Geslacht': ' Man ', 'Huisdieren': ' Nee '}",kamer-1990518.html
Mallorcastraat,in Almere,88 m,,â‚¬ 745,p/m | excl. g/w/e,Gemeubileerd,01-09-2021,9 uur geleden geplaatst,https://kamernet.nl/huren/appartement-almere/mallorcastraat/appartement-1990558,"{'Woonkamer': ' Gedeeld ', 'Keuken': ' Gedeeld ', 'Badkamer': ' Gedeeld ', 'Toilet': ' Gedeeld ', 'Internet': ' Ja ', 'Energielabel': ' Onbekend ', 'Huisdieren': ' Nee '}",appartement-1990558.html
Bottemaheerd,in Groningen,32 m,Totaal 2 kamers (1 slaapkamer) ,â‚¬ 750,p/m | excl. g/w/e,Kaal,26-09-2021,9 uur geleden geplaatst,https://kamernet.nl/huren/studio-groningen/bottemaheerd/studio-1990579,"{'Woonkamer': ' Eigen ', 'Keuken': ' Eigen ', 'Badkamer': ' Eigen ', 'Toilet': ' Eigen ', 'Internet': ' Ja ', 'Energielabel': ' D ', 'Huisdieren': ' Nee '}",studio-1990579.html
Bestevaerstraat,in Amsterdam,48 m,Totaal 3 kamers (1 slaapkamer) ,â‚¬ 1000,p/m | incl. g/w/e,Gemeubileerd,01-11-2021 tot 15-12-2021,9 uur geleden geplaatst,https://kamernet.nl/huren/appartement-amsterdam/bestevaerstraat/appartement-1990662,"{'Woonkamer': ' Eigen ', 'Keuken': ' Eigen ', 'Badkamer': ' Eigen ', 'Toilet': ' Eigen ', 'Internet': ' Ja ', 'Energielabel': ' Onbekend ', 'Huisdieren': ' In overleg '}",appartement-1990662.html
Ecrustraat,in Almere,13 m,,â‚¬ 550,p/m | incl. g/w/e,Gestoffeerd,01-10-2021,9 uur geleden geplaatst,https://kamernet.nl/huren/kamer-almere/ecrustraat/kamer-1990638,"{'Woonkamer': ' Gedeeld ', 'Keuken': ' Gedeeld ', 'Badkamer': ' Gedeeld ', 'Toilet': ' Gedeeld ', 'Internet': ' Ja ', 'Energielabel': ' Onbekend ', 'Huisgenoten': '  3 ', 'Geslacht': ' Onbekend ', 'Huisdieren': ' Nee '}",kamer-1990638.html
Domselaerstraat,in Amsterdam,10 m,,â‚¬ 700,p/m | incl. g/w/e,Gemeubileerd,30-09-2021,9 uur geleden geplaatst,https://kamernet.nl/huren/kamer-amsterdam/domselaerstraat/kamer-1990657,"{'Woonkamer': ' Gedeeld ', 'Keuken': ' Gedeeld ', 'Badkamer': ' Gedeeld ', 'Toilet': ' Gedeeld ', 'Internet': ' Ja ', 'Energielabel': ' Onbekend ', 'Huisgenoten': '  Onbekend  ', 'Geslacht': ' Onbekend ', 'Huisdieren': ' Nee '}",kamer-1990657.html
Gijsingstraat,in Rotterdam,25 m,,â‚¬ 800,p/m | incl. g/w/e,Gestoffeerd,01-10-2021,9 uur geleden geplaatst,https://kamernet.nl/huren/appartement-rotterdam/gijsingstraat/appartement-1990640,"{'Woonkamer': ' Geen ', 'Keuken': ' Eigen ', 'Badkamer': ' Eigen ', 'Toilet': ' Eigen ', 'Internet': ' Ja ', 'Energielabel': ' Onbekend ', 'Huisdieren': ' Nee '}",appartement-1990640.html
Duke Ellingtonstraat,in Almere,14 m,,â‚¬ 535,p/m | incl. g/w/e,Gemeubileerd,26-09-2021,10 uur geleden geplaatst,https://kamernet.nl/huren/kamer-almere/duke-ellingtonstraat/kamer-1990529,"{'Woonkamer': ' Gedeeld ', 'Keuken': ' Gedeeld ', 'Badkamer': ' Gedeeld ', 'Toilet': ' Gedeeld ', 'Internet': ' Ja ', 'Energielabel': ' Onbekend ', 'Huisgenoten': '  2 ', 'Geslacht': ' Gemengd ', 'Huisdieren': ' Nee '}",kamer-1990529.html
Coornhertstraat,in Amsterdam,18 m,Totale oppervlakte: 52 m 2,â‚¬ 680,p/m | incl. g/w/e,Gemeubileerd,07-01-2022 tot 07-05-2022,9 uur geleden geplaatst,https://kamernet.nl/huren/kamer-amsterdam/coornhertstraat/kamer-1990648,"{'Woonkamer': ' Geen ', 'Keuken': ' Gedeeld ', 'Badkamer': ' Gedeeld ', 'Toilet': ' Gedeeld ', 'Internet': ' Ja ', 'Energielabel': ' Onbekend ', 'Huisgenoten': '  1 ', 'Geslacht': ' Vrouw ', 'Huisdieren': ' Nee '}",kamer-1990648.html
Baak van Scheveningen,in Amersfoort,130 m,Totaal 3 kamers (1 slaapkamer) ,â‚¬ 1000,p/m | incl. g/w/e,Gemeubileerd,01-10-2021,9 uur geleden geplaatst,https://kamernet.nl/huren/appartement-amersfoort/baak-van-scheveningen/appartement-1990649,"{'Woonkamer': ' Eigen ', 'Keuken': ' Eigen ', 'Badkamer': ' Eigen ', 'Toilet': ' Eigen ', 'Internet': ' Ja ', 'Energielabel': ' A ', 'Huisdieren': ' In overleg '}",appartement-1990649.html
Stuurmankade,in Amsterdam,30 m,Totale oppervlakte: 46 m 2,â‚¬ 950,p/m | incl. g/w/e,Kaal,28-09-2021,9 uur geleden geplaatst,https://kamernet.nl/huren/kamer-amsterdam/stuurmankade/kamer-1990659,"{'Woonkamer': ' Gedeeld ', 'Keuken': ' Gedeeld ', 'Badkamer': ' Gedeeld ', 'Toilet': ' Gedeeld ', 'Internet': ' Ja ', 'Energielabel': ' Onbekend ', 'Huisgenoten': '  1 ', 'Geslacht': ' Man ', 'Huisdieren': ' Nee '}",kamer-1990659.html
Hatertseveldweg,in Nijmegen,14 m,Totale oppervlakte: 49 m 2,â‚¬ 375,p/m | incl. g/w/e,Gestoffeerd,01-11-2021 tot 30-06-2023,3 uur geleden geplaatst,https://kamernet.nl/huren/kamer-nijmegen/hatertseveldweg/kamer-1990749,"{'Woonkamer': ' Geen ', 'Keuken': ' Gedeeld ', 'Badkamer': ' Gedeeld ', 'Toilet': ' Gedeeld ', 'Internet': ' Ja ', 'Energielabel': ' C ', 'Huisgenoten': '  4  ', 'Geslacht': ' Vrouw ', 'Huisdieren': ' Nee '}",kamer-1990749.html
Panweg,in Zeist,60 m,,â‚¬ 950,p/m | incl. g/w/e,Gemeubileerd,01-12-2021 tot 01-02-2022,9 uur geleden geplaatst,https://kamernet.nl/huren/appartement-zeist/panweg/appartement-1990653,"{'Woonkamer': ' Eigen ', 'Keuken': ' Eigen ', 'Badkamer': ' Eigen ', 'Toilet': ' Eigen ', 'Internet': ' Ja ', 'Energielabel': ' Onbekend ', 'Huisdieren': ' Nee '}",appartement-1990653.html
de Gealanden,in Leeuwarden,15 m,,â‚¬ 358,p/m | incl. g/w/e,Gestoffeerd,27-09-2021,9 uur geleden geplaatst,https://kamernet.nl/huren/kamer-leeuwarden/de-gealanden/kamer-1990620,"{'Woonkamer': ' Geen ', 'Keuken': ' Gedeeld ', 'Badkamer': ' Gedeeld ', 'Toilet': ' Gedeeld ', 'Internet': ' Ja ', 'Energielabel': ' Onbekend ', 'Huisgenoten': '  5 ', 'Geslacht': ' Vrouw ', 'Huisdieren': ' Nee '}",kamer-1990620.html
Magelhaenlaan,in Utrecht,18 m,Totale oppervlakte: 14 m 2,â‚¬ 595,p/m | incl. g/w/e,Gestoffeerd,30-09-2021,9 uur geleden geplaatst,https://kamernet.nl/huren/kamer-utrecht/magelhaenlaan/kamer-1990652,"{'Woonkamer': ' Eigen ', 'Keuken': ' Gedeeld ', 'Badkamer': ' Gedeeld ', 'Toilet': ' Gedeeld ', 'Internet': ' Ja ', 'Energielabel': ' Onbekend ', 'Huisgenoten': '  2 ', 'Geslacht': ' Man ', 'Huisdieren': ' Nee '}",kamer-1990652.html
Jacoba van Beierenlaan,in Delft,20 m,,â‚¬ 327,p/m | incl. g/w/e,Gemeubileerd,29-09-2021 tot 06-02-2022,8 uur geleden geplaatst,https://kamernet.nl/huren/kamer-delft/jacoba-van-beierenlaan/kamer-1990668,"{'Woonkamer': ' Gedeeld ', 'Keuken': ' Gedeeld ', 'Badkamer': ' Gedeeld ', 'Toilet': ' Gedeeld ', 'Internet': ' Ja ', 'Energielabel': ' Onbekend ', 'Huisgenoten': '  Meer dan 8 ', 'Geslacht': ' Man ', 'Huisdieren': ' Ja '}",kamer-1990668.html
Surinameplein,in Amsterdam,10 m,Totale oppervlakte: 35 m 2,â‚¬ 550,p/m | incl. g/w/e,Kaal,01-10-2021,7 uur geleden geplaatst,https://kamernet.nl/huren/kamer-amsterdam/surinameplein/kamer-1990696,"{'Woonkamer': ' Geen ', 'Keuken': ' Gedeeld ', 'Badkamer': ' Gedeeld ', 'Toilet': ' Gedeeld ', 'Internet': ' Ja ', 'Energielabel': ' Onbekend ', 'Huisgenoten': '  3 ', 'Geslacht': ' Gemengd ', 'Huisdieren': ' Nee '}",kamer-1990696.html
Ernst Casimirlaan,in Groningen,70 m,Totaal 4 kamers (2 slaapkamers) ,â‚¬ 925,p/m | excl. g/w/e,Gestoffeerd,17-10-2021 tot 17-10-2022,6 uur geleden geplaatst,https://kamernet.nl/huren/appartement-groningen/ernst-casimirlaan/appartement-1990683,"{'Woonkamer': ' Eigen ', 'Keuken': ' Eigen ', 'Badkamer': ' Eigen ', 'Toilet': ' Eigen ', 'Internet': ' Ja ', 'Energielabel': ' B ', 'Huisdieren': ' In overleg '}",appartement-1990683.html
Adrien Mildersstraat,in Rotterdam,15 m,Totale oppervlakte: 103 m 2,â‚¬ 417,p/m | excl. g/w/e,Kaal,01-11-2021,8 uur geleden geplaatst,https://kamernet.nl/huren/kamer-rotterdam/adrien-mildersstraat/kamer-1990675,"{'Woonkamer': ' Gedeeld ', 'Keuken': ' Gedeeld ', 'Badkamer': ' Gedeeld ', 'Toilet': ' Gedeeld ', 'Internet': ' Ja ', 'Energielabel': ' Onbekend ', 'Huisgenoten': '  2 ', 'Geslacht': ' Man ', 'Huisdieren': ' Nee '}",kamer-1990675.html
Maartensdijklaan,in Den Haag,65 m,Totaal 2 kamers (1 slaapkamer) ,â‚¬ 875,p/m | incl. g/w/e,Gemeubileerd,15-10-2021 tot 18-03-2022,6 uur geleden geplaatst,https://kamernet.nl/huren/appartement-den-haag/maartensdijklaan/appartement-1990698,"{'Woonkamer': ' Eigen ', 'Keuken': ' Eigen ', 'Badkamer': ' Eigen ', 'Toilet': ' Eigen ', 'Internet': ' Ja ', 'Energielabel': ' A ', 'Huisdieren': ' Nee '}",appartement-1990698.html
Stationsweg,in Den Haag,25 m,,â‚¬ 600,p/m | incl. g/w/e,Gestoffeerd,27-09-2021,9 uur geleden geplaatst,https://kamernet.nl/huren/kamer-den-haag/stationsweg/kamer-1990644,"{'Woonkamer': ' Eigen ', 'Keuken': ' Gedeeld ', 'Badkamer': ' Gedeeld ', 'Toilet': ' Gedeeld ', 'Internet': ' Ja ', 'Energielabel': ' Onbekend ', 'Huisgenoten': '  Meer dan 8 ', 'Geslacht': ' Gemengd ', 'Huisdieren': ' Nee '}",kamer-1990644.html
Topaasstraat,in Groningen,22 m,,â‚¬ 420,p/m | incl. g/w/e,Gemeubileerd,28-09-2021,7 uur geleden geplaatst,https://kamernet.nl/huren/kamer-groningen/topaasstraat/kamer-1990988,"{'Woonkamer': ' Geen ', 'Keuken': ' Gedeeld ', 'Badkamer': ' Gedeeld ', 'Toilet': ' Gedeeld ', 'Internet': ' Ja ', 'Energielabel': ' Onbekend ', 'Huisgenoten': '  4  ', 'Geslacht': ' Gemengd ', 'Huisdieren': ' Nee '}",kamer-1990988.html
Oeverstraat,in Tilburg,55 m,Totaal 1 kamer,â‚¬ 835,p/m | excl. g/w/e,Gestoffeerd,01-11-2021,13 uur geleden geplaatst,https://kamernet.nl/huren/appartement-tilburg/oeverstraat/appartement-1990884,"{'Woonkamer': ' Onbekend ', 'Keuken': ' Onbekend ', 'Badkamer': ' Onbekend ', 'Toilet': ' Onbekend ', 'Internet': ' Onbekend ', 'Energielabel': ' Onbekend ', 'Huisdieren': ' Nee '}",appartement-1990884.html
Dorpsstraat,in Lunteren,18 m,Totale oppervlakte: 30 m 2,â‚¬ 485,p/m | incl. g/w/e,Gestoffeerd,01-10-2021,15 uur geleden geplaatst,https://kamernet.nl/huren/kamer-lunteren/dorpsstraat/kamer-1990872,"{'Woonkamer': ' Geen ', 'Keuken': ' Gedeeld ', 'Badkamer': ' Gedeeld ', 'Toilet': ' Gedeeld ', 'Internet': ' Ja ', 'Energielabel': ' Onbekend ', 'Huisgenoten': '  4  ', 'Geslacht': ' Gemengd ', 'Huisdieren': ' Nee '}",kamer-1990872.html
Calandhof,in Tilburg,55 m,Totaal 1 kamer,â‚¬ 890,p/m | excl. g/w/e,Gestoffeerd,28-09-2021,13 uur geleden geplaatst,https://kamernet.nl/huren/appartement-tilburg/calandhof/appartement-1990889,"{'Woonkamer': ' Onbekend ', 'Keuken': ' Onbekend ', 'Badkamer': ' Onbekend ', 'Toilet': ' Onbekend ', 'Internet': ' Onbekend ', 'Energielabel': ' Onbekend ', 'Huisdieren': ' Nee '}",appartement-1990889.html
Borneolaan,in Amsterdam,13 m,Totale oppervlakte: 20 m 2,â‚¬ 675,p/m | incl. g/w/e,Gemeubileerd,28-09-2021,11 uur geleden geplaatst,https://kamernet.nl/huren/kamer-amsterdam/borneolaan/kamer-1990921,"{'Woonkamer': ' Geen ', 'Keuken': ' Gedeeld ', 'Badkamer': ' Gedeeld ', 'Toilet': ' Gedeeld ', 'Internet': ' Ja ', 'Energielabel': ' B ', 'Huisgenoten': '  2 ', 'Geslacht': ' Gemengd ', 'Huisdieren': ' Nee '}",kamer-1990921.html
Vechtstraat,in Amsterdam,12 m,Totale oppervlakte: 40 m 2,â‚¬ 520,p/m | incl. g/w/e,Kaal,28-09-2021,11 uur geleden geplaatst,https://kamernet.nl/huren/kamer-amsterdam/vechtstraat/kamer-1990932,"{'Woonkamer': ' Gedeeld ', 'Keuken': ' Gedeeld ', 'Badkamer': ' Gedeeld ', 'Toilet': ' Gedeeld ', 'Internet': ' Ja ', 'Energielabel': ' Onbekend ', 'Huisgenoten': '  1 ', 'Geslacht': ' Vrouw ', 'Huisdieren': ' Nee '}",kamer-1990932.html
Wijngaardplein,in Eindhoven,109 m,Totaal 5 kamers,â‚¬ 1300,p/m | excl. g/w/e,Onbekend,28-09-2021,14 uur geleden geplaatst,https://kamernet.nl/huren/appartement-eindhoven/wijngaardplein/appartement-1990883,"{'Woonkamer': ' Onbekend ', 'Keuken': ' Onbekend ', 'Badkamer': ' Onbekend ', 'Toilet': ' Onbekend ', 'Internet': ' Onbekend ', 'Energielabel': ' Onbekend ', 'Huisdieren': ' Nee '}",appartement-1990883.html
Hermanus Boexstraat,in Eindhoven,28 m,,â‚¬ 895,p/m | excl. g/w/e,Gemeubileerd,01-11-2021,14 uur geleden geplaatst,https://kamernet.nl/huren/studio-eindhoven/hermanus-boexstraat/studio-1990886,"{'Woonkamer': ' Onbekend ', 'Keuken': ' Onbekend ', 'Badkamer': ' Onbekend ', 'Toilet': ' Onbekend ', 'Internet': ' Onbekend ', 'Energielabel': ' Onbekend ', 'Huisdieren': ' Nee '}",studio-1990886.html
Huijsmansstraat,in Tilburg,90 m,Totaal 2 kamers,â‚¬ 995,p/m | excl. g/w/e,Gestoffeerd,01-10-2021,14 uur geleden geplaatst,https://kamernet.nl/huren/appartement-tilburg/huijsmansstraat/appartement-1990885,"{'Woonkamer': ' Onbekend ', 'Keuken': ' Onbekend ', 'Badkamer': ' Onbekend ', 'Toilet': ' Onbekend ', 'Internet': ' Onbekend ', 'Energielabel': ' Onbekend ', 'Huisdieren': ' Nee '}",appartement-1990885.html
Willem Brouwerstraat,in Schiedam,30 m,Totale oppervlakte: 1 m 2,â‚¬ 850,p/m | incl. g/w/e,Gestoffeerd,01-11-2021,13 uur geleden geplaatst,https://kamernet.nl/huren/kamer-schiedam/willem-brouwerstraat/kamer-1990846,"{'Woonkamer': ' Eigen ', 'Keuken': ' Eigen ', 'Badkamer': ' Eigen ', 'Toilet': ' Gedeeld ', 'Internet': ' Ja ', 'Energielabel': ' Onbekend ', 'Huisgenoten': '  Onbekend  ', 'Geslacht': ' Onbekend ', 'Huisdieren': ' Nee '}",kamer-1990846.html
Gale Hamkesstraat,in Leeuwarden,10 m,Totale oppervlakte: 70 m 2,â‚¬ 395,p/m | incl. g/w/e,Gemeubileerd,01-10-2021,13 uur geleden geplaatst,https://kamernet.nl/huren/kamer-leeuwarden/gale-hamkesstraat/kamer-1990875,"{'Woonkamer': ' Gedeeld ', 'Keuken': ' Gedeeld ', 'Badkamer': ' Gedeeld ', 'Toilet': ' Gedeeld ', 'Internet': ' Ja ', 'Energielabel': ' Onbekend ', 'Huisgenoten': '  1 ', 'Geslacht': ' Vrouw ', 'Huisdieren': ' Nee '}",kamer-1990875.html
Mallorcastraat,in Almere,88 m,,â‚¬ 745,p/m | excl. g/w/e,Gemeubileerd,01-09-2021,13 uur geleden geplaatst,https://kamernet.nl/huren/appartement-almere/mallorcastraat/appartement-1990880,"{'Woonkamer': ' Gedeeld ', 'Keuken': ' Gedeeld ', 'Badkamer': ' Gedeeld ', 'Toilet': ' Gedeeld ', 'Internet': ' Ja ', 'Energielabel': ' Onbekend ', 'Huisdieren': ' Nee '}",appartement-1990880.html
Ertskade,in Amsterdam,10 m,,â‚¬ 800,p/m | incl. g/w/e,Kaal,01-10-2021,Gisteren geplaatst,https://kamernet.nl/huren/kamer-amsterdam/ertskade/kamer-1990789,"{'Woonkamer': ' Gedeeld ', 'Keuken': ' Gedeeld ', 'Badkamer': ' Gedeeld ', 'Toilet': ' Gedeeld ', 'Internet': ' Ja ', 'Energielabel': ' Onbekend ', 'Huisgenoten': '  1 ', 'Geslacht': ' Vrouw ', 'Huisdieren': ' Nee '}",kamer-1990789.html
Vondellaan,in IJsselstein,6 m,,â‚¬ 599,p/m | incl. g/w/e,Gemeubileerd,01-11-2021 tot 30-11-2022,13 uur geleden geplaatst,https://kamernet.nl/huren/kamer-ijsselstein/vondellaan/kamer-1990842,"{'Woonkamer': ' Gedeeld ', 'Keuken': ' Gedeeld ', 'Badkamer': ' Gedeeld ', 'Toilet': ' Gedeeld ', 'Internet': ' Ja ', 'Energielabel': ' Onbekend ', 'Huisgenoten': '  3 ', 'Geslacht': ' Gemengd ', 'Huisdieren': ' Nee '}",kamer-1990842.html
Hoefsteeg,in Gouda,91 m,,â‚¬ 1075,p/m | excl. g/w/e,Gestoffeerd,01-12-2021 tot 01-12-2022,Gisteren geplaatst,https://kamernet.nl/huren/appartement-gouda/hoefsteeg/appartement-1990803,"{'Woonkamer': ' Eigen ', 'Keuken': ' Eigen ', 'Badkamer': ' Eigen ', 'Toilet': ' Eigen ', 'Internet': ' Nee ', 'Energielabel': ' Onbekend ', 'Huisdieren': ' Nee '}",appartement-1990803.html
Bloemerstraat,in Nijmegen,12 m,Totale oppervlakte: 24 m 2,â‚¬ 405,p/m | incl. g/w/e,Gestoffeerd,01-11-2021,23 uur geleden geplaatst,https://kamernet.nl/huren/kamer-nijmegen/bloemerstraat/kamer-1990850,"{'Woonkamer': ' Geen ', 'Keuken': ' Gedeeld ', 'Badkamer': ' Gedeeld ', 'Toilet': ' Gedeeld ', 'Internet': ' Ja ', 'Energielabel': ' Onbekend ', 'Huisgenoten': '  Onbekend  ', 'Geslacht': ' Onbekend ', 'Huisdieren': ' Nee '}",kamer-1990850.html
Buikslotermeerplein,in Amsterdam,15 m,,â‚¬ 850,p/m | incl. g/w/e,Gemeubileerd,01-10-2021,7 uur geleden geplaatst,https://kamernet.nl/huren/kamer-amsterdam/buikslotermeerplein/kamer-1990991,"{'Woonkamer': ' Gedeeld ', 'Keuken': ' Gedeeld ', 'Badkamer': ' Gedeeld ', 'Toilet': ' Gedeeld ', 'Internet': ' Ja ', 'Energielabel': ' B ', 'Huisgenoten': '  1 ', 'Geslacht': ' Onbekend ', 'Huisdieren': ' Nee '}",kamer-1990991.html
De Bongenaer,in Nieuwegein,16 m,Totale oppervlakte: 70 m 2,â‚¬ 450,p/m | incl. g/w/e,Gemeubileerd,01-10-2021 tot 28-02-2022,5 uur geleden geplaatst,https://kamernet.nl/huren/kamer-nieuwegein/de-bongenaer/kamer-1991009,"{'Woonkamer': ' Gedeeld ', 'Keuken': ' Gedeeld ', 'Badkamer': ' Gedeeld ', 'Toilet': ' Gedeeld ', 'Internet': ' Ja ', 'Energielabel': ' Onbekend ', 'Huisgenoten': '  1 ', 'Geslacht': ' Gemengd ', 'Huisdieren': ' Nee '}",kamer-1991009.html
Jacobijnenstraat,in Utrecht,25 m,,â‚¬ 1190,p/m | excl. g/w/e,Gemeubileerd,01-10-2021,Gisteren geplaatst,https://kamernet.nl/huren/studio-utrecht/jacobijnenstraat/studio-1990758,"{'Woonkamer': ' Geen ', 'Keuken': ' Gedeeld ', 'Badkamer': ' Gedeeld ', 'Toilet': ' Gedeeld ', 'Internet': ' Nee ', 'Energielabel': ' Onbekend ', 'Huisdieren': ' Nee '}",studio-1990758.html
Coornhertstraat,in Amsterdam,20 m,Totale oppervlakte: 52 m 2,â‚¬ 720,p/m | incl. g/w/e,Gemeubileerd,15-10-2021 tot 28-02-2022,Gisteren geplaatst,https://kamernet.nl/huren/kamer-amsterdam/coornhertstraat/kamer-1990757,"{'Woonkamer': ' Geen ', 'Keuken': ' Gedeeld ', 'Badkamer': ' Gedeeld ', 'Toilet': ' Gedeeld ', 'Internet': ' Ja ', 'Energielabel': ' Onbekend ', 'Huisgenoten': '  1 ', 'Geslacht': ' Vrouw ', 'Huisdieren': ' Nee '}",kamer-1990757.html
Martin Ennalsstraat,in Amsterdam,18 m,Totale oppervlakte: 40 m 2,â‚¬ 720,p/m | incl. g/w/e,Gemeubileerd,27-09-2021,Gisteren geplaatst,https://kamernet.nl/huren/kamer-amsterdam/martin-ennalsstraat/kamer-1990806,"{'Woonkamer': ' Gedeeld ', 'Keuken': ' Gedeeld ', 'Badkamer': ' Gedeeld ', 'Toilet': ' Gedeeld ', 'Internet': ' Ja ', 'Energielabel': ' A ', 'Huisgenoten': '  3 ', 'Geslacht': ' Gemengd ', 'Huisdieren': ' Nee '}",kamer-1990806.html
Kamerlingh Onneslaan,in Amsterdam,16 m,,â‚¬ 680,p/m | incl. g/w/e,Gestoffeerd,01-10-2021,2 uur geleden geplaatst,https://kamernet.nl/huren/kamer-amsterdam/kamerlingh-onneslaan/kamer-1991008,"{'Woonkamer': ' Gedeeld ', 'Keuken': ' Gedeeld ', 'Badkamer': ' Gedeeld ', 'Toilet': ' Gedeeld ', 'Internet': ' Nee ', 'Energielabel': ' Onbekend ', 'Huisgenoten': '  2 ', 'Geslacht': ' Vrouw ', 'Huisdieren': ' Nee '}",kamer-1991008.html
Roerdomplaan,in Aalsmeer,31 m,Totaal 2 kamers (1 slaapkamer) ,â‚¬ 790,p/m | incl. g/w/e,Kaal,01-10-2021 tot 01-10-2022,2 uur geleden geplaatst,https://kamernet.nl/huren/studio-aalsmeer/roerdomplaan/studio-1991022,"{'Woonkamer': ' Eigen ', 'Keuken': ' Eigen ', 'Badkamer': ' Eigen ', 'Toilet': ' Eigen ', 'Internet': ' Ja ', 'Energielabel': ' B ', 'Huisdieren': ' Nee '}",studio-1991022.html
Allersmastraat,in Groningen,20 m,,â‚¬ 670,p/m | incl. g/w/e,Kaal,15-10-2021,2 uur geleden geplaatst,https://kamernet.nl/huren/kamer-groningen/allersmastraat/kamer-1991020,"{'Woonkamer': ' Gedeeld ', 'Keuken': ' Gedeeld ', 'Badkamer': ' Gedeeld ', 'Toilet': ' Gedeeld ', 'Internet': ' Ja ', 'Energielabel': ' Onbekend ', 'Huisgenoten': '  1 ', 'Geslacht': ' Vrouw ', 'Huisdieren': ' Nee '}",kamer-1991020.html
Roerdomplaan,in Aalsmeer,28 m,Totale oppervlakte: 17 m 2,â‚¬ 560,p/m | incl. g/w/e,Gemeubileerd,01-10-2021 tot 01-08-2022,2 uur geleden geplaatst,https://kamernet.nl/huren/kamer-aalsmeer/roerdomplaan/kamer-1991023,"{'Woonkamer': ' Eigen ', 'Keuken': ' Eigen ', 'Badkamer': ' Gedeeld ', 'Toilet': ' Gedeeld ', 'Internet': ' Ja ', 'Energielabel': ' B ', 'Huisgenoten': '  Onbekend  ', 'Geslacht': ' Onbekend ', 'Huisdieren': ' Nee '}",kamer-1991023.html
Jan Olphert Vaillantlaan,in Amsterdam,62 m,,â‚¬ 1200,p/m | incl. g/w/e,Gemeubileerd,01-10-2021,2 uur geleden geplaatst,https://kamernet.nl/huren/kamer-amsterdam/jan-olphert-vaillantlaan/kamer-1991047,"{'Woonkamer': ' Eigen ', 'Keuken': ' Eigen ', 'Badkamer': ' Eigen ', 'Toilet': ' Eigen ', 'Internet': ' Ja ', 'Energielabel': ' Onbekend ', 'Huisgenoten': '  2 ', 'Geslacht': ' Onbekend ', 'Huisdieren': ' Nee '}",kamer-1991047.html
Boterdiep,in Groningen,35 m,,â‚¬ 740,p/m | excl. g/w/e,Gestoffeerd,10-10-2021,2 uur geleden geplaatst,https://kamernet.nl/huren/appartement-groningen/boterdiep/appartement-1991048,"{'Woonkamer': ' Eigen ', 'Keuken': ' Eigen ', 'Badkamer': ' Eigen ', 'Toilet': ' Eigen ', 'Internet': ' Ja ', 'Energielabel': ' A ', 'Huisdieren': ' Nee '}",appartement-1991048.html
Linnaeuslaan,in Aalsmeer,8 m,,â‚¬ 425,p/m | incl. g/w/e,Gemeubileerd,01-10-2021 tot 01-08-2022,8 uur geleden geplaatst,https://kamernet.nl/huren/kamer-aalsmeer/linnaeuslaan/kamer-1990967,"{'Woonkamer': ' Gedeeld ', 'Keuken': ' Gedeeld ', 'Badkamer': ' Gedeeld ', 'Toilet': ' Gedeeld ', 'Internet': ' Ja ', 'Energielabel': ' Onbekend ', 'Huisgenoten': '  2 ', 'Geslacht': ' Gemengd ', 'Huisdieren': ' Nee '}",kamer-1990967.html
Pascalstraat,in Badhoevedorp,10 m,Totale oppervlakte: 16 m 2,â‚¬ 420,p/m | incl. g/w/e,Gemeubileerd,27-09-2021 tot 28-02-2022,Gisteren geplaatst,https://kamernet.nl/huren/kamer-badhoevedorp/pascalstraat/kamer-1990772,"{'Woonkamer': ' Geen ', 'Keuken': ' Gedeeld ', 'Badkamer': ' Gedeeld ', 'Toilet': ' Gedeeld ', 'Internet': ' Ja ', 'Energielabel': ' Onbekend ', 'Huisgenoten': '  4  ', 'Geslacht': ' Gemengd ', 'Huisdieren': ' Nee '}",kamer-1990772.html
Hogewoerd,in Leiden,13 m,,â‚¬ 450,p/m | incl. g/w/e,Kaal,24-10-2021,7 uur geleden geplaatst,https://kamernet.nl/huren/kamer-leiden/hogewoerd/kamer-1990982,"{'Woonkamer': ' Gedeeld ', 'Keuken': ' Gedeeld ', 'Badkamer': ' Gedeeld ', 'Toilet': ' Gedeeld ', 'Internet': ' Ja ', 'Energielabel': ' Onbekend ', 'Huisgenoten': '  5 ', 'Geslacht': ' Gemengd ', 'Huisdieren': ' Nee '}",kamer-1990982.html
Vrouwgeestweg,in Woubrugge,50 m,,â‚¬ 700,p/m | incl. g/w/e,Gestoffeerd,10-10-2021,8 uur geleden geplaatst,https://kamernet.nl/huren/kamer-woubrugge/vrouwgeestweg/kamer-1990904,"{'Woonkamer': ' Onbekend ', 'Keuken': ' Onbekend ', 'Badkamer': ' Onbekend ', 'Toilet': ' Onbekend ', 'Internet': ' Ja ', 'Energielabel': ' Onbekend ', 'Huisgenoten': '  Onbekend  ', 'Geslacht': ' Onbekend ', 'Huisdieren': ' In overleg '}",kamer-1990904.html
Gildemeestersplein,in Arnhem,18 m,Totaal 1 kamer,â‚¬ 475,p/m | incl. g/w/e,Gemeubileerd,28-09-2021,11 uur geleden geplaatst,https://kamernet.nl/huren/appartement-arnhem/gildemeestersplein/appartement-1990934,"{'Woonkamer': ' Onbekend ', 'Keuken': ' Onbekend ', 'Badkamer': ' Onbekend ', 'Toilet': ' Onbekend ', 'Internet': ' Onbekend ', 'Energielabel': ' Onbekend ', 'Huisdieren': ' Nee '}",appartement-1990934.html
Magneetveld,in Almere,16 m,Totale oppervlakte: 25 m 2,â‚¬ 350,p/m | incl. g/w/e,Gemeubileerd,26-09-2021,8 uur geleden geplaatst,https://kamernet.nl/huren/kamer-almere/magneetveld/kamer-1990544,"{'Woonkamer': ' Eigen ', 'Keuken': ' Gedeeld ', 'Badkamer': ' Gedeeld ', 'Toilet': ' Gedeeld ', 'Internet': ' Ja ', 'Energielabel': ' Onbekend ', 'Huisgenoten': '  2 ', 'Geslacht': ' Gemengd ', 'Huisdieren': ' Nee '}",kamer-1990544.html
De Houtmanstraat,in Arnhem,9 m,Totaal 1 kamer,â‚¬ 295,p/m | incl. g/w/e,Gestoffeerd,28-09-2021,11 uur geleden geplaatst,https://kamernet.nl/huren/appartement-arnhem/de-houtmanstraat/appartement-1990935,"{'Woonkamer': ' Onbekend ', 'Keuken': ' Onbekend ', 'Badkamer': ' Onbekend ', 'Toilet': ' Onbekend ', 'Internet': ' Onbekend ', 'Energielabel': ' Onbekend ', 'Huisdieren': ' Nee '}",appartement-1990935.html
Kruisplein,in Rotterdam,50 m,,â‚¬ 1000,p/m | excl. g/w/e,Gemeubileerd,28-09-2021,9 uur geleden geplaatst,https://kamernet.nl/huren/kamer-rotterdam/kruisplein/kamer-1990954,"{'Woonkamer': ' Gedeeld ', 'Keuken': ' Gedeeld ', 'Badkamer': ' Gedeeld ', 'Toilet': ' Gedeeld ', 'Internet': ' Nee ', 'Energielabel': ' Onbekend ', 'Huisgenoten': '  1 ', 'Geslacht': ' Onbekend ', 'Huisdieren': ' Nee '}",kamer-1990954.html
Kruisplein,in Rotterdam,60 m,,â‚¬ 1050,p/m | excl. g/w/e,Gemeubileerd,28-09-2021,9 uur geleden geplaatst,https://kamernet.nl/huren/kamer-rotterdam/kruisplein/kamer-1990955,"{'Woonkamer': ' Gedeeld ', 'Keuken': ' Gedeeld ', 'Badkamer': ' Gedeeld ', 'Toilet': ' Gedeeld ', 'Internet': ' Nee ', 'Energielabel': ' Onbekend ', 'Huisgenoten': '  1 ', 'Geslacht': ' Onbekend ', 'Huisdieren': ' Nee '}",kamer-1990955.html
Roggekamp,in Den Haag,27 m,Totaal 2 kamers (1 slaapkamer) ,â‚¬ 580,p/m | incl. g/w/e,Gestoffeerd,29-09-2021 tot 30-09-2022,20 uur geleden geplaatst,https://kamernet.nl/huren/studio-den-haag/roggekamp/studio-1991096,"{'Woonkamer': ' Eigen ', 'Keuken': ' Eigen ', 'Badkamer': ' Eigen ', 'Toilet': ' Eigen ', 'Internet': ' Ja ', 'Energielabel': ' Onbekend ', 'Huisdieren': ' Nee '}",studio-1991096.html
Reijerscop,in Harmelen,40 m,Totaal 1 kamer (1 slaapkamer) ,â‚¬ 750,p/m | incl. g/w/e,Gemeubileerd,15-10-2021,7 uur geleden geplaatst,https://kamernet.nl/huren/studio-harmelen/reijerscop/studio-1991208,"{'Woonkamer': ' Eigen ', 'Keuken': ' Eigen ', 'Badkamer': ' Eigen ', 'Toilet': ' Eigen ', 'Internet': ' Ja ', 'Energielabel': ' Onbekend ', 'Huisdieren': ' Nee '}",studio-1991208.html
Paul Krugerstraat,in Arnhem,17 m,,â‚¬ 395,p/m | incl. g/w/e,Gestoffeerd,01-10-2021,7 uur geleden geplaatst,https://kamernet.nl/huren/kamer-arnhem/paul-krugerstraat/kamer-1991210,"{'Woonkamer': ' Eigen ', 'Keuken': ' Gedeeld ', 'Badkamer': ' Gedeeld ', 'Toilet': ' Gedeeld ', 'Internet': ' Ja ', 'Energielabel': ' Onbekend ', 'Huisgenoten': '  5 ', 'Geslacht': ' Man ', 'Huisdieren': ' Nee '}",kamer-1991210.html
Amsteldijk,in Amsterdam,12 m,,â‚¬ 650,p/m | incl. g/w/e,Gemeubileerd,01-10-2021 tot 01-12-2021,4 uur geleden geplaatst,https://kamernet.nl/huren/kamer-amsterdam/amsteldijk/kamer-1991243,"{'Woonkamer': ' Eigen ', 'Keuken': ' Gedeeld ', 'Badkamer': ' Gedeeld ', 'Toilet': ' Gedeeld ', 'Internet': ' Ja ', 'Energielabel': ' Onbekend ', 'Huisgenoten': '  1 ', 'Geslacht': ' Man ', 'Huisdieren': ' Nee '}",kamer-1991243.html
van Peltlaan,in Nijmegen,36 m,Totaal 2 kamers (1 slaapkamer) ,â‚¬ 850,p/m | excl. g/w/e,Kaal,01-11-2021,8 uur geleden geplaatst,https://kamernet.nl/huren/appartement-nijmegen/van-peltlaan/appartement-1991157,"{'Woonkamer': ' Eigen ', 'Keuken': ' Eigen ', 'Badkamer': ' Eigen ', 'Toilet': ' Eigen ', 'Internet': ' Nee ', 'Energielabel': ' C ', 'Huisdieren': ' Nee '}",appartement-1991157.html
Hofstraat,in Groningen,50 m,Totaal 1 kamer (1 slaapkamer) ,â‚¬ 1150,p/m | excl. g/w/e,Gestoffeerd,01-11-2021,8 uur geleden geplaatst,https://kamernet.nl/huren/appartement-groningen/hofstraat/appartement-1991156,"{'Woonkamer': ' Eigen ', 'Keuken': ' Eigen ', 'Badkamer': ' Eigen ', 'Toilet': ' Eigen ', 'Internet': ' Nee ', 'Energielabel': ' A ', 'Huisdieren': ' Nee '}",appartement-1991156.html
Stationsstraat,in Maastricht,18 m,,â‚¬ 451,p/m | incl. g/w/e,Kaal,01-10-2021,13 uur geleden geplaatst,https://kamernet.nl/huren/kamer-maastricht/stationsstraat/kamer-1991111,"{'Woonkamer': ' Onbekend ', 'Keuken': ' Onbekend ', 'Badkamer': ' Onbekend ', 'Toilet': ' Onbekend ', 'Internet': ' Ja ', 'Energielabel': ' Onbekend ', 'Huisgenoten': '  Onbekend  ', 'Geslacht': ' Onbekend ', 'Huisdieren': ' Nee '}",kamer-1991111.html
Magneetveld,in Almere,16 m,Totale oppervlakte: 20 m 2,â‚¬ 300,p/m | incl. g/w/e,Gestoffeerd,28-09-2021,13 uur geleden geplaatst,https://kamernet.nl/huren/kamer-almere/magneetveld/kamer-1991095,"{'Woonkamer': ' Eigen ', 'Keuken': ' Gedeeld ', 'Badkamer': ' Gedeeld ', 'Toilet': ' Gedeeld ', 'Internet': ' Ja ', 'Energielabel': ' Onbekend ', 'Huisgenoten': '  2 ', 'Geslacht': ' Gemengd ', 'Huisdieren': ' Nee '}",kamer-1991095.html
de Gealanden,in Leeuwarden,10 m,,â‚¬ 385,p/m | incl. g/w/e,Kaal,01-10-2021,2 uur geleden geplaatst,https://kamernet.nl/huren/kamer-leeuwarden/de-gealanden/kamer-1991225,"{'Woonkamer': ' Geen ', 'Keuken': ' Eigen ', 'Badkamer': ' Gedeeld ', 'Toilet': ' Gedeeld ', 'Internet': ' Ja ', 'Energielabel': ' Onbekend ', 'Huisgenoten': '  6 ', 'Geslacht': ' Gemengd ', 'Huisdieren': ' Nee '}",kamer-1991225.html
Grevelingenstraat,in Deventer,10 m,,â‚¬ 300,p/m | incl. g/w/e,Gestoffeerd,29-09-2021,13 uur geleden geplaatst,https://kamernet.nl/huren/kamer-deventer/grevelingenstraat/kamer-1991108,"{'Woonkamer': ' Geen ', 'Keuken': ' Gedeeld ', 'Badkamer': ' Gedeeld ', 'Toilet': ' Gedeeld ', 'Internet': ' Ja ', 'Energielabel': ' Onbekend ', 'Huisgenoten': '  3 ', 'Geslacht': ' Gemengd ', 'Huisdieren': ' Nee '}",kamer-1991108.html
De Fruittuinen,in Hoofddorp,35 m,,â‚¬ 700,p/m | excl. g/w/e,Gemeubileerd,01-11-2021,1 uur geleden geplaatst,https://kamernet.nl/huren/kamer-hoofddorp/de-fruittuinen/kamer-1991239,"{'Woonkamer': ' Gedeeld ', 'Keuken': ' Gedeeld ', 'Badkamer': ' Gedeeld ', 'Toilet': ' Gedeeld ', 'Internet': ' Ja ', 'Energielabel': ' Onbekend ', 'Huisgenoten': '  3 ', 'Geslacht': ' Onbekend ', 'Huisdieren': ' Nee '}",kamer-1991239.html
Stroyenborchdreef,in Utrecht,12 m,Totaal 1 kamer (1 slaapkamer) ,â‚¬ 390,p/m | incl. g/w/e,Gestoffeerd,01-10-2021,1 uur geleden geplaatst,https://kamernet.nl/huren/appartement-utrecht/stroyenborchdreef/appartement-1991267,"{'Woonkamer': ' Geen ', 'Keuken': ' Gedeeld ', 'Badkamer': ' Gedeeld ', 'Toilet': ' Gedeeld ', 'Internet': ' Ja ', 'Energielabel': ' Onbekend ', 'Huisdieren': ' Nee '}",appartement-1991267.html
de Gealanden,in Leeuwarden,12 m,,â‚¬ 395,p/m | incl. g/w/e,Kaal,01-10-2021,1 uur geleden geplaatst,https://kamernet.nl/huren/kamer-leeuwarden/de-gealanden/kamer-1991231,"{'Woonkamer': ' Geen ', 'Keuken': ' Eigen ', 'Badkamer': ' Gedeeld ', 'Toilet': ' Gedeeld ', 'Internet': ' Ja ', 'Energielabel': ' Onbekend ', 'Huisgenoten': '  6 ', 'Geslacht': ' Gemengd ', 'Huisdieren': ' Nee '}",kamer-1991231.html
Faustdreef,in Utrecht,16 m,Totale oppervlakte: 41 m 2,â‚¬ 700,p/m | incl. g/w/e,Kaal,01-01-2022,1 uur geleden geplaatst,https://kamernet.nl/huren/kamer-utrecht/faustdreef/kamer-1989408,"{'Woonkamer': ' Gedeeld ', 'Keuken': ' Gedeeld ', 'Badkamer': ' Gedeeld ', 'Toilet': ' Gedeeld ', 'Internet': ' Ja ', 'Energielabel': ' Onbekend ', 'Huisgenoten': '  1 ', 'Geslacht': ' Man ', 'Huisdieren': ' Nee '}",kamer-1989408.html
Hilvertsweg,in Hilversum,16 m,,â‚¬ 695,p/m | incl. g/w/e,Gestoffeerd,01-10-2021 tot 01-10-2022,1 uur geleden geplaatst,https://kamernet.nl/huren/studio-hilversum/hilvertsweg/studio-1991262,"{'Woonkamer': ' Eigen ', 'Keuken': ' Eigen ', 'Badkamer': ' Eigen ', 'Toilet': ' Eigen ', 'Internet': ' Ja ', 'Energielabel': ' Onbekend ', 'Huisdieren': ' Nee '}",studio-1991262.html
Alpen Rondweg,in Amstelveen,50 m,,â‚¬ 600,p/m | incl. g/w/e,Gestoffeerd,01-10-2021 tot 31-01-2022,12 uur geleden geplaatst,https://kamernet.nl/huren/appartement-amstelveen/alpen-rondweg/appartement-1991128,"{'Woonkamer': ' Gedeeld ', 'Keuken': ' Gedeeld ', 'Badkamer': ' Gedeeld ', 'Toilet': ' Gedeeld ', 'Internet': ' Ja ', 'Energielabel': ' A ', 'Huisdieren': ' Nee '}",appartement-1991128.html
Leyweg,in Den Haag,20 m,Totale oppervlakte: 125 m 2,â‚¬ 530,p/m | excl. g/w/e,Kaal,01-10-2021,12 uur geleden geplaatst,https://kamernet.nl/huren/kamer-den-haag/leyweg/kamer-1991118,"{'Woonkamer': ' Onbekend ', 'Keuken': ' Onbekend ', 'Badkamer': ' Onbekend ', 'Toilet': ' Onbekend ', 'Internet': ' Onbekend ', 'Energielabel': ' Onbekend ', 'Huisgenoten': '  7 ', 'Geslacht': ' Gemengd ', 'Huisdieren': ' Nee '}",kamer-1991118.html
Vroonhoevelaan,in Alphen aan den Rijn,11 m,,â‚¬ 400,p/m | incl. g/w/e,Gestoffeerd,01-11-2021,23 uur geleden geplaatst,https://kamernet.nl/huren/kamer-alphen-aan-den-rijn/vroonhoevelaan/kamer-1991085,"{'Woonkamer': ' Gedeeld ', 'Keuken': ' Gedeeld ', 'Badkamer': ' Gedeeld ', 'Toilet': ' Gedeeld ', 'Internet': ' Ja ', 'Energielabel': ' B ', 'Huisgenoten': '  Geen ', 'Geslacht': ' Onbekend ', 'Huisdieren': ' Ja '}",kamer-1991085.html
1e Pijnackerstraat,in Rotterdam,16 m,Totale oppervlakte: 25 m 2,â‚¬ 1100,p/m | incl. g/w/e,Gemeubileerd,29-09-2021,8 uur geleden geplaatst,https://kamernet.nl/huren/kamer-rotterdam/1e-pijnackerstraat/kamer-1991141,"{'Woonkamer': ' Geen ', 'Keuken': ' Eigen ', 'Badkamer': ' Gedeeld ', 'Toilet': ' Gedeeld ', 'Internet': ' Ja ', 'Energielabel': ' Onbekend ', 'Huisgenoten': '  1 ', 'Geslacht': ' Gemengd ', 'Huisdieren': ' Nee '}",kamer-1991141.html
Meijhorst,in Nijmegen,20 m,Totaal 1 kamer (1 slaapkamer) ,â‚¬ 595,p/m | excl. g/w/e,Gestoffeerd,01-10-2021,13 uur geleden geplaatst,https://kamernet.nl/huren/studio-nijmegen/meijhorst/studio-1991104,"{'Woonkamer': ' Eigen ', 'Keuken': ' Eigen ', 'Badkamer': ' Eigen ', 'Toilet': ' Eigen ', 'Internet': ' Ja ', 'Energielabel': ' Onbekend ', 'Huisdieren': ' Nee '}",studio-1991104.html
Opaalstraat,in Leiden,23 m,,â‚¬ 579,p/m | incl. g/w/e,Gestoffeerd,01-10-2021,1 uur geleden geplaatst,https://kamernet.nl/huren/kamer-leiden/opaalstraat/kamer-1991238,"{'Woonkamer': ' Eigen ', 'Keuken': ' Gedeeld ', 'Badkamer': ' Gedeeld ', 'Toilet': ' Gedeeld ', 'Internet': ' Ja ', 'Energielabel': ' Onbekend ', 'Huisgenoten': '  Meer dan 8 ', 'Geslacht': ' Gemengd ', 'Huisdieren': ' Nee '}",kamer-1991238.html
